  0.0	  5.0	0.71357	0.00251
  5.0	 10.0	0.86230	0.00151
 10.0	 15.0	0.91253	0.00113
 15.0	 20.0	0.92908	0.00097
 20.0	 25.0	0.93375	0.00092
 25.0	 30.0	0.93106	0.00093
 30.0	 35.0	0.92160	0.00100
 35.0	 40.0	0.90541	0.00112
 40.0	 45.0	0.88014	0.00129
 45.0	 50.0	0.84315	0.00152
 50.0	 55.0	0.79643	0.00185
 55.0	 60.0	0.73029	0.00232
 60.0	 65.0	0.64641	0.00299
 65.0	 70.0	0.53167	0.00386
 70.0	 75.0	0.42299	0.00557
 75.0	 80.0	0.29381	0.00735
 80.0	 85.0	0.20613	0.01088
 85.0	 90.0	0.13632	0.01603
 90.0	 95.0	0.10825	0.03301
 95.0	100.0	0.03803	0.12476
