  0.0	  2.0	0.63861	0.00492
  2.0	  4.0	0.73987	0.00373
  4.0	  6.0	0.81278	0.00295
  6.0	  8.0	0.85544	0.00245
  8.0	 10.0	0.88632	0.00213
 10.0	 12.0	0.90432	0.00190
 12.0	 14.0	0.91655	0.00174
 14.0	 16.0	0.92251	0.00163
 16.0	 18.0	0.92867	0.00154
 18.0	 20.0	0.93204	0.00149
 20.0	 22.0	0.93366	0.00148
 22.0	 24.0	0.93410	0.00145
 24.0	 26.0	0.93302	0.00146
 26.0	 28.0	0.93179	0.00148
 28.0	 30.0	0.92947	0.00148
 30.0	 32.0	0.92493	0.00153
 32.0	 34.0	0.92060	0.00159
 34.0	 36.0	0.91484	0.00165
 36.0	 38.0	0.90899	0.00175
 38.0	 40.0	0.89824	0.00184
 40.0	 42.0	0.88989	0.00195
 42.0	 44.0	0.87613	0.00206
 44.0	 46.0	0.86469	0.00220
 46.0	 48.0	0.84817	0.00237
 48.0	 50.0	0.82906	0.00253
 50.0	 52.0	0.81393	0.00277
 52.0	 54.0	0.78971	0.00298
 54.0	 56.0	0.76829	0.00326
 56.0	 58.0	0.74088	0.00362
 58.0	 60.0	0.70302	0.00389
 60.0	 62.0	0.67764	0.00438
 62.0	 64.0	0.63768	0.00493
 64.0	 66.0	0.59109	0.00534
 66.0	 68.0	0.53680	0.00590
 68.0	 70.0	0.49746	0.00668
 70.0	 72.0	0.44882	0.00765
 72.0	 74.0	0.42582	0.01002
 74.0	 76.0	0.36181	0.01057
 76.0	 78.0	0.29969	0.01142
 78.0	 80.0	0.24863	0.01171
 80.0	 82.0	0.21647	0.01596
 82.0	 84.0	0.19913	0.01744
 84.0	 86.0	0.18973	0.02468
 86.0	 88.0	0.12841	0.02166
 88.0	 90.0	0.10843	0.02619
 90.0	 92.0	0.13774	0.03507
 92.0	 94.0	0.07622	0.16140
 94.0	 96.0	0.02442	0.13964
 96.0	 98.0	0.10609	0.12489
 98.0	100.0	0.04556	0.35925
