  0.0	  1.0	0.61040	0.00734
  1.0	  2.0	0.66549	0.00662
  2.0	  3.0	0.71791	0.00566
  3.0	  4.0	0.76131	0.00495
  4.0	  5.0	0.79840	0.00442
  5.0	  6.0	0.82704	0.00396
  6.0	  7.0	0.84514	0.00359
  7.0	  8.0	0.86575	0.00335
  8.0	  9.0	0.88228	0.00311
  9.0	 10.0	0.89039	0.00291
 10.0	 11.0	0.89969	0.00276
 11.0	 12.0	0.90893	0.00261
 12.0	 13.0	0.91289	0.00252
 13.0	 14.0	0.92022	0.00240
 14.0	 15.0	0.92106	0.00233
 15.0	 16.0	0.92397	0.00227
 16.0	 17.0	0.92941	0.00220
 17.0	 18.0	0.92794	0.00217
 18.0	 19.0	0.92976	0.00213
 19.0	 20.0	0.93428	0.00210
 20.0	 21.0	0.93414	0.00211
 21.0	 22.0	0.93319	0.00207
 22.0	 23.0	0.93433	0.00206
 23.0	 24.0	0.93387	0.00204
 24.0	 25.0	0.93325	0.00206
 25.0	 26.0	0.93278	0.00206
 26.0	 27.0	0.93251	0.00208
 27.0	 28.0	0.93108	0.00209
 28.0	 29.0	0.93164	0.00209
 29.0	 30.0	0.92731	0.00211
 30.0	 31.0	0.92593	0.00214
 31.0	 32.0	0.92393	0.00220
 32.0	 33.0	0.92262	0.00223
 33.0	 34.0	0.91855	0.00228
 34.0	 35.0	0.91701	0.00230
 35.0	 36.0	0.91266	0.00237
 36.0	 37.0	0.91146	0.00246
 37.0	 38.0	0.90650	0.00250
 38.0	 39.0	0.90271	0.00258
 39.0	 40.0	0.89373	0.00262
 40.0	 41.0	0.89380	0.00271
 41.0	 42.0	0.88594	0.00281
 42.0	 43.0	0.87930	0.00288
 43.0	 44.0	0.87296	0.00295
 44.0	 45.0	0.86855	0.00307
 45.0	 46.0	0.86087	0.00316
 46.0	 47.0	0.85092	0.00330
 47.0	 48.0	0.84548	0.00341
 48.0	 49.0	0.83298	0.00350
 49.0	 50.0	0.82508	0.00367
 50.0	 51.0	0.82061	0.00386
 51.0	 52.0	0.80715	0.00397
 52.0	 53.0	0.79382	0.00414
 53.0	 54.0	0.78568	0.00430
 54.0	 55.0	0.77451	0.00449
 55.0	 56.0	0.76204	0.00473
 56.0	 57.0	0.74334	0.00498
 57.0	 58.0	0.73854	0.00527
 58.0	 59.0	0.71550	0.00542
 59.0	 60.0	0.69023	0.00558
 60.0	 61.0	0.68404	0.00599
 61.0	 62.0	0.67123	0.00642
 62.0	 63.0	0.64413	0.00673
 63.0	 64.0	0.63129	0.00723
 64.0	 65.0	0.59743	0.00723
 65.0	 66.0	0.58498	0.00790
 66.0	 67.0	0.53380	0.00779
 67.0	 68.0	0.54116	0.00903
 68.0	 69.0	0.50305	0.00909
 69.0	 70.0	0.49190	0.00983
 70.0	 71.0	0.45337	0.01017
 71.0	 72.0	0.44468	0.01158
 72.0	 73.0	0.43759	0.01361
 73.0	 74.0	0.41361	0.01480
 74.0	 75.0	0.36424	0.01369
 75.0	 76.0	0.36078	0.01656
 76.0	 77.0	0.29879	0.01534
 77.0	 78.0	0.30089	0.01709
 78.0	 79.0	0.26643	0.01675
 79.0	 80.0	0.22996	0.01636
 80.0	 81.0	0.21050	0.01977
 81.0	 82.0	0.22504	0.02672
 82.0	 83.0	0.21941	0.02669
 83.0	 84.0	0.17742	0.02277
 84.0	 85.0	0.19262	0.02854
 85.0	 86.0	0.19052	0.04750
 86.0	 87.0	0.13585	0.02733
 87.0	 88.0	0.11919	0.03551
 88.0	 89.0	0.11088	0.03237
 89.0	 90.0	0.10599	0.04461
 90.0	 91.0	0.08510	0.05658
 91.0	 92.0	0.19348	0.08913
 92.0	 93.0	0.07655	0.28977
 93.0	 94.0	0.06670	0.26077
 94.0	 95.0	0.10478	0.15047
 95.0	 96.0	0.03856	0.14353
 96.0	 97.0	0.09839	0.12952
 97.0	 98.0	0.09450	0.22549
 98.0	 99.0	0.00375	0.74911
 99.0	100.0	0.18098	0.77874
