  0.0	  1.0	0.64152	0.00601
  1.0	  2.0	0.66498	0.00603
  2.0	  3.0	0.66708	0.00577
  3.0	  4.0	0.67391	0.00554
  4.0	  5.0	0.67709	0.00559
  5.0	  6.0	0.67756	0.00552
  6.0	  7.0	0.68739	0.00561
  7.0	  8.0	0.68778	0.00547
  8.0	  9.0	0.68130	0.00546
  9.0	 10.0	0.67207	0.00544
 10.0	 11.0	0.68087	0.00552
 11.0	 12.0	0.67259	0.00541
 12.0	 13.0	0.67424	0.00540
 13.0	 14.0	0.67242	0.00551
 14.0	 15.0	0.67504	0.00558
 15.0	 16.0	0.66525	0.00556
 16.0	 17.0	0.65654	0.00559
 17.0	 18.0	0.66902	0.00570
 18.0	 19.0	0.64895	0.00560
 19.0	 20.0	0.65309	0.00566
 20.0	 21.0	0.63797	0.00567
 21.0	 22.0	0.64493	0.00582
 22.0	 23.0	0.64267	0.00586
 23.0	 24.0	0.63075	0.00596
 24.0	 25.0	0.63132	0.00600
 25.0	 26.0	0.62131	0.00596
 26.0	 27.0	0.61623	0.00609
 27.0	 28.0	0.62029	0.00629
 28.0	 29.0	0.60469	0.00624
 29.0	 30.0	0.59450	0.00637
 30.0	 31.0	0.59106	0.00646
 31.0	 32.0	0.58581	0.00661
 32.0	 33.0	0.57549	0.00666
 33.0	 34.0	0.56681	0.00669
 34.0	 35.0	0.56181	0.00683
 35.0	 36.0	0.54087	0.00690
 36.0	 37.0	0.53754	0.00702
 37.0	 38.0	0.53648	0.00738
 38.0	 39.0	0.52480	0.00742
 39.0	 40.0	0.51723	0.00769
 40.0	 41.0	0.50045	0.00761
 41.0	 42.0	0.47988	0.00777
 42.0	 43.0	0.48955	0.00856
 43.0	 44.0	0.47163	0.00856
 44.0	 45.0	0.46267	0.00899
 45.0	 46.0	0.44329	0.00886
 46.0	 47.0	0.42911	0.00878
 47.0	 48.0	0.41740	0.00931
 48.0	 49.0	0.40158	0.00968
 49.0	 50.0	0.38570	0.01016
 50.0	 51.0	0.38086	0.01079
 51.0	 52.0	0.36325	0.01118
 52.0	 53.0	0.36498	0.01255
 53.0	 54.0	0.32734	0.01084
 54.0	 55.0	0.31963	0.01305
 55.0	 56.0	0.29375	0.01354
 56.0	 57.0	0.29821	0.01382
 57.0	 58.0	0.29272	0.01556
 58.0	 59.0	0.26877	0.01725
 59.0	 60.0	0.23479	0.01599
 60.0	 61.0	0.21794	0.01628
 61.0	 62.0	0.21861	0.02065
 62.0	 63.0	0.23170	0.02678
 63.0	 64.0	0.18384	0.02073
 64.0	 65.0	0.19218	0.02279
 65.0	 66.0	0.14432	0.02859
 66.0	 67.0	0.14234	0.02458
 67.0	 68.0	0.21729	0.10871
 68.0	 69.0	0.08324	0.02140
 69.0	 70.0	0.05271	0.02013
 70.0	 71.0	0.05534	0.03143
 71.0	 72.0	0.07441	0.03324
 72.0	 73.0	0.02954	0.03812
 73.0	 74.0	0.19251	0.59134
 74.0	 75.0	0.16109	0.08893
 75.0	 76.0	0.01715	0.04011
 76.0	 77.0	0.01324	0.05173
 77.0	 78.0	0.02845	0.04174
 78.0	 79.0	0.02146	0.05773
 79.0	 80.0	0.00445	0.22139
 80.0	 81.0	0.08909	0.08156
 81.0	 82.0	0.06802	0.08623
 82.0	 83.0	0.00771	0.05045
 83.0	 84.0	0.02287	0.03988
 84.0	 85.0	0.00756	0.04529
 85.0	 86.0	0.01375	0.04287
 86.0	 87.0	0.07534	0.12850
 87.0	 88.0	0.06342	0.15619
 88.0	 89.0	0.04019	0.14476
 89.0	 90.0	0.79780	65.12635
 90.0	 91.0	0.04223	0.10610
 91.0	 92.0	0.08623	0.10352
 92.0	 93.0	0.10334	0.18043
 93.0	 94.0	0.09328	0.09729
 94.0	 95.0	0.18118	0.13593
 95.0	 96.0	0.10714	0.13260
 96.0	 97.0	0.04276	0.11254
 97.0	 98.0	0.32619	0.56403
 98.0	 99.0	0.05840	0.50128
 99.0	100.0	1.18335	63.81954
