  0.0	  5.0	0.66503	0.00258
  5.0	 10.0	0.68119	0.00246
 10.0	 15.0	0.67502	0.00245
 15.0	 20.0	0.65856	0.00251
 20.0	 25.0	0.63756	0.00262
 25.0	 30.0	0.61145	0.00277
 30.0	 35.0	0.57632	0.00297
 35.0	 40.0	0.53139	0.00325
 40.0	 45.0	0.48084	0.00369
 45.0	 50.0	0.41599	0.00417
 50.0	 55.0	0.35147	0.00518
 55.0	 60.0	0.27843	0.00673
 60.0	 65.0	0.20835	0.00925
 65.0	 70.0	0.11567	0.01163
 70.0	 75.0	0.10408	0.03252
 75.0	 80.0	0.00856	0.07346
 80.0	 85.0	0.03786	0.05297
 85.0	 90.0	0.05400	0.06141
 90.0	 95.0	0.02132	0.10884
 95.0	100.0	0.02627	0.24989
