  0.0	  2.0	0.65331	0.00425
  2.0	  4.0	0.67049	0.00399
  4.0	  6.0	0.67732	0.00393
  6.0	  8.0	0.68755	0.00392
  8.0	 10.0	0.67669	0.00386
 10.0	 12.0	0.67671	0.00386
 12.0	 14.0	0.67333	0.00386
 14.0	 16.0	0.67016	0.00394
 16.0	 18.0	0.66275	0.00399
 18.0	 20.0	0.65102	0.00398
 20.0	 22.0	0.64142	0.00406
 22.0	 24.0	0.63675	0.00418
 24.0	 26.0	0.62634	0.00423
 26.0	 28.0	0.61821	0.00437
 28.0	 30.0	0.59961	0.00446
 30.0	 32.0	0.58845	0.00462
 32.0	 34.0	0.57121	0.00472
 34.0	 36.0	0.55141	0.00486
 36.0	 38.0	0.53695	0.00509
 38.0	 40.0	0.52105	0.00534
 40.0	 42.0	0.49030	0.00544
 42.0	 44.0	0.48065	0.00605
 44.0	 46.0	0.45299	0.00631
 46.0	 48.0	0.42324	0.00639
 48.0	 50.0	0.39392	0.00701
 50.0	 52.0	0.37222	0.00776
 52.0	 54.0	0.34537	0.00822
 54.0	 56.0	0.30705	0.00940
 56.0	 58.0	0.29532	0.01034
 58.0	 60.0	0.25181	0.01174
 60.0	 62.0	0.21768	0.01281
 62.0	 64.0	0.20662	0.01651
 64.0	 66.0	0.16998	0.01781
 66.0	 68.0	0.15950	0.02645
 68.0	 70.0	0.06904	0.01407
 70.0	 72.0	0.06541	0.02300
 72.0	 74.0	0.07405	0.05463
 74.0	 76.0	0.07271	0.03561
 76.0	 78.0	0.01885	0.02881
 78.0	 80.0	0.01595	0.04395
 80.0	 82.0	0.03083	0.09112
 82.0	 84.0	0.03355	0.04920
 84.0	 86.0	0.00694	0.02236
 86.0	 88.0	0.07469	0.09780
 88.0	 90.0	0.06753	0.16277
 90.0	 92.0	0.05372	0.06486
 92.0	 94.0	0.00334	0.06053
 94.0	 96.0	0.21276	0.42888
 96.0	 98.0	0.06091	0.08449
 98.0	100.0	0.08163	0.32894
