  0.0	  2.0	0.50034	0.00374
  2.0	  4.0	0.61436	0.00287
  4.0	  6.0	0.69944	0.00231
  6.0	  8.0	0.76091	0.00194
  8.0	 10.0	0.80049	0.00170
 10.0	 12.0	0.82357	0.00152
 12.0	 14.0	0.84317	0.00141
 14.0	 16.0	0.85505	0.00132
 16.0	 18.0	0.86093	0.00126
 18.0	 20.0	0.86816	0.00122
 20.0	 22.0	0.86954	0.00119
 22.0	 24.0	0.86924	0.00119
 24.0	 26.0	0.86596	0.00120
 26.0	 28.0	0.86497	0.00122
 28.0	 30.0	0.85978	0.00124
 30.0	 32.0	0.85319	0.00127
 32.0	 34.0	0.84406	0.00134
 34.0	 36.0	0.83707	0.00138
 36.0	 38.0	0.82407	0.00144
 38.0	 40.0	0.81161	0.00152
 40.0	 42.0	0.79722	0.00161
 42.0	 44.0	0.78178	0.00171
 44.0	 46.0	0.76087	0.00183
 46.0	 48.0	0.73910	0.00195
 48.0	 50.0	0.71354	0.00207
 50.0	 52.0	0.68923	0.00220
 52.0	 54.0	0.65851	0.00238
 54.0	 56.0	0.62962	0.00256
 56.0	 58.0	0.59220	0.00275
 58.0	 60.0	0.55225	0.00298
 60.0	 62.0	0.52107	0.00328
 62.0	 64.0	0.47792	0.00354
 64.0	 66.0	0.43193	0.00392
 66.0	 68.0	0.39594	0.00428
 68.0	 70.0	0.35466	0.00482
 70.0	 72.0	0.31254	0.00549
 72.0	 74.0	0.27376	0.00608
 74.0	 76.0	0.23575	0.00687
 76.0	 78.0	0.18751	0.00790
 78.0	 80.0	0.17351	0.00921
 80.0	 82.0	0.12844	0.01022
 82.0	 84.0	0.08465	0.01462
 84.0	 86.0	0.06093	0.01301
 86.0	 88.0	0.09876	0.02894
 88.0	 90.0	0.04210	0.05382
 90.0	 92.0	0.02635	0.04166
 92.0	 94.0	0.04356	0.03885
 94.0	 96.0	0.05928	0.03239
 96.0	 98.0	0.19256	0.22604
 98.0	100.0	0.01804	0.36494
