  0.0	  1.0	0.47050	0.00564
  1.0	  2.0	0.52834	0.00498
  2.0	  3.0	0.58891	0.00433
  3.0	  4.0	0.63872	0.00382
  4.0	  5.0	0.67781	0.00344
  5.0	  6.0	0.72041	0.00311
  6.0	  7.0	0.74933	0.00286
  7.0	  8.0	0.77242	0.00264
  8.0	  9.0	0.79409	0.00249
  9.0	 10.0	0.80683	0.00231
 10.0	 11.0	0.81711	0.00221
 11.0	 12.0	0.82997	0.00209
 12.0	 13.0	0.83874	0.00202
 13.0	 14.0	0.84759	0.00197
 14.0	 15.0	0.85402	0.00190
 15.0	 16.0	0.85610	0.00182
 16.0	 17.0	0.85846	0.00180
 17.0	 18.0	0.86341	0.00177
 18.0	 19.0	0.86774	0.00174
 19.0	 20.0	0.86858	0.00170
 20.0	 21.0	0.86811	0.00169
 21.0	 22.0	0.87096	0.00168
 22.0	 23.0	0.87036	0.00168
 23.0	 24.0	0.86811	0.00168
 24.0	 25.0	0.86436	0.00171
 25.0	 26.0	0.86756	0.00169
 26.0	 27.0	0.86677	0.00170
 27.0	 28.0	0.86319	0.00173
 28.0	 29.0	0.85991	0.00174
 29.0	 30.0	0.85965	0.00176
 30.0	 31.0	0.85681	0.00178
 31.0	 32.0	0.84955	0.00182
 32.0	 33.0	0.84493	0.00187
 33.0	 34.0	0.84318	0.00191
 34.0	 35.0	0.83870	0.00192
 35.0	 36.0	0.83544	0.00198
 36.0	 37.0	0.82682	0.00202
 37.0	 38.0	0.82130	0.00207
 38.0	 39.0	0.81482	0.00214
 39.0	 40.0	0.80837	0.00216
 40.0	 41.0	0.80348	0.00223
 41.0	 42.0	0.79086	0.00232
 42.0	 43.0	0.78686	0.00238
 43.0	 44.0	0.77670	0.00245
 44.0	 45.0	0.76481	0.00256
 45.0	 46.0	0.75695	0.00261
 46.0	 47.0	0.74238	0.00271
 47.0	 48.0	0.73586	0.00280
 48.0	 49.0	0.72308	0.00288
 49.0	 50.0	0.70377	0.00299
 50.0	 51.0	0.69731	0.00306
 51.0	 52.0	0.68097	0.00317
 52.0	 53.0	0.66365	0.00330
 53.0	 54.0	0.65340	0.00344
 54.0	 55.0	0.63856	0.00355
 55.0	 56.0	0.62054	0.00369
 56.0	 57.0	0.60024	0.00380
 57.0	 58.0	0.58406	0.00399
 58.0	 59.0	0.56117	0.00412
 59.0	 60.0	0.54312	0.00430
 60.0	 61.0	0.53478	0.00455
 61.0	 62.0	0.50693	0.00474
 62.0	 63.0	0.48507	0.00487
 63.0	 64.0	0.47069	0.00516
 64.0	 65.0	0.44565	0.00545
 65.0	 66.0	0.41787	0.00564
 66.0	 67.0	0.40217	0.00595
 67.0	 68.0	0.38967	0.00616
 68.0	 69.0	0.36641	0.00669
 69.0	 70.0	0.34260	0.00695
 70.0	 71.0	0.31410	0.00730
 71.0	 72.0	0.31160	0.00831
 72.0	 73.0	0.27521	0.00813
 73.0	 74.0	0.27266	0.00914
 74.0	 75.0	0.23800	0.00944
 75.0	 76.0	0.23329	0.01003
 76.0	 77.0	0.18483	0.01032
 77.0	 78.0	0.19136	0.01227
 78.0	 79.0	0.17344	0.01243
 79.0	 80.0	0.17362	0.01372
 80.0	 81.0	0.15171	0.01513
 81.0	 82.0	0.10478	0.01423
 82.0	 83.0	0.07395	0.01833
 83.0	 84.0	0.09789	0.02384
 84.0	 85.0	0.08805	0.01736
 85.0	 86.0	0.02682	0.01988
 86.0	 87.0	0.11094	0.04746
 87.0	 88.0	0.08769	0.03612
 88.0	 89.0	0.05566	0.04472
 89.0	 90.0	0.03723	0.16685
 90.0	 91.0	0.04905	0.03831
 91.0	 92.0	0.05571	0.04269
 92.0	 93.0	0.04286	0.04162
 93.0	 94.0	0.04578	0.08708
 94.0	 95.0	0.08090	0.04987
 95.0	 96.0	0.02694	0.07903
 96.0	 97.0	0.29552	0.17696
 97.0	 98.0	0.16234	0.26477
 98.0	 99.0	0.07188	0.10218
 99.0	100.0	0.44883	0.41978
