  0.0	  5.0	0.58588	0.00194
  5.0	 10.0	0.76937	0.00120
 10.0	 15.0	0.83758	0.00091
 15.0	 20.0	0.86288	0.00079
 20.0	 25.0	0.86839	0.00076
 25.0	 30.0	0.86342	0.00077
 30.0	 35.0	0.84665	0.00083
 35.0	 40.0	0.82140	0.00093
 40.0	 45.0	0.78466	0.00107
 45.0	 50.0	0.73266	0.00125
 50.0	 55.0	0.66706	0.00148
 55.0	 60.0	0.58246	0.00178
 60.0	 65.0	0.48972	0.00221
 65.0	 70.0	0.38465	0.00279
 70.0	 75.0	0.28345	0.00374
 75.0	 80.0	0.19259	0.00514
 80.0	 85.0	0.10601	0.00747
 85.0	 90.0	0.06321	0.01514
 90.0	 95.0	0.00658	0.12766
 95.0	100.0	0.05389	0.07968
