  0.0	  5.0	0.52000	0.00203
  5.0	 10.0	0.52670	0.00192
 10.0	 15.0	0.51810	0.00193
 15.0	 20.0	0.50629	0.00198
 20.0	 25.0	0.48240	0.00207
 25.0	 30.0	0.45703	0.00219
 30.0	 35.0	0.42606	0.00234
 35.0	 40.0	0.38436	0.00255
 40.0	 45.0	0.34608	0.00292
 45.0	 50.0	0.29369	0.00336
 50.0	 55.0	0.23818	0.00396
 55.0	 60.0	0.18190	0.00499
 60.0	 65.0	0.14162	0.00760
 65.0	 70.0	0.07105	0.01019
 70.0	 75.0	0.08068	0.02424
 75.0	 80.0	0.06936	0.14560
 80.0	 85.0	0.02739	0.03188
 85.0	 90.0	0.08921	0.19996
 90.0	 95.0	0.05577	0.22755
 95.0	100.0	0.08918	0.05425
