  0.0	  1.0	0.51361	0.00484
  1.0	  2.0	0.51312	0.00472
  2.0	  3.0	0.52231	0.00446
  3.0	  4.0	0.52127	0.00435
  4.0	  5.0	0.52987	0.00434
  5.0	  6.0	0.52886	0.00435
  6.0	  7.0	0.52414	0.00428
  7.0	  8.0	0.53390	0.00432
  8.0	  9.0	0.52775	0.00430
  9.0	 10.0	0.51893	0.00423
 10.0	 11.0	0.52141	0.00427
 11.0	 12.0	0.51989	0.00426
 12.0	 13.0	0.52138	0.00434
 13.0	 14.0	0.51484	0.00432
 14.0	 15.0	0.51292	0.00434
 15.0	 16.0	0.52132	0.00442
 16.0	 17.0	0.50903	0.00440
 17.0	 18.0	0.50278	0.00437
 18.0	 19.0	0.49978	0.00445
 19.0	 20.0	0.49846	0.00445
 20.0	 21.0	0.49538	0.00461
 21.0	 22.0	0.49230	0.00457
 22.0	 23.0	0.47732	0.00460
 23.0	 24.0	0.47444	0.00470
 24.0	 25.0	0.47219	0.00469
 25.0	 26.0	0.47085	0.00480
 26.0	 27.0	0.46448	0.00487
 27.0	 28.0	0.45963	0.00493
 28.0	 29.0	0.44660	0.00494
 29.0	 30.0	0.44302	0.00501
 30.0	 31.0	0.44546	0.00509
 31.0	 32.0	0.43113	0.00519
 32.0	 33.0	0.42186	0.00518
 33.0	 34.0	0.42254	0.00545
 34.0	 35.0	0.40877	0.00531
 35.0	 36.0	0.39470	0.00541
 36.0	 37.0	0.39458	0.00560
 37.0	 38.0	0.38167	0.00563
 38.0	 39.0	0.38068	0.00591
 39.0	 40.0	0.36971	0.00603
 40.0	 41.0	0.36402	0.00617
 41.0	 42.0	0.36151	0.00646
 42.0	 43.0	0.34853	0.00647
 43.0	 44.0	0.33647	0.00678
 44.0	 45.0	0.31789	0.00678
 45.0	 46.0	0.31764	0.00722
 46.0	 47.0	0.29970	0.00722
 47.0	 48.0	0.29266	0.00750
 48.0	 49.0	0.27243	0.00744
 49.0	 50.0	0.28525	0.00838
 50.0	 51.0	0.25405	0.00808
 51.0	 52.0	0.24734	0.00867
 52.0	 53.0	0.23908	0.00890
 53.0	 54.0	0.21871	0.00891
 54.0	 55.0	0.23076	0.01010
 55.0	 56.0	0.21270	0.01036
 56.0	 57.0	0.19811	0.01075
 57.0	 58.0	0.18517	0.01109
 58.0	 59.0	0.15827	0.01143
 59.0	 60.0	0.14601	0.01284
 60.0	 61.0	0.15555	0.01414
 61.0	 62.0	0.14602	0.01620
 62.0	 63.0	0.13345	0.01655
 63.0	 64.0	0.12403	0.01923
 64.0	 65.0	0.14371	0.02226
 65.0	 66.0	0.08046	0.01650
 66.0	 67.0	0.08032	0.01937
 67.0	 68.0	0.02504	0.09213
 68.0	 69.0	0.07615	0.02682
 69.0	 70.0	0.05843	0.03103
 70.0	 71.0	0.13194	0.07323
 71.0	 72.0	0.08680	0.04075
 72.0	 73.0	0.17772	0.11829
 73.0	 74.0	0.03949	0.08517
 74.0	 75.0	0.04149	0.03804
 75.0	 76.0	0.03558	0.05940
 76.0	 77.0	0.08095	0.11917
 77.0	 78.0	0.03104	0.09816
 78.0	 79.0	0.03302	0.04326
 79.0	 80.0	0.01151	0.16525
 80.0	 81.0	0.03237	0.04681
 81.0	 82.0	0.05189	0.07876
 82.0	 83.0	0.01816	0.03887
 83.0	 84.0	0.09731	0.30609
 84.0	 85.0	0.02328	0.09567
 85.0	 86.0	0.12463	0.10344
 86.0	 87.0	0.02714	0.04118
 87.0	 88.0	0.01047	0.03388
 88.0	 89.0	0.00914	0.13591
 89.0	 90.0	0.07027	0.09582
 90.0	 91.0	0.08503	0.25197
 91.0	 92.0	0.11674	0.75533
 92.0	 93.0	0.06296	0.03783
 93.0	 94.0	0.03586	0.17414
 94.0	 95.0	0.03637	0.04875
 95.0	 96.0	0.46520	2.73019
 96.0	 97.0	0.06455	0.05173
 97.0	 98.0	0.21211	0.24280
 98.0	 99.0	0.12376	0.12935
 99.0	100.0	0.92578	3.95900
