  0.0	  2.0	0.51336	0.00338
  2.0	  4.0	0.52177	0.00312
  4.0	  6.0	0.52937	0.00307
  6.0	  8.0	0.52900	0.00304
  8.0	 10.0	0.52331	0.00302
 10.0	 12.0	0.52065	0.00302
 12.0	 14.0	0.51811	0.00306
 14.0	 16.0	0.51710	0.00310
 16.0	 18.0	0.50591	0.00310
 18.0	 20.0	0.49912	0.00315
 20.0	 22.0	0.49383	0.00324
 22.0	 24.0	0.47588	0.00329
 24.0	 26.0	0.47151	0.00335
 26.0	 28.0	0.46205	0.00346
 28.0	 30.0	0.44481	0.00352
 30.0	 32.0	0.43836	0.00364
 32.0	 34.0	0.42215	0.00375
 34.0	 36.0	0.40180	0.00379
 36.0	 38.0	0.38818	0.00397
 38.0	 40.0	0.37524	0.00422
 40.0	 42.0	0.36276	0.00446
 42.0	 44.0	0.34254	0.00468
 44.0	 46.0	0.31767	0.00494
 46.0	 48.0	0.29623	0.00520
 48.0	 50.0	0.27832	0.00556
 50.0	 52.0	0.25072	0.00591
 52.0	 54.0	0.22915	0.00629
 54.0	 56.0	0.22203	0.00723
 56.0	 58.0	0.19178	0.00772
 58.0	 60.0	0.15273	0.00851
 60.0	 62.0	0.15155	0.01061
 62.0	 64.0	0.12974	0.01241
 64.0	 66.0	0.11224	0.01345
 66.0	 68.0	0.06396	0.01900
 68.0	 70.0	0.06934	0.01963
 70.0	 72.0	0.10784	0.03628
 72.0	 74.0	0.09465	0.06899
 74.0	 76.0	0.03850	0.03202
 76.0	 78.0	0.10361	0.16936
 78.0	 80.0	0.00545	0.18240
 80.0	 82.0	0.01562	0.04981
 82.0	 84.0	0.03109	0.03222
 84.0	 86.0	0.02574	0.05272
 86.0	 88.0	0.00485	0.69688
 88.0	 90.0	0.02523	0.69065
 90.0	 92.0	0.07627	0.22528
 92.0	 94.0	0.01779	0.07097
 94.0	 96.0	0.03363	0.06127
 96.0	 98.0	0.03936	0.06313
 98.0	100.0	0.10131	0.14235
