  0.0	  5.0	0.59257	0.00196
  5.0	 10.0	0.76919	0.00120
 10.0	 15.0	0.83878	0.00091
 15.0	 20.0	0.86348	0.00079
 20.0	 25.0	0.86967	0.00076
 25.0	 30.0	0.86569	0.00077
 30.0	 35.0	0.84861	0.00083
 35.0	 40.0	0.82295	0.00093
 40.0	 45.0	0.78564	0.00107
 45.0	 50.0	0.73520	0.00126
 50.0	 55.0	0.66938	0.00148
 55.0	 60.0	0.58713	0.00179
 60.0	 65.0	0.49299	0.00222
 65.0	 70.0	0.39264	0.00285
 70.0	 75.0	0.28817	0.00380
 75.0	 80.0	0.19580	0.00522
 80.0	 85.0	0.11213	0.00790
 85.0	 90.0	0.06203	0.01486
 90.0	 95.0	0.00736	0.14277
 95.0	100.0	0.03281	0.04851
