  0.0	  1.0	0.48102	0.00576
  1.0	  2.0	0.52842	0.00498
  2.0	  3.0	0.59282	0.00436
  3.0	  4.0	0.64915	0.00388
  4.0	  5.0	0.68612	0.00348
  5.0	  6.0	0.71837	0.00311
  6.0	  7.0	0.75098	0.00287
  7.0	  8.0	0.77299	0.00264
  8.0	  9.0	0.79133	0.00248
  9.0	 10.0	0.80837	0.00231
 10.0	 11.0	0.82197	0.00222
 11.0	 12.0	0.83620	0.00211
 12.0	 13.0	0.83963	0.00202
 13.0	 14.0	0.84410	0.00196
 14.0	 15.0	0.85178	0.00190
 15.0	 16.0	0.85886	0.00182
 16.0	 17.0	0.85948	0.00180
 17.0	 18.0	0.86306	0.00177
 18.0	 19.0	0.86687	0.00174
 19.0	 20.0	0.86902	0.00170
 20.0	 21.0	0.86989	0.00169
 21.0	 22.0	0.86798	0.00168
 22.0	 23.0	0.87167	0.00168
 23.0	 24.0	0.87158	0.00168
 24.0	 25.0	0.86724	0.00171
 25.0	 26.0	0.86813	0.00169
 26.0	 27.0	0.86953	0.00171
 27.0	 28.0	0.86474	0.00174
 28.0	 29.0	0.86344	0.00175
 29.0	 30.0	0.86263	0.00177
 30.0	 31.0	0.85787	0.00179
 31.0	 32.0	0.85342	0.00183
 32.0	 33.0	0.84838	0.00187
 33.0	 34.0	0.84296	0.00191
 34.0	 35.0	0.84031	0.00192
 35.0	 36.0	0.83266	0.00197
 36.0	 37.0	0.82770	0.00202
 37.0	 38.0	0.82720	0.00208
 38.0	 39.0	0.81345	0.00213
 39.0	 40.0	0.81368	0.00218
 40.0	 41.0	0.80447	0.00223
 41.0	 42.0	0.79463	0.00234
 42.0	 43.0	0.78458	0.00237
 43.0	 44.0	0.77761	0.00246
 44.0	 45.0	0.76631	0.00256
 45.0	 46.0	0.75918	0.00262
 46.0	 47.0	0.74931	0.00273
 47.0	 48.0	0.73236	0.00279
 48.0	 49.0	0.72162	0.00287
 49.0	 50.0	0.71248	0.00303
 50.0	 51.0	0.70218	0.00308
 51.0	 52.0	0.68223	0.00318
 52.0	 53.0	0.67051	0.00334
 53.0	 54.0	0.65466	0.00345
 54.0	 55.0	0.63568	0.00353
 55.0	 56.0	0.61555	0.00366
 56.0	 57.0	0.60991	0.00386
 57.0	 58.0	0.58555	0.00400
 58.0	 59.0	0.57053	0.00419
 59.0	 60.0	0.55179	0.00436
 60.0	 61.0	0.53107	0.00452
 61.0	 62.0	0.51098	0.00477
 62.0	 63.0	0.49183	0.00494
 63.0	 64.0	0.47112	0.00516
 64.0	 65.0	0.45551	0.00557
 65.0	 66.0	0.42935	0.00580
 66.0	 67.0	0.41292	0.00611
 67.0	 68.0	0.39505	0.00625
 68.0	 69.0	0.37142	0.00679
 69.0	 70.0	0.34933	0.00708
 70.0	 71.0	0.33678	0.00783
 71.0	 72.0	0.30196	0.00805
 72.0	 73.0	0.29270	0.00865
 73.0	 74.0	0.26091	0.00874
 74.0	 75.0	0.23999	0.00952
 75.0	 76.0	0.24399	0.01049
 76.0	 77.0	0.21149	0.01181
 77.0	 78.0	0.18691	0.01198
 78.0	 79.0	0.17385	0.01246
 79.0	 80.0	0.15236	0.01204
 80.0	 81.0	0.14329	0.01429
 81.0	 82.0	0.12387	0.01682
 82.0	 83.0	0.08982	0.02227
 83.0	 84.0	0.07312	0.01781
 84.0	 85.0	0.11622	0.02291
 85.0	 86.0	0.11669	0.08650
 86.0	 87.0	0.06373	0.02726
 87.0	 88.0	0.07758	0.03196
 88.0	 89.0	0.04093	0.03288
 89.0	 90.0	0.01069	0.04792
 90.0	 91.0	0.05445	0.04253
 91.0	 92.0	0.08520	0.06529
 92.0	 93.0	0.05213	0.05063
 93.0	 94.0	0.02714	0.05162
 94.0	 95.0	0.11506	0.07092
 95.0	 96.0	0.04362	0.12797
 96.0	 97.0	0.08990	0.05384
 97.0	 98.0	0.20539	0.33498
 98.0	 99.0	0.14012	0.19919
 99.0	100.0	0.14102	0.13189
