  0.0	  2.0	0.50530	0.00377
  2.0	  4.0	0.62167	0.00291
  4.0	  6.0	0.70241	0.00232
  6.0	  8.0	0.76201	0.00195
  8.0	 10.0	0.79993	0.00169
 10.0	 12.0	0.82913	0.00153
 12.0	 14.0	0.84186	0.00141
 14.0	 16.0	0.85532	0.00132
 16.0	 18.0	0.86127	0.00126
 18.0	 20.0	0.86796	0.00122
 20.0	 22.0	0.86893	0.00119
 22.0	 24.0	0.87162	0.00119
 24.0	 26.0	0.86768	0.00120
 26.0	 28.0	0.86712	0.00122
 28.0	 30.0	0.86304	0.00125
 30.0	 32.0	0.85565	0.00128
 32.0	 34.0	0.84569	0.00134
 34.0	 36.0	0.83650	0.00138
 36.0	 38.0	0.82744	0.00145
 38.0	 40.0	0.81356	0.00152
 40.0	 42.0	0.79959	0.00161
 42.0	 44.0	0.78109	0.00171
 44.0	 46.0	0.76273	0.00183
 46.0	 48.0	0.74082	0.00195
 48.0	 50.0	0.71709	0.00208
 50.0	 52.0	0.69231	0.00221
 52.0	 54.0	0.66259	0.00240
 54.0	 56.0	0.62570	0.00254
 56.0	 58.0	0.59783	0.00278
 58.0	 60.0	0.56127	0.00302
 60.0	 62.0	0.52117	0.00328
 62.0	 64.0	0.48160	0.00357
 64.0	 66.0	0.44259	0.00402
 66.0	 68.0	0.40404	0.00437
 68.0	 70.0	0.36052	0.00490
 70.0	 72.0	0.31976	0.00561
 72.0	 74.0	0.27708	0.00615
 74.0	 76.0	0.24185	0.00705
 76.0	 78.0	0.19962	0.00841
 78.0	 80.0	0.16307	0.00866
 80.0	 82.0	0.13527	0.01077
 82.0	 84.0	0.08144	0.01406
 84.0	 86.0	0.10970	0.02342
 86.0	 88.0	0.07029	0.02060
 88.0	 90.0	0.02328	0.02976
 90.0	 92.0	0.03279	0.05184
 92.0	 94.0	0.04103	0.03659
 94.0	 96.0	0.08951	0.04891
 96.0	 98.0	0.04072	0.04780
 98.0	100.0	0.91900	18.59165
