  0.0	  2.0	0.50385	0.00331
  2.0	  4.0	0.53029	0.00317
  4.0	  6.0	0.52983	0.00307
  6.0	  8.0	0.53032	0.00305
  8.0	 10.0	0.52121	0.00301
 10.0	 12.0	0.52375	0.00304
 12.0	 14.0	0.51863	0.00306
 14.0	 16.0	0.51174	0.00306
 16.0	 18.0	0.50596	0.00310
 18.0	 20.0	0.50312	0.00317
 20.0	 22.0	0.48911	0.00321
 22.0	 24.0	0.47786	0.00330
 24.0	 26.0	0.46775	0.00333
 26.0	 28.0	0.45570	0.00342
 28.0	 30.0	0.45213	0.00357
 30.0	 32.0	0.43275	0.00359
 32.0	 34.0	0.42171	0.00375
 34.0	 36.0	0.41183	0.00388
 36.0	 38.0	0.39587	0.00405
 38.0	 40.0	0.36880	0.00415
 40.0	 42.0	0.35853	0.00441
 42.0	 44.0	0.33406	0.00456
 44.0	 46.0	0.31495	0.00490
 46.0	 48.0	0.29745	0.00522
 48.0	 50.0	0.27729	0.00554
 50.0	 52.0	0.25601	0.00603
 52.0	 54.0	0.24604	0.00675
 54.0	 56.0	0.22819	0.00743
 56.0	 58.0	0.19358	0.00779
 58.0	 60.0	0.16789	0.00935
 60.0	 62.0	0.14332	0.01004
 62.0	 64.0	0.12314	0.01178
 64.0	 66.0	0.10434	0.01251
 66.0	 68.0	0.06035	0.01793
 68.0	 70.0	0.08160	0.02310
 70.0	 72.0	0.05887	0.01981
 72.0	 74.0	0.02891	0.02107
 74.0	 76.0	0.05949	0.04947
 76.0	 78.0	0.03254	0.05320
 78.0	 80.0	0.10781	3.60627
 80.0	 82.0	0.02093	0.06674
 82.0	 84.0	0.05241	0.05432
 84.0	 86.0	0.14358	0.29413
 86.0	 88.0	0.37743	54.20653
 88.0	 90.0	0.18498	5.06308
 90.0	 92.0	0.03718	0.10982
 92.0	 94.0	0.14023	0.55929
 94.0	 96.0	0.15534	0.28307
 96.0	 98.0	0.06601	0.10588
 98.0	100.0	0.24027	0.33760
