  0.0	  1.0	0.50339	0.00474
  1.0	  2.0	0.50429	0.00464
  2.0	  3.0	0.52409	0.00448
  3.0	  4.0	0.53645	0.00448
  4.0	  5.0	0.53200	0.00436
  5.0	  6.0	0.52765	0.00434
  6.0	  7.0	0.53267	0.00435
  7.0	  8.0	0.52798	0.00428
  8.0	  9.0	0.52089	0.00425
  9.0	 10.0	0.52151	0.00425
 10.0	 11.0	0.52609	0.00431
 11.0	 12.0	0.52142	0.00427
 12.0	 13.0	0.52015	0.00433
 13.0	 14.0	0.51708	0.00434
 14.0	 15.0	0.51167	0.00433
 15.0	 16.0	0.51179	0.00434
 16.0	 17.0	0.50440	0.00436
 17.0	 18.0	0.50753	0.00441
 18.0	 19.0	0.50138	0.00446
 19.0	 20.0	0.50486	0.00451
 20.0	 21.0	0.48994	0.00455
 21.0	 22.0	0.48828	0.00454
 22.0	 23.0	0.48009	0.00462
 23.0	 24.0	0.47561	0.00471
 24.0	 25.0	0.47401	0.00471
 25.0	 26.0	0.46148	0.00470
 26.0	 27.0	0.45836	0.00480
 27.0	 28.0	0.45304	0.00486
 28.0	 29.0	0.45384	0.00502
 29.0	 30.0	0.45042	0.00509
 30.0	 31.0	0.43725	0.00500
 31.0	 32.0	0.42818	0.00516
 32.0	 33.0	0.42493	0.00522
 33.0	 34.0	0.41836	0.00539
 34.0	 35.0	0.41913	0.00544
 35.0	 36.0	0.40438	0.00554
 36.0	 37.0	0.39534	0.00561
 37.0	 38.0	0.39650	0.00585
 38.0	 39.0	0.37243	0.00578
 39.0	 40.0	0.36512	0.00595
 40.0	 41.0	0.36038	0.00611
 41.0	 42.0	0.35663	0.00637
 42.0	 43.0	0.34409	0.00638
 43.0	 44.0	0.32385	0.00652
 44.0	 45.0	0.32433	0.00692
 45.0	 46.0	0.30547	0.00694
 46.0	 47.0	0.29777	0.00717
 47.0	 48.0	0.29728	0.00762
 48.0	 49.0	0.28541	0.00780
 49.0	 50.0	0.26850	0.00789
 50.0	 51.0	0.26004	0.00827
 51.0	 52.0	0.25185	0.00883
 52.0	 53.0	0.25912	0.00965
 53.0	 54.0	0.23263	0.00948
 54.0	 55.0	0.22469	0.00984
 55.0	 56.0	0.23262	0.01132
 56.0	 57.0	0.19392	0.01053
 57.0	 58.0	0.19351	0.01159
 58.0	 59.0	0.18676	0.01349
 59.0	 60.0	0.14860	0.01307
 60.0	 61.0	0.16315	0.01483
 61.0	 62.0	0.12350	0.01370
 62.0	 63.0	0.11875	0.01473
 63.0	 64.0	0.12985	0.02014
 64.0	 65.0	0.09011	0.01396
 65.0	 66.0	0.13026	0.02672
 66.0	 67.0	0.09150	0.02207
 67.0	 68.0	0.01585	0.05833
 68.0	 69.0	0.10381	0.03657
 69.0	 70.0	0.05863	0.03114
 70.0	 71.0	0.06122	0.03398
 71.0	 72.0	0.05325	0.02500
 72.0	 73.0	0.04053	0.02697
 73.0	 74.0	0.04413	0.09518
 74.0	 75.0	0.06502	0.05961
 75.0	 76.0	0.05343	0.08921
 76.0	 77.0	0.07755	0.11418
 77.0	 78.0	0.01481	0.04683
 78.0	 79.0	0.03880	0.05083
 79.0	 80.0	0.00859	0.12335
 80.0	 81.0	0.07749	0.11207
 81.0	 82.0	0.03602	0.05467
 82.0	 83.0	0.10764	0.23034
 83.0	 84.0	0.01321	0.04154
 84.0	 85.0	0.01604	0.06595
 85.0	 86.0	0.05634	0.04676
 86.0	 87.0	0.11128	0.16880
 87.0	 88.0	0.05314	0.17194
 88.0	 89.0	0.01254	0.18641
 89.0	 90.0	0.13520	0.18437
 90.0	 91.0	0.01990	0.05896
 91.0	 92.0	0.03505	0.22679
 92.0	 93.0	0.07842	0.04712
 93.0	 94.0	0.01334	0.06477
 94.0	 95.0	0.05996	0.08037
 95.0	 96.0	0.02182	0.12806
 96.0	 97.0	0.15032	0.12048
 97.0	 98.0	0.13977	0.16000
 98.0	 99.0	0.13471	0.14079
 99.0	100.0	0.08577	0.36681
