  0.0	  5.0	0.52030	0.00203
  5.0	 10.0	0.52612	0.00192
 10.0	 15.0	0.51930	0.00193
 15.0	 20.0	0.50599	0.00197
 20.0	 25.0	0.48165	0.00207
 25.0	 30.0	0.45540	0.00219
 30.0	 35.0	0.42563	0.00234
 35.0	 40.0	0.38696	0.00257
 40.0	 45.0	0.34218	0.00288
 45.0	 50.0	0.29124	0.00333
 50.0	 55.0	0.24598	0.00409
 55.0	 60.0	0.19241	0.00528
 60.0	 65.0	0.12488	0.00670
 65.0	 70.0	0.08309	0.01192
 70.0	 75.0	0.05171	0.01554
 75.0	 80.0	0.02143	0.04498
 80.0	 85.0	0.03123	0.03635
 85.0	 90.0	0.02847	0.06381
 90.0	 95.0	0.01290	0.05262
 95.0	100.0	0.06176	0.03758
