  0.0	  2.0	0.51329	0.00338
  2.0	  4.0	0.54334	0.00325
  4.0	  6.0	0.56009	0.00325
  6.0	  8.0	0.56808	0.00327
  8.0	 10.0	0.57763	0.00333
 10.0	 12.0	0.57840	0.00335
 12.0	 14.0	0.57347	0.00339
 14.0	 16.0	0.57057	0.00342
 16.0	 18.0	0.56865	0.00349
 18.0	 20.0	0.55852	0.00352
 20.0	 22.0	0.54892	0.00361
 22.0	 24.0	0.54628	0.00377
 24.0	 26.0	0.54128	0.00385
 26.0	 28.0	0.52927	0.00397
 28.0	 30.0	0.51189	0.00405
 30.0	 32.0	0.50681	0.00420
 32.0	 34.0	0.48942	0.00435
 34.0	 36.0	0.48294	0.00455
 36.0	 38.0	0.46634	0.00477
 38.0	 40.0	0.44924	0.00505
 40.0	 42.0	0.41866	0.00515
 42.0	 44.0	0.40932	0.00559
 44.0	 46.0	0.38674	0.00602
 46.0	 48.0	0.36947	0.00649
 48.0	 50.0	0.34769	0.00695
 50.0	 52.0	0.33024	0.00778
 52.0	 54.0	0.29922	0.00821
 54.0	 56.0	0.25196	0.00820
 56.0	 58.0	0.25775	0.01037
 58.0	 60.0	0.23339	0.01300
 60.0	 62.0	0.19041	0.01334
 62.0	 64.0	0.16357	0.01565
 64.0	 66.0	0.16537	0.01982
 66.0	 68.0	0.17918	0.05324
 68.0	 70.0	0.09001	0.02548
 70.0	 72.0	0.06753	0.02272
 72.0	 74.0	0.05973	0.04354
 74.0	 76.0	0.04433	0.03686
 76.0	 78.0	0.02016	0.03295
 78.0	 80.0	0.00552	0.18452
 80.0	 82.0	0.09779	0.31177
 82.0	 84.0	0.04683	0.04854
 84.0	 86.0	0.02096	0.04294
 86.0	 88.0	0.00163	0.23479
 88.0	 90.0	0.00178	0.04869
 90.0	 92.0	0.01370	0.04048
 92.0	 94.0	0.02185	0.08716
 94.0	 96.0	0.03608	0.06575
 96.0	 98.0	0.23419	0.37565
 98.0	100.0	0.09394	0.13200
