  0.0	  2.0	0.44297	0.00331
  2.0	  4.0	0.54621	0.00255
  4.0	  6.0	0.64006	0.00212
  6.0	  8.0	0.70521	0.00180
  8.0	 10.0	0.74749	0.00158
 10.0	 12.0	0.77954	0.00144
 12.0	 14.0	0.80306	0.00134
 14.0	 16.0	0.81834	0.00126
 16.0	 18.0	0.82888	0.00122
 18.0	 20.0	0.83606	0.00117
 20.0	 22.0	0.84289	0.00116
 22.0	 24.0	0.84243	0.00115
 24.0	 26.0	0.84358	0.00117
 26.0	 28.0	0.84079	0.00118
 28.0	 30.0	0.83784	0.00121
 30.0	 32.0	0.83331	0.00125
 32.0	 34.0	0.82590	0.00131
 34.0	 36.0	0.81886	0.00135
 36.0	 38.0	0.80867	0.00142
 38.0	 40.0	0.79574	0.00149
 40.0	 42.0	0.77980	0.00157
 42.0	 44.0	0.76232	0.00167
 44.0	 46.0	0.74275	0.00178
 46.0	 48.0	0.72143	0.00190
 48.0	 50.0	0.70058	0.00204
 50.0	 52.0	0.67963	0.00217
 52.0	 54.0	0.64912	0.00235
 54.0	 56.0	0.62340	0.00253
 56.0	 58.0	0.58806	0.00273
 58.0	 60.0	0.55407	0.00299
 60.0	 62.0	0.51318	0.00323
 62.0	 64.0	0.48662	0.00361
 64.0	 66.0	0.44018	0.00399
 66.0	 68.0	0.40844	0.00442
 68.0	 70.0	0.36573	0.00497
 70.0	 72.0	0.32039	0.00563
 72.0	 74.0	0.29942	0.00665
 74.0	 76.0	0.25770	0.00751
 76.0	 78.0	0.22788	0.00960
 78.0	 80.0	0.21352	0.01134
 80.0	 82.0	0.19744	0.01572
 82.0	 84.0	0.20365	0.03516
 84.0	 86.0	0.14439	0.03083
 86.0	 88.0	0.08188	0.02399
 88.0	 90.0	0.19448	0.24861
 90.0	 92.0	0.20146	0.31851
 92.0	 94.0	0.18920	0.16874
 94.0	 96.0	0.11179	0.06108
 96.0	 98.0	0.09406	0.11042
 98.0	100.0	0.03208	0.64901
