  0.0	  1.0	0.41213	0.00497
  1.0	  2.0	0.45078	0.00438
  2.0	  3.0	0.50242	0.00381
  3.0	  4.0	0.54776	0.00339
  4.0	  5.0	0.58961	0.00313
  5.0	  6.0	0.62715	0.00286
  6.0	  7.0	0.65190	0.00265
  7.0	  8.0	0.68081	0.00249
  8.0	  9.0	0.70549	0.00232
  9.0	 10.0	0.71949	0.00221
 10.0	 11.0	0.73850	0.00213
 11.0	 12.0	0.74987	0.00202
 12.0	 13.0	0.75944	0.00198
 13.0	 14.0	0.77445	0.00191
 14.0	 15.0	0.77615	0.00186
 15.0	 16.0	0.78447	0.00182
 16.0	 17.0	0.79154	0.00178
 17.0	 18.0	0.79552	0.00176
 18.0	 19.0	0.79965	0.00173
 19.0	 20.0	0.80415	0.00169
 20.0	 21.0	0.80411	0.00171
 21.0	 22.0	0.80657	0.00169
 22.0	 23.0	0.80663	0.00168
 23.0	 24.0	0.81096	0.00168
 24.0	 25.0	0.81376	0.00171
 25.0	 26.0	0.80665	0.00171
 26.0	 27.0	0.80643	0.00172
 27.0	 28.0	0.80747	0.00174
 28.0	 29.0	0.80635	0.00175
 29.0	 30.0	0.80446	0.00176
 30.0	 31.0	0.80109	0.00179
 31.0	 32.0	0.79899	0.00184
 32.0	 33.0	0.79530	0.00187
 33.0	 34.0	0.78698	0.00192
 34.0	 35.0	0.78489	0.00193
 35.0	 36.0	0.77882	0.00197
 36.0	 37.0	0.76928	0.00204
 37.0	 38.0	0.76657	0.00207
 38.0	 39.0	0.75681	0.00213
 39.0	 40.0	0.74979	0.00217
 40.0	 41.0	0.74182	0.00222
 41.0	 42.0	0.73417	0.00231
 42.0	 43.0	0.72425	0.00236
 43.0	 44.0	0.71857	0.00241
 44.0	 45.0	0.71069	0.00251
 45.0	 46.0	0.69728	0.00255
 46.0	 47.0	0.68522	0.00267
 47.0	 48.0	0.67883	0.00273
 48.0	 49.0	0.66385	0.00281
 49.0	 50.0	0.65416	0.00294
 50.0	 51.0	0.63429	0.00299
 51.0	 52.0	0.62844	0.00313
 52.0	 53.0	0.61374	0.00326
 53.0	 54.0	0.60083	0.00334
 54.0	 55.0	0.58336	0.00346
 55.0	 56.0	0.57129	0.00362
 56.0	 57.0	0.54849	0.00372
 57.0	 58.0	0.54188	0.00390
 58.0	 59.0	0.51769	0.00405
 59.0	 60.0	0.50521	0.00426
 60.0	 61.0	0.48417	0.00435
 61.0	 62.0	0.47299	0.00465
 62.0	 63.0	0.45047	0.00487
 63.0	 64.0	0.43036	0.00508
 64.0	 65.0	0.41649	0.00535
 65.0	 66.0	0.39949	0.00574
 66.0	 67.0	0.37203	0.00595
 67.0	 68.0	0.34998	0.00612
 68.0	 69.0	0.34364	0.00666
 69.0	 70.0	0.32529	0.00708
 70.0	 71.0	0.30992	0.00760
 71.0	 72.0	0.28084	0.00799
 72.0	 73.0	0.25907	0.00865
 73.0	 74.0	0.25748	0.00934
 74.0	 75.0	0.23903	0.01060
 75.0	 76.0	0.21269	0.01005
 76.0	 77.0	0.20678	0.01283
 77.0	 78.0	0.20862	0.01396
 78.0	 79.0	0.18548	0.01509
 79.0	 80.0	0.16544	0.01582
 80.0	 81.0	0.16617	0.01740
 81.0	 82.0	0.14185	0.02656
 82.0	 83.0	0.17700	0.03923
 83.0	 84.0	0.17761	0.04905
 84.0	 85.0	0.10049	0.02841
 85.0	 86.0	0.10305	0.07883
 86.0	 87.0	0.15034	0.05172
 87.0	 88.0	0.17309	0.14470
 88.0	 89.0	0.17410	0.12710
 89.0	 90.0	0.09058	0.07102
 90.0	 91.0	0.40110	0.72401
 91.0	 92.0	0.45646	1.71153
 92.0	 93.0	0.27996	2.45397
 93.0	 94.0	0.12241	0.16470
 94.0	 95.0	0.09908	0.06590
 95.0	 96.0	0.06133	0.10201
 96.0	 97.0	0.12656	0.15027
 97.0	 98.0	0.41638	1.83301
 98.0	 99.0	0.17975	0.30959
 99.0	100.0	0.22732	0.71149
