  0.0	  1.0	0.50532	0.00476
  1.0	  2.0	0.52122	0.00479
  2.0	  3.0	0.54090	0.00462
  3.0	  4.0	0.54574	0.00456
  4.0	  5.0	0.55882	0.00458
  5.0	  6.0	0.56136	0.00462
  6.0	  7.0	0.56646	0.00462
  7.0	  8.0	0.56969	0.00461
  8.0	  9.0	0.57387	0.00468
  9.0	 10.0	0.58139	0.00474
 10.0	 11.0	0.57529	0.00471
 11.0	 12.0	0.58152	0.00477
 12.0	 13.0	0.56962	0.00474
 13.0	 14.0	0.57739	0.00484
 14.0	 15.0	0.57471	0.00486
 15.0	 16.0	0.56644	0.00480
 16.0	 17.0	0.56837	0.00491
 17.0	 18.0	0.56892	0.00495
 18.0	 19.0	0.56417	0.00502
 19.0	 20.0	0.55296	0.00493
 20.0	 21.0	0.54930	0.00511
 21.0	 22.0	0.54855	0.00509
 22.0	 23.0	0.55263	0.00532
 23.0	 24.0	0.53986	0.00535
 24.0	 25.0	0.54391	0.00540
 25.0	 26.0	0.53862	0.00549
 26.0	 27.0	0.53321	0.00559
 27.0	 28.0	0.52535	0.00563
 28.0	 29.0	0.51762	0.00573
 29.0	 30.0	0.50616	0.00572
 30.0	 31.0	0.51081	0.00584
 31.0	 32.0	0.50276	0.00606
 32.0	 33.0	0.50169	0.00616
 33.0	 34.0	0.47693	0.00615
 34.0	 35.0	0.48347	0.00628
 35.0	 36.0	0.48255	0.00661
 36.0	 37.0	0.47162	0.00669
 37.0	 38.0	0.46094	0.00680
 38.0	 39.0	0.45341	0.00704
 39.0	 40.0	0.44502	0.00725
 40.0	 41.0	0.43117	0.00731
 41.0	 42.0	0.40593	0.00725
 42.0	 43.0	0.41504	0.00770
 43.0	 44.0	0.40357	0.00813
 44.0	 45.0	0.39481	0.00842
 45.0	 46.0	0.37853	0.00860
 46.0	 47.0	0.38512	0.00927
 47.0	 48.0	0.35380	0.00907
 48.0	 49.0	0.36478	0.00996
 49.0	 50.0	0.32998	0.00970
 50.0	 51.0	0.34606	0.01100
 51.0	 52.0	0.31390	0.01101
 52.0	 53.0	0.28782	0.01071
 53.0	 54.0	0.31239	0.01272
 54.0	 55.0	0.26618	0.01165
 55.0	 56.0	0.23720	0.01155
 56.0	 57.0	0.26923	0.01461
 57.0	 58.0	0.24589	0.01473
 58.0	 59.0	0.22539	0.01627
 59.0	 60.0	0.24396	0.02146
 60.0	 61.0	0.18181	0.01653
 61.0	 62.0	0.20160	0.02237
 62.0	 63.0	0.19805	0.02456
 63.0	 64.0	0.12906	0.02002
 64.0	 65.0	0.18006	0.02789
 65.0	 66.0	0.14033	0.02879
 66.0	 67.0	0.17572	0.04238
 67.0	 68.0	0.35257	1.29747
 68.0	 69.0	0.07927	0.02792
 69.0	 70.0	0.11029	0.05857
 70.0	 71.0	0.04988	0.02768
 71.0	 72.0	0.09197	0.04318
 72.0	 73.0	0.05800	0.03861
 73.0	 74.0	0.02496	0.05383
 74.0	 75.0	0.05555	0.05093
 75.0	 76.0	0.03189	0.05325
 76.0	 77.0	0.01747	0.02572
 77.0	 78.0	0.18037	0.57039
 78.0	 79.0	0.08124	0.10645
 79.0	 80.0	0.22567	3.23883
 80.0	 81.0	0.03574	0.05170
 81.0	 82.0	0.03664	0.05561
 82.0	 83.0	0.03992	0.08542
 83.0	 84.0	0.03861	0.12145
 84.0	 85.0	0.24477	1.00604
 85.0	 86.0	0.03711	0.03080
 86.0	 87.0	0.04210	0.06386
 87.0	 88.0	0.11857	0.38364
 88.0	 89.0	0.15969	2.37384
 89.0	 90.0	0.02074	0.02828
 90.0	 91.0	0.03462	0.10259
 91.0	 92.0	0.00891	0.05768
 92.0	 93.0	0.09668	0.05810
 93.0	 94.0	0.18265	0.88702
 94.0	 95.0	0.15721	0.21073
 95.0	 96.0	0.02673	0.15688
 96.0	 97.0	0.12666	0.10152
 97.0	 98.0	0.05425	0.06210
 98.0	 99.0	0.18279	0.19104
 99.0	100.0	0.09136	0.39071
