  0.0	  5.0	0.52402	0.00173
  5.0	 10.0	0.71406	0.00111
 10.0	 15.0	0.79549	0.00087
 15.0	 20.0	0.83097	0.00076
 20.0	 25.0	0.84295	0.00073
 25.0	 30.0	0.84005	0.00075
 30.0	 35.0	0.82803	0.00081
 35.0	 40.0	0.80499	0.00091
 40.0	 45.0	0.76652	0.00104
 45.0	 50.0	0.71651	0.00122
 50.0	 55.0	0.65763	0.00146
 55.0	 60.0	0.58081	0.00177
 60.0	 65.0	0.48968	0.00221
 65.0	 70.0	0.39765	0.00288
 70.0	 75.0	0.30347	0.00400
 75.0	 80.0	0.22355	0.00596
 80.0	 85.0	0.19045	0.01342
 85.0	 90.0	0.10929	0.02617
 90.0	 95.0	0.98928	19.19960
 95.0	100.0	0.21528	0.31827
