  0.0	  1.0	0.41500	0.00497
  1.0	  2.0	0.46916	0.00442
  2.0	  3.0	0.52068	0.00383
  3.0	  4.0	0.57051	0.00341
  4.0	  5.0	0.61892	0.00314
  5.0	  6.0	0.66052	0.00286
  6.0	  7.0	0.68971	0.00263
  7.0	  8.0	0.72054	0.00246
  8.0	  9.0	0.73532	0.00230
  9.0	 10.0	0.75943	0.00217
 10.0	 11.0	0.77334	0.00209
 11.0	 12.0	0.78568	0.00198
 12.0	 13.0	0.79962	0.00192
 13.0	 14.0	0.80650	0.00187
 14.0	 15.0	0.81183	0.00181
 15.0	 16.0	0.82485	0.00175
 16.0	 17.0	0.82772	0.00173
 17.0	 18.0	0.83006	0.00170
 18.0	 19.0	0.83433	0.00168
 19.0	 20.0	0.83776	0.00164
 20.0	 21.0	0.84277	0.00164
 21.0	 22.0	0.84301	0.00163
 22.0	 23.0	0.84093	0.00162
 23.0	 24.0	0.84393	0.00163
 24.0	 25.0	0.84417	0.00167
 25.0	 26.0	0.84300	0.00164
 26.0	 27.0	0.84156	0.00165
 27.0	 28.0	0.84003	0.00169
 28.0	 29.0	0.84011	0.00170
 29.0	 30.0	0.83558	0.00171
 30.0	 31.0	0.83454	0.00174
 31.0	 32.0	0.83207	0.00178
 32.0	 33.0	0.82699	0.00183
 33.0	 34.0	0.82481	0.00187
 34.0	 35.0	0.82173	0.00188
 35.0	 36.0	0.81598	0.00193
 36.0	 37.0	0.81287	0.00199
 37.0	 38.0	0.80443	0.00202
 38.0	 39.0	0.79789	0.00209
 39.0	 40.0	0.79357	0.00212
 40.0	 41.0	0.78517	0.00218
 41.0	 42.0	0.77435	0.00228
 42.0	 43.0	0.76898	0.00232
 43.0	 44.0	0.75565	0.00239
 44.0	 45.0	0.74784	0.00250
 45.0	 46.0	0.73770	0.00254
 46.0	 47.0	0.72655	0.00265
 47.0	 48.0	0.71633	0.00273
 48.0	 49.0	0.70733	0.00282
 49.0	 50.0	0.69367	0.00295
 50.0	 51.0	0.68292	0.00300
 51.0	 52.0	0.67636	0.00315
 52.0	 53.0	0.65883	0.00328
 53.0	 54.0	0.63938	0.00337
 54.0	 55.0	0.62937	0.00350
 55.0	 56.0	0.61739	0.00367
 56.0	 57.0	0.59595	0.00377
 57.0	 58.0	0.58007	0.00396
 58.0	 59.0	0.56199	0.00413
 59.0	 60.0	0.54597	0.00432
 60.0	 61.0	0.52120	0.00443
 61.0	 62.0	0.50500	0.00472
 62.0	 63.0	0.49857	0.00501
 63.0	 64.0	0.47436	0.00520
 64.0	 65.0	0.44530	0.00544
 65.0	 66.0	0.43521	0.00588
 66.0	 67.0	0.41339	0.00612
 67.0	 68.0	0.40349	0.00638
 68.0	 69.0	0.37113	0.00678
 69.0	 70.0	0.36040	0.00731
 70.0	 71.0	0.33420	0.00777
 71.0	 72.0	0.30582	0.00816
 72.0	 73.0	0.30796	0.00910
 73.0	 74.0	0.29040	0.00973
 74.0	 75.0	0.27787	0.01102
 75.0	 76.0	0.23834	0.01025
 76.0	 77.0	0.24209	0.01351
 77.0	 78.0	0.21274	0.01364
 78.0	 79.0	0.21410	0.01535
 79.0	 80.0	0.21290	0.01682
 80.0	 81.0	0.18087	0.01803
 81.0	 82.0	0.22204	0.03016
 82.0	 83.0	0.20883	0.05177
 83.0	 84.0	0.19544	0.04760
 84.0	 85.0	0.16803	0.03313
 85.0	 86.0	0.10407	0.07714
 86.0	 87.0	0.07852	0.03359
 87.0	 88.0	0.08457	0.03483
 88.0	 89.0	0.16942	0.13611
 89.0	 90.0	0.18448	0.82689
 90.0	 91.0	0.14065	0.10986
 91.0	 92.0	0.06394	0.04900
 92.0	 93.0	0.19609	0.19044
 93.0	 94.0	0.17565	0.33407
 94.0	 95.0	0.07354	0.04533
 95.0	 96.0	0.28669	0.84108
 96.0	 97.0	0.09777	0.05855
 97.0	 98.0	0.03446	0.05620
 98.0	 99.0	0.28401	0.40374
 99.0	100.0	0.31603	0.29557
