  0.0	  1.0	0.47505	0.00468
  1.0	  2.0	0.48896	0.00471
  2.0	  3.0	0.49752	0.00452
  3.0	  4.0	0.50179	0.00446
  4.0	  5.0	0.50906	0.00447
  5.0	  6.0	0.51434	0.00451
  6.0	  7.0	0.51792	0.00451
  7.0	  8.0	0.52374	0.00451
  8.0	  9.0	0.52160	0.00456
  9.0	 10.0	0.51318	0.00459
 10.0	 11.0	0.52321	0.00459
 11.0	 12.0	0.51881	0.00461
 12.0	 13.0	0.52292	0.00463
 13.0	 14.0	0.51715	0.00469
 14.0	 15.0	0.51368	0.00471
 15.0	 16.0	0.50726	0.00465
 16.0	 17.0	0.50179	0.00474
 17.0	 18.0	0.51198	0.00480
 18.0	 19.0	0.50038	0.00485
 19.0	 20.0	0.49858	0.00478
 20.0	 21.0	0.49174	0.00494
 21.0	 22.0	0.48980	0.00493
 22.0	 23.0	0.49298	0.00513
 23.0	 24.0	0.48010	0.00515
 24.0	 25.0	0.49121	0.00524
 25.0	 26.0	0.47845	0.00529
 26.0	 27.0	0.47292	0.00539
 27.0	 28.0	0.47319	0.00544
 28.0	 29.0	0.46301	0.00552
 29.0	 30.0	0.45322	0.00553
 30.0	 31.0	0.44611	0.00559
 31.0	 32.0	0.44496	0.00581
 32.0	 33.0	0.44092	0.00589
 33.0	 34.0	0.44332	0.00600
 34.0	 35.0	0.43090	0.00604
 35.0	 36.0	0.41831	0.00629
 36.0	 37.0	0.41731	0.00640
 37.0	 38.0	0.40583	0.00649
 38.0	 39.0	0.39900	0.00672
 39.0	 40.0	0.39903	0.00696
 40.0	 41.0	0.37847	0.00699
 41.0	 42.0	0.36653	0.00700
 42.0	 43.0	0.36051	0.00731
 43.0	 44.0	0.35973	0.00778
 44.0	 45.0	0.34144	0.00798
 45.0	 46.0	0.33711	0.00827
 46.0	 47.0	0.33850	0.00881
 47.0	 48.0	0.30662	0.00864
 48.0	 49.0	0.31751	0.00940
 49.0	 50.0	0.27753	0.00910
 50.0	 51.0	0.28976	0.01020
 51.0	 52.0	0.26795	0.01035
 52.0	 53.0	0.26789	0.01043
 53.0	 54.0	0.27609	0.01205
 54.0	 55.0	0.22449	0.01102
 55.0	 56.0	0.21146	0.01111
 56.0	 57.0	0.21813	0.01333
 57.0	 58.0	0.20482	0.01366
 58.0	 59.0	0.18847	0.01509
 59.0	 60.0	0.20182	0.01957
 60.0	 61.0	0.16804	0.01618
 61.0	 62.0	0.16657	0.02033
 62.0	 63.0	0.16853	0.02297
 63.0	 64.0	0.16033	0.02183
 64.0	 65.0	0.17573	0.02712
 65.0	 66.0	0.12757	0.02691
 66.0	 67.0	0.10023	0.03172
 67.0	 68.0	0.39634	1.40125
 68.0	 69.0	0.07439	0.02697
 69.0	 70.0	0.11330	0.06100
 70.0	 71.0	0.03713	0.04448
 71.0	 72.0	0.11089	0.04611
 72.0	 73.0	0.01091	0.04113
 73.0	 74.0	0.10179	0.10698
 74.0	 75.0	0.14097	0.09255
 75.0	 76.0	0.03615	0.04627
 76.0	 77.0	0.02800	0.03826
 77.0	 78.0	0.05775	0.12311
 78.0	 79.0	0.01019	0.05473
 79.0	 80.0	0.04736	0.16688
 80.0	 81.0	0.10038	0.08796
 81.0	 82.0	0.07104	0.06528
 82.0	 83.0	0.02896	0.06215
 83.0	 84.0	0.04916	0.06236
 84.0	 85.0	0.08292	0.09186
 85.0	 86.0	0.01347	0.04374
 86.0	 87.0	0.04213	0.18029
 87.0	 88.0	0.05127	0.06938
 88.0	 89.0	0.02387	0.05318
 89.0	 90.0	0.03631	0.06008
 90.0	 91.0	0.09384	0.48581
 91.0	 92.0	0.03640	0.03937
 92.0	 93.0	0.16849	0.74099
 93.0	 94.0	0.04523	0.05274
 94.0	 95.0	0.07109	0.18163
 95.0	 96.0	0.05969	0.04090
 96.0	 97.0	0.02068	0.08764
 97.0	 98.0	0.08193	0.24368
 98.0	 99.0	0.10823	0.20690
 99.0	100.0	0.50097	0.85820
