  0.0	  1.0	0.46789	0.00467
  1.0	  2.0	0.49083	0.00470
  2.0	  3.0	0.49518	0.00452
  3.0	  4.0	0.50898	0.00447
  4.0	  5.0	0.51208	0.00447
  5.0	  6.0	0.51697	0.00452
  6.0	  7.0	0.51408	0.00451
  7.0	  8.0	0.52213	0.00450
  8.0	  9.0	0.52182	0.00457
  9.0	 10.0	0.52223	0.00461
 10.0	 11.0	0.52398	0.00460
 11.0	 12.0	0.52605	0.00463
 12.0	 13.0	0.52349	0.00463
 13.0	 14.0	0.52134	0.00470
 14.0	 15.0	0.52490	0.00475
 15.0	 16.0	0.51342	0.00467
 16.0	 17.0	0.51220	0.00477
 17.0	 18.0	0.51217	0.00480
 18.0	 19.0	0.50848	0.00487
 19.0	 20.0	0.50310	0.00480
 20.0	 21.0	0.50343	0.00497
 21.0	 22.0	0.50094	0.00496
 22.0	 23.0	0.50775	0.00518
 23.0	 24.0	0.49237	0.00520
 24.0	 25.0	0.48279	0.00520
 25.0	 26.0	0.48998	0.00533
 26.0	 27.0	0.48176	0.00541
 27.0	 28.0	0.47624	0.00545
 28.0	 29.0	0.47154	0.00556
 29.0	 30.0	0.45922	0.00556
 30.0	 31.0	0.45200	0.00561
 31.0	 32.0	0.45054	0.00585
 32.0	 33.0	0.44126	0.00591
 33.0	 34.0	0.43029	0.00595
 34.0	 35.0	0.42756	0.00603
 35.0	 36.0	0.42497	0.00631
 36.0	 37.0	0.41583	0.00639
 37.0	 38.0	0.40501	0.00649
 38.0	 39.0	0.41423	0.00681
 39.0	 40.0	0.40185	0.00699
 40.0	 41.0	0.39694	0.00709
 41.0	 42.0	0.36725	0.00700
 42.0	 43.0	0.36976	0.00737
 43.0	 44.0	0.35842	0.00776
 44.0	 45.0	0.35275	0.00808
 45.0	 46.0	0.33639	0.00824
 46.0	 47.0	0.33712	0.00881
 47.0	 48.0	0.32536	0.00881
 48.0	 49.0	0.30714	0.00927
 49.0	 50.0	0.29705	0.00937
 50.0	 51.0	0.28566	0.01016
 51.0	 52.0	0.28333	0.01059
 52.0	 53.0	0.24653	0.01013
 53.0	 54.0	0.26912	0.01193
 54.0	 55.0	0.23516	0.01114
 55.0	 56.0	0.19282	0.01094
 56.0	 57.0	0.23432	0.01371
 57.0	 58.0	0.21923	0.01406
 58.0	 59.0	0.19593	0.01528
 59.0	 60.0	0.20655	0.01964
 60.0	 61.0	0.17062	0.01614
 61.0	 62.0	0.17575	0.02085
 62.0	 63.0	0.15883	0.02204
 63.0	 64.0	0.15017	0.02125
 64.0	 65.0	0.15295	0.02509
 65.0	 66.0	0.10465	0.02487
 66.0	 67.0	0.14031	0.03719
 67.0	 68.0	0.40141	1.55773
 68.0	 69.0	0.08392	0.02935
 69.0	 70.0	0.08027	0.05067
 70.0	 71.0	0.04717	0.02478
 71.0	 72.0	0.03482	0.03659
 72.0	 73.0	0.04023	0.02767
 73.0	 74.0	0.01411	0.26081
 74.0	 75.0	0.11433	0.07971
 75.0	 76.0	0.03334	0.05340
 76.0	 77.0	0.00774	0.05598
 77.0	 78.0	0.04570	0.17348
 78.0	 79.0	0.01562	0.09848
 79.0	 80.0	0.03056	0.07026
 80.0	 81.0	0.02899	0.04389
 81.0	 82.0	0.13459	0.98194
 82.0	 83.0	0.00655	0.11987
 83.0	 84.0	0.07182	0.18524
 84.0	 85.0	0.01778	0.11434
 85.0	 86.0	0.03273	0.03139
 86.0	 87.0	0.07199	0.10944
 87.0	 88.0	0.06618	0.06865
 88.0	 89.0	0.08110	0.07888
 89.0	 90.0	0.08678	0.04218
 90.0	 91.0	0.01968	0.05179
 91.0	 92.0	0.24572	0.47867
 92.0	 93.0	0.04390	0.04378
 93.0	 94.0	0.01135	0.04045
 94.0	 95.0	0.04244	0.34105
 95.0	 96.0	0.00892	0.73962
 96.0	 97.0	0.07563	0.10986
 97.0	 98.0	0.14055	1.31103
 98.0	 99.0	0.10896	0.16408
 99.0	100.0	0.06276	0.17368
