  0.0	  1.0	0.41512	0.00497
  1.0	  2.0	0.45309	0.00439
  2.0	  3.0	0.49816	0.00381
  3.0	  4.0	0.54270	0.00338
  4.0	  5.0	0.58603	0.00313
  5.0	  6.0	0.62428	0.00286
  6.0	  7.0	0.65199	0.00264
  7.0	  8.0	0.67782	0.00249
  8.0	  9.0	0.69766	0.00233
  9.0	 10.0	0.71770	0.00221
 10.0	 11.0	0.73484	0.00213
 11.0	 12.0	0.74776	0.00202
 12.0	 13.0	0.75754	0.00198
 13.0	 14.0	0.77179	0.00191
 14.0	 15.0	0.77593	0.00186
 15.0	 16.0	0.78270	0.00182
 16.0	 17.0	0.79354	0.00178
 17.0	 18.0	0.79367	0.00177
 18.0	 19.0	0.79664	0.00174
 19.0	 20.0	0.79900	0.00171
 20.0	 21.0	0.80246	0.00171
 21.0	 22.0	0.80315	0.00170
 22.0	 23.0	0.80401	0.00169
 23.0	 24.0	0.80532	0.00170
 24.0	 25.0	0.80513	0.00173
 25.0	 26.0	0.80580	0.00171
 26.0	 27.0	0.80308	0.00172
 27.0	 28.0	0.80184	0.00175
 28.0	 29.0	0.80727	0.00175
 29.0	 30.0	0.79959	0.00177
 30.0	 31.0	0.79697	0.00180
 31.0	 32.0	0.79280	0.00185
 32.0	 33.0	0.79070	0.00187
 33.0	 34.0	0.78541	0.00192
 34.0	 35.0	0.78270	0.00193
 35.0	 36.0	0.77518	0.00198
 36.0	 37.0	0.76951	0.00203
 37.0	 38.0	0.76401	0.00207
 38.0	 39.0	0.75599	0.00213
 39.0	 40.0	0.74745	0.00216
 40.0	 41.0	0.73911	0.00222
 41.0	 42.0	0.73156	0.00231
 42.0	 43.0	0.72422	0.00236
 43.0	 44.0	0.71398	0.00241
 44.0	 45.0	0.70712	0.00252
 45.0	 46.0	0.69230	0.00256
 46.0	 47.0	0.68331	0.00266
 47.0	 48.0	0.66965	0.00273
 48.0	 49.0	0.66147	0.00281
 49.0	 50.0	0.64737	0.00294
 50.0	 51.0	0.63092	0.00299
 51.0	 52.0	0.62499	0.00313
 52.0	 53.0	0.61092	0.00326
 53.0	 54.0	0.59408	0.00333
 54.0	 55.0	0.58554	0.00346
 55.0	 56.0	0.56775	0.00361
 56.0	 57.0	0.54412	0.00371
 57.0	 58.0	0.53347	0.00389
 58.0	 59.0	0.51736	0.00405
 59.0	 60.0	0.49902	0.00424
 60.0	 61.0	0.48032	0.00435
 61.0	 62.0	0.47160	0.00464
 62.0	 63.0	0.45074	0.00488
 63.0	 64.0	0.43408	0.00509
 64.0	 65.0	0.41451	0.00535
 65.0	 66.0	0.39653	0.00572
 66.0	 67.0	0.37098	0.00594
 67.0	 68.0	0.35761	0.00616
 68.0	 69.0	0.33878	0.00660
 69.0	 70.0	0.33836	0.00717
 70.0	 71.0	0.30153	0.00752
 71.0	 72.0	0.28617	0.00803
 72.0	 73.0	0.28790	0.00894
 73.0	 74.0	0.25269	0.00931
 74.0	 75.0	0.25212	0.01070
 75.0	 76.0	0.21101	0.01004
 76.0	 77.0	0.21333	0.01286
 77.0	 78.0	0.20884	0.01409
 78.0	 79.0	0.17423	0.01406
 79.0	 80.0	0.17782	0.01568
 80.0	 81.0	0.14844	0.01733
 81.0	 82.0	0.17963	0.03005
 82.0	 83.0	0.26760	0.06243
 83.0	 84.0	0.15047	0.03860
 84.0	 85.0	0.17875	0.04269
 85.0	 86.0	0.78328	4.15149
 86.0	 87.0	0.11447	0.04261
 87.0	 88.0	0.34110	0.58922
 88.0	 89.0	0.35444	0.64179
 89.0	 90.0	0.33823	1.00210
 90.0	 91.0	0.06559	0.05995
 91.0	 92.0	0.16165	0.47224
 92.0	 93.0	0.07593	0.06592
 93.0	 94.0	0.13375	0.17993
 94.0	 95.0	0.20734	0.38423
 95.0	 96.0	0.32365	1.90146
 96.0	 97.0	0.11534	0.08729
 97.0	 98.0	0.37507	3.30349
 98.0	 99.0	0.05948	0.10275
 99.0	100.0	0.08282	0.14380
