  0.0	  5.0	0.53474	0.00208
  5.0	 10.0	0.57054	0.00208
 10.0	 15.0	0.57569	0.00214
 15.0	 20.0	0.56416	0.00220
 20.0	 25.0	0.54682	0.00235
 25.0	 30.0	0.52431	0.00252
 30.0	 35.0	0.49528	0.00272
 35.0	 40.0	0.46291	0.00307
 40.0	 45.0	0.41015	0.00346
 45.0	 50.0	0.36279	0.00415
 50.0	 55.0	0.30572	0.00508
 55.0	 60.0	0.24252	0.00665
 60.0	 65.0	0.17808	0.00955
 65.0	 70.0	0.13144	0.01886
 70.0	 75.0	0.05816	0.01747
 75.0	 80.0	0.01508	0.03165
 80.0	 85.0	0.03585	0.04173
 85.0	 90.0	0.01211	0.02715
 90.0	 95.0	0.01934	0.07891
 95.0	100.0	0.12333	0.07503
