  0.0	  5.0	0.49524	0.00204
  5.0	 10.0	0.51944	0.00203
 10.0	 15.0	0.52395	0.00208
 15.0	 20.0	0.50987	0.00214
 20.0	 25.0	0.49750	0.00228
 25.0	 30.0	0.47584	0.00244
 30.0	 35.0	0.44042	0.00262
 35.0	 40.0	0.41241	0.00295
 40.0	 45.0	0.36927	0.00332
 45.0	 50.0	0.32105	0.00397
 50.0	 55.0	0.26422	0.00480
 55.0	 60.0	0.20822	0.00624
 60.0	 65.0	0.16164	0.00913
 65.0	 70.0	0.11229	0.01736
 70.0	 75.0	0.05543	0.01711
 75.0	 80.0	0.00494	0.04953
 80.0	 85.0	0.01524	0.03001
 85.0	 90.0	0.01944	0.04059
 90.0	 95.0	0.03492	0.02919
 95.0	100.0	0.03308	0.24524
