  0.0	  2.0	0.43192	0.00329
  2.0	  4.0	0.52562	0.00254
  4.0	  6.0	0.60867	0.00212
  6.0	  8.0	0.66643	0.00182
  8.0	 10.0	0.71254	0.00160
 10.0	 12.0	0.74421	0.00147
 12.0	 14.0	0.76696	0.00137
 14.0	 16.0	0.78031	0.00130
 16.0	 18.0	0.79353	0.00125
 18.0	 20.0	0.80192	0.00121
 20.0	 22.0	0.80535	0.00120
 22.0	 24.0	0.80879	0.00119
 24.0	 26.0	0.81019	0.00121
 26.0	 28.0	0.80695	0.00122
 28.0	 30.0	0.80540	0.00124
 30.0	 32.0	0.80004	0.00128
 32.0	 34.0	0.79117	0.00134
 34.0	 36.0	0.78186	0.00138
 36.0	 38.0	0.76793	0.00145
 38.0	 40.0	0.75331	0.00152
 40.0	 42.0	0.73802	0.00160
 42.0	 44.0	0.72141	0.00169
 44.0	 46.0	0.70397	0.00179
 46.0	 48.0	0.68201	0.00191
 48.0	 50.0	0.65906	0.00203
 50.0	 52.0	0.63136	0.00216
 52.0	 54.0	0.60728	0.00233
 54.0	 56.0	0.57737	0.00250
 56.0	 58.0	0.54516	0.00269
 58.0	 60.0	0.51151	0.00294
 60.0	 62.0	0.47860	0.00318
 62.0	 64.0	0.44055	0.00351
 64.0	 66.0	0.40805	0.00391
 66.0	 68.0	0.36111	0.00427
 68.0	 70.0	0.33464	0.00485
 70.0	 72.0	0.29569	0.00551
 72.0	 74.0	0.25824	0.00635
 74.0	 76.0	0.22559	0.00729
 76.0	 78.0	0.20772	0.00945
 78.0	 80.0	0.17585	0.01092
 80.0	 82.0	0.15751	0.01453
 82.0	 84.0	0.17699	0.03069
 84.0	 86.0	0.10199	0.02924
 86.0	 88.0	0.15397	0.05027
 88.0	 90.0	0.53091	3.37156
 90.0	 92.0	0.68430	3.11179
 92.0	 94.0	0.16763	0.26381
 94.0	 96.0	0.06636	0.06149
 96.0	 98.0	0.03790	0.46101
 98.0	100.0	0.20139	0.42799
