  0.0	  5.0	0.50291	0.00172
  5.0	 10.0	0.67481	0.00112
 10.0	 15.0	0.75769	0.00089
 15.0	 20.0	0.79314	0.00079
 20.0	 25.0	0.80401	0.00076
 25.0	 30.0	0.80351	0.00078
 30.0	 35.0	0.78973	0.00084
 35.0	 40.0	0.76248	0.00093
 40.0	 45.0	0.72330	0.00106
 45.0	 50.0	0.67103	0.00123
 50.0	 55.0	0.60948	0.00144
 55.0	 60.0	0.53285	0.00174
 60.0	 65.0	0.45101	0.00216
 65.0	 70.0	0.36102	0.00280
 70.0	 75.0	0.27652	0.00390
 75.0	 80.0	0.19707	0.00576
 80.0	 85.0	0.17666	0.01358
 85.0	 90.0	0.24664	0.10045
 90.0	 95.0	0.29882	1.74483
 95.0	100.0	0.12306	0.13111
