  0.0	  5.0	0.50482	0.00172
  5.0	 10.0	0.67793	0.00112
 10.0	 15.0	0.75978	0.00089
 15.0	 20.0	0.79511	0.00079
 20.0	 25.0	0.80840	0.00076
 25.0	 30.0	0.80627	0.00078
 30.0	 35.0	0.79347	0.00084
 35.0	 40.0	0.76431	0.00093
 40.0	 45.0	0.72599	0.00106
 45.0	 50.0	0.67607	0.00122
 50.0	 55.0	0.61235	0.00145
 55.0	 60.0	0.53740	0.00174
 60.0	 65.0	0.45173	0.00216
 65.0	 70.0	0.35895	0.00280
 70.0	 75.0	0.27025	0.00387
 75.0	 80.0	0.19637	0.00582
 80.0	 85.0	0.15105	0.01194
 85.0	 90.0	0.16618	0.05376
 90.0	 95.0	0.31382	0.48421
 95.0	100.0	0.17614	0.58699
