  0.0	  2.0	0.48203	0.00332
  2.0	  4.0	0.49966	0.00318
  4.0	  6.0	0.51169	0.00318
  6.0	  8.0	0.52083	0.00319
  8.0	 10.0	0.51740	0.00324
 10.0	 12.0	0.52101	0.00325
 12.0	 14.0	0.52005	0.00330
 14.0	 16.0	0.51048	0.00331
 16.0	 18.0	0.50687	0.00337
 18.0	 20.0	0.49947	0.00341
 20.0	 22.0	0.49077	0.00349
 22.0	 24.0	0.48659	0.00364
 24.0	 26.0	0.48485	0.00372
 26.0	 28.0	0.47305	0.00383
 28.0	 30.0	0.45812	0.00391
 30.0	 32.0	0.44551	0.00403
 32.0	 34.0	0.44211	0.00420
 34.0	 36.0	0.42468	0.00436
 36.0	 38.0	0.41162	0.00456
 38.0	 40.0	0.39899	0.00484
 40.0	 42.0	0.37259	0.00495
 42.0	 44.0	0.36012	0.00532
 44.0	 46.0	0.33928	0.00574
 46.0	 48.0	0.32259	0.00617
 48.0	 50.0	0.29773	0.00654
 50.0	 52.0	0.27904	0.00727
 52.0	 54.0	0.27156	0.00789
 54.0	 56.0	0.21816	0.00782
 56.0	 58.0	0.21157	0.00954
 58.0	 60.0	0.19417	0.01198
 60.0	 62.0	0.16702	0.01264
 62.0	 64.0	0.16545	0.01577
 64.0	 66.0	0.15268	0.01916
 66.0	 68.0	0.13448	0.04368
 68.0	 70.0	0.08892	0.02550
 70.0	 72.0	0.07490	0.02369
 72.0	 74.0	0.04221	0.04536
 74.0	 76.0	0.06921	0.04202
 76.0	 78.0	0.03808	0.02801
 78.0	 80.0	0.00514	0.10282
 80.0	 82.0	0.29117	1.60315
 82.0	 84.0	0.01159	0.06003
 84.0	 86.0	0.03423	0.02598
 86.0	 88.0	0.05339	0.06948
 88.0	 90.0	0.03038	0.04076
 90.0	 92.0	0.02012	0.03935
 92.0	 94.0	0.07864	0.07939
 94.0	 96.0	0.00205	0.39183
 96.0	 98.0	0.00311	0.75345
 98.0	100.0	0.15636	0.19358
