  0.0	  5.0	0.49464	0.00204
  5.0	 10.0	0.51815	0.00203
 10.0	 15.0	0.51917	0.00208
 15.0	 20.0	0.50399	0.00213
 20.0	 25.0	0.48914	0.00227
 25.0	 30.0	0.46824	0.00243
 30.0	 35.0	0.44124	0.00262
 35.0	 40.0	0.40794	0.00293
 40.0	 45.0	0.36154	0.00330
 45.0	 50.0	0.31598	0.00394
 50.0	 55.0	0.26558	0.00481
 55.0	 60.0	0.20398	0.00620
 60.0	 65.0	0.16715	0.00930
 65.0	 70.0	0.11265	0.01750
 70.0	 75.0	0.07914	0.01896
 75.0	 80.0	0.02059	0.03184
 80.0	 85.0	0.03587	0.04023
 85.0	 90.0	0.02991	0.02527
 90.0	 95.0	0.03825	0.06173
 95.0	100.0	0.04048	0.04377
