  0.0	  2.0	0.47939	0.00331
  2.0	  4.0	0.50214	0.00318
  4.0	  6.0	0.51453	0.00318
  6.0	  8.0	0.51810	0.00319
  8.0	 10.0	0.52202	0.00324
 10.0	 12.0	0.52501	0.00326
 12.0	 14.0	0.52243	0.00330
 14.0	 16.0	0.51915	0.00333
 16.0	 18.0	0.51220	0.00338
 18.0	 20.0	0.50577	0.00342
 20.0	 22.0	0.50218	0.00351
 22.0	 24.0	0.50010	0.00367
 24.0	 26.0	0.48635	0.00372
 26.0	 28.0	0.47899	0.00384
 28.0	 30.0	0.46538	0.00393
 30.0	 32.0	0.45124	0.00405
 32.0	 34.0	0.43582	0.00419
 34.0	 36.0	0.42625	0.00436
 36.0	 38.0	0.41047	0.00455
 38.0	 40.0	0.40813	0.00488
 40.0	 42.0	0.38223	0.00498
 42.0	 44.0	0.36416	0.00534
 44.0	 46.0	0.34461	0.00577
 46.0	 48.0	0.33124	0.00623
 48.0	 50.0	0.30228	0.00659
 50.0	 52.0	0.28449	0.00733
 52.0	 54.0	0.25717	0.00773
 54.0	 56.0	0.21451	0.00779
 56.0	 58.0	0.22718	0.00981
 58.0	 60.0	0.20031	0.01208
 60.0	 62.0	0.17239	0.01278
 62.0	 64.0	0.15488	0.01527
 64.0	 66.0	0.13010	0.01767
 66.0	 68.0	0.15956	0.04907
 68.0	 70.0	0.08349	0.02469
 70.0	 72.0	0.04275	0.01961
 72.0	 74.0	0.04347	0.04147
 74.0	 76.0	0.05814	0.04427
 76.0	 78.0	0.01094	0.04618
 78.0	 80.0	0.01959	0.05596
 80.0	 82.0	0.02376	0.04758
 82.0	 84.0	0.02984	0.09324
 84.0	 86.0	0.01523	0.03745
 86.0	 88.0	0.00964	0.06514
 88.0	 90.0	0.03756	0.05053
 90.0	 92.0	0.10934	0.14841
 92.0	 94.0	0.01376	0.03315
 94.0	 96.0	0.02562	0.17119
 96.0	 98.0	0.05174	0.10976
 98.0	100.0	0.26549	0.97425
