  0.0	  2.0	0.43456	0.00329
  2.0	  4.0	0.52094	0.00254
  4.0	  6.0	0.60545	0.00212
  6.0	  8.0	0.66497	0.00182
  8.0	 10.0	0.70777	0.00160
 10.0	 12.0	0.74134	0.00147
 12.0	 14.0	0.76467	0.00138
 14.0	 16.0	0.77931	0.00130
 16.0	 18.0	0.79360	0.00125
 18.0	 20.0	0.79783	0.00122
 20.0	 22.0	0.80281	0.00121
 22.0	 24.0	0.80467	0.00120
 24.0	 26.0	0.80547	0.00121
 26.0	 28.0	0.80246	0.00123
 28.0	 30.0	0.80342	0.00125
 30.0	 32.0	0.79490	0.00129
 32.0	 34.0	0.78807	0.00134
 34.0	 36.0	0.77895	0.00138
 36.0	 38.0	0.76677	0.00145
 38.0	 40.0	0.75174	0.00152
 40.0	 42.0	0.73536	0.00160
 42.0	 44.0	0.71911	0.00169
 44.0	 46.0	0.69970	0.00179
 46.0	 48.0	0.67647	0.00191
 48.0	 50.0	0.65451	0.00203
 50.0	 52.0	0.62795	0.00216
 52.0	 54.0	0.60251	0.00233
 54.0	 56.0	0.57672	0.00250
 56.0	 58.0	0.53881	0.00269
 58.0	 60.0	0.50831	0.00293
 60.0	 62.0	0.47595	0.00317
 62.0	 64.0	0.44251	0.00352
 64.0	 66.0	0.40558	0.00391
 66.0	 68.0	0.36433	0.00428
 68.0	 70.0	0.33840	0.00486
 70.0	 72.0	0.29409	0.00549
 72.0	 74.0	0.27073	0.00645
 74.0	 76.0	0.23124	0.00731
 76.0	 78.0	0.21107	0.00950
 78.0	 80.0	0.17583	0.01047
 80.0	 82.0	0.16040	0.01531
 82.0	 84.0	0.20896	0.03424
 84.0	 86.0	0.23270	0.06651
 86.0	 88.0	0.16067	0.05721
 88.0	 90.0	0.34527	0.54668
 90.0	 92.0	0.07638	0.14196
 92.0	 94.0	0.05900	0.12480
 94.0	 96.0	0.23217	0.72291
 96.0	 98.0	0.05281	0.06771
 98.0	100.0	0.06896	0.23284
