# f_prompt,1 = prompt fraction for DCA < 0.0085 cm (nominal)
# f_prompt,2 = prompt fraction over the whole DCA range (SysPromFrac, DCA < 0.135 cm)
# factor     = (1 - f_prompt,1) / (f_prompt,1 - f_prompt,2)   [carried over from PromptFraction_vn_factor.txt]
# vn1_avg    = mean of v_n,1 (nominal) over the q2/q3 sub-bins of this (cent,pT) bin
# vn2_avg    = mean of v_n,2 (SysPromFrac) over the same q2/q3 sub-bins
# dvn_meas   = vn1_avg - vn2_avg   -- MEASURED (v_n,1 - v_n,2), replacing the
#              previous placeholder dvn = 0.01
# vn_shift   = factor * dvn_meas
# v3 rows borrow "factor" from the nearest v2 pT bin in log(pT) (the factor table
# has no v3-specific binning); dvn_meas for v3 is measured on v3's own pT bins.
#
vn   centrality   pT           f_prompt,1      err f_prompt,2      err    factor     vn1_avg     vn2_avg    dvn_meas    vn_shift
2    cent0to10    pT2to3           1.0000   0.0000     1.0000   0.0000    2.2666      0.0445      0.0405      0.0040      0.0090
2    cent0to10    pT3to4           1.0000   0.0000     1.0000   0.0000    2.2265      0.0849      0.0810      0.0039      0.0087
2    cent0to10    pT4to5           1.0000   0.0009     1.0000   0.0012    2.3335      0.0777      0.0770      0.0006      0.0014
2    cent0to10    pT5to6           0.9968   0.0002     0.9952   0.0003    2.0947      0.0647      0.0634      0.0013      0.0027
2    cent0to10    pT6to8           0.9895   0.0002     0.9837   0.0003    1.8202      0.0417      0.0416      0.0001      0.0002
2    cent0to10    pT8to10          0.9746   0.0004     0.9573   0.0006    1.4602      0.0333      0.0306      0.0026      0.0039
2    cent0to10    pT10to15         0.9616   0.0004     0.9304   0.0007    1.2300      0.0289      0.0295     -0.0006     -0.0007
2    cent0to10    pT15to30         0.9623   0.0005     0.9273   0.0010    1.0746      0.0069      0.0081     -0.0012     -0.0013
2    cent0to10    pT30to100        0.9692   0.0013     0.9359   0.0027    0.9241      0.0045      0.0118     -0.0073     -0.0068
2    cent10to20   pT2to3           1.0000   0.0000     1.0000   0.0000    2.4655      0.1056      0.1032      0.0024      0.0059
2    cent10to20   pT3to4           1.0000   0.0000     1.0000   0.0000    2.8278      0.1355      0.1361     -0.0006     -0.0017
2    cent10to20   pT4to5           1.0000   0.0000     1.0000   0.0000    2.5809      0.1312      0.1311      0.0001      0.0002
2    cent10to20   pT5to6           0.9981   0.0001     0.9971   0.0002    2.0037      0.1098      0.1100     -0.0001     -0.0003
2    cent10to20   pT6to8           0.9913   0.0002     0.9864   0.0003    1.7666      0.0811      0.0814     -0.0002     -0.0004
2    cent10to20   pT8to10          0.9744   0.0004     0.9564   0.0006    1.4180      0.0564      0.0570     -0.0007     -0.0009
2    cent10to20   pT10to15         0.9640   0.0004     0.9337   0.0007    1.1902      0.0528      0.0533     -0.0005     -0.0006
2    cent10to20   pT15to30         0.9635   0.0005     0.9286   0.0010    1.0461      0.0321      0.0329     -0.0008     -0.0008
2    cent10to20   pT30to100        0.9749   0.0014     0.9477   0.0028    0.9217      0.0396      0.0424     -0.0028     -0.0026
2    cent20to30   pT2to3           1.0000   0.0000     1.0000   0.0000    2.3878      0.1273      0.1271      0.0002      0.0005
2    cent20to30   pT3to4           1.0000   0.0000     1.0000   0.0000    2.7857      0.1642      0.1640      0.0002      0.0007
2    cent20to30   pT4to5           1.0000   0.0000     1.0000   0.0001    2.5309      0.1524      0.1534     -0.0010     -0.0025
2    cent20to30   pT5to6           0.9938   0.0003     0.9908   0.0004    1.9959      0.1314      0.1320     -0.0005     -0.0010
2    cent20to30   pT6to8           0.9834   0.0003     0.9741   0.0004    1.7877      0.0994      0.0989      0.0004      0.0008
2    cent20to30   pT8to10          0.9679   0.0004     0.9454   0.0007    1.4315      0.0747      0.0761     -0.0014     -0.0019
2    cent20to30   pT10to15         0.9611   0.0004     0.9287   0.0008    1.1977      0.0640      0.0636      0.0004      0.0005
2    cent20to30   pT15to30         0.9613   0.0006     0.9246   0.0012    1.0525      0.0530      0.0542     -0.0012     -0.0013
2    cent20to30   pT30to100        0.9771   0.0016     0.9522   0.0033    0.9174      0.0423      0.0378      0.0046      0.0042
2    cent30to40   pT2to3           1.0000   0.0000     1.0000   0.0000    2.2727      0.1484      0.1489     -0.0004     -0.0010
2    cent30to40   pT3to4           1.0000   0.0000     1.0000   0.0000    2.3469      0.1716      0.1725     -0.0009     -0.0022
2    cent30to40   pT4to5           1.0000   0.0000     1.0000   0.0000    2.1845      0.1549      0.1556     -0.0007     -0.0016
2    cent30to40   pT5to6           0.9972   0.0003     0.9956   0.0004    1.7121      0.1314      0.1330     -0.0017     -0.0028
2    cent30to40   pT6to8           0.9882   0.0003     0.9804   0.0004    1.5037      0.1078      0.1083     -0.0005     -0.0007
2    cent30to40   pT8to10          0.9764   0.0004     0.9581   0.0007    1.2908      0.0896      0.0902     -0.0006     -0.0008
2    cent30to40   pT10to15         0.9693   0.0004     0.9413   0.0008    1.0964      0.0705      0.0717     -0.0012     -0.0013
2    cent30to40   pT15to30         0.9673   0.0007     0.9342   0.0013    0.9902      0.0545      0.0541      0.0005      0.0005
2    cent30to40   pT30to100        0.9751   0.0019     0.9479   0.0039    0.9117      0.0415      0.0439     -0.0024     -0.0022
2    cent40to50   pT2to3           1.0000   0.0000     1.0000   0.0000    2.2396      0.1532      0.1506      0.0026      0.0058
2    cent40to50   pT3to4           1.0000   0.0000     1.0000   0.0000    2.2976      0.1669      0.1675     -0.0006     -0.0014
2    cent40to50   pT4to5           1.0000   0.0002     1.0000   0.0003    2.1531      0.1476      0.1475      0.0000      0.0001
2    cent40to50   pT5to6           0.9902   0.0004     0.9844   0.0006    1.7099      0.1284      0.1286     -0.0002     -0.0004
2    cent40to50   pT6to8           0.9791   0.0004     0.9653   0.0006    1.5179      0.1096      0.1095      0.0001      0.0002
2    cent40to50   pT8to10          0.9688   0.0006     0.9449   0.0010    1.3020      0.0947      0.0974     -0.0027     -0.0035
2    cent40to50   pT10to15         0.9653   0.0006     0.9338   0.0010    1.1022      0.0839      0.0842     -0.0004     -0.0004
2    cent40to50   pT15to30         0.9669   0.0008     0.9335   0.0016    0.9910      0.0701      0.0657      0.0045      0.0044
2    cent40to50   pT30to100        0.9691   0.0026     0.9356   0.0053    0.9225      0.0676      0.0411      0.0264      0.0244
3    cent0to10    pT2to4           1.0000   0.0000     1.0000   0.0000    2.2666      0.0607      0.0594      0.0013      0.0030
3    cent0to10    pT4to6           1.0000   0.0009     1.0000   0.0012    2.3335      0.0693      0.0701     -0.0007     -0.0016
3    cent0to10    pT6to8           0.9895   0.0002     0.9837   0.0003    1.8202      0.0399      0.0415     -0.0016     -0.0028
3    cent0to10    pT8to10          0.9746   0.0004     0.9573   0.0006    1.4602      0.0306      0.0303      0.0003      0.0004
3    cent0to10    pT10to20         0.9616   0.0004     0.9304   0.0007    1.2300      0.0136      0.0141     -0.0005     -0.0006
3    cent0to10    pT20to50         0.9623   0.0005     0.9273   0.0010    1.0746     -0.0013     -0.0018      0.0005      0.0006
3    cent10to20   pT2to4           1.0000   0.0000     1.0000   0.0000    2.4655      0.0755      0.0757     -0.0002     -0.0005
3    cent10to20   pT4to6           1.0000   0.0000     1.0000   0.0000    2.5809      0.0798      0.0793      0.0004      0.0011
3    cent10to20   pT6to8           0.9913   0.0002     0.9864   0.0003    1.7666      0.0518      0.0511      0.0007      0.0012
3    cent10to20   pT8to10          0.9744   0.0004     0.9564   0.0006    1.4180      0.0341      0.0338      0.0003      0.0004
3    cent10to20   pT10to20         0.9640   0.0004     0.9337   0.0007    1.1902      0.0229      0.0225      0.0004      0.0004
3    cent10to20   pT20to50         0.9635   0.0005     0.9286   0.0010    1.0461      0.0104      0.0099      0.0005      0.0006
3    cent20to30   pT2to4           1.0000   0.0000     1.0000   0.0000    2.3878      0.0695      0.0713     -0.0018     -0.0043
3    cent20to30   pT4to6           1.0000   0.0000     1.0000   0.0001    2.5309      0.0786      0.0802     -0.0016     -0.0040
3    cent20to30   pT6to8           0.9834   0.0003     0.9741   0.0004    1.7877      0.0468      0.0475     -0.0007     -0.0012
3    cent20to30   pT8to10          0.9679   0.0004     0.9454   0.0007    1.4315      0.0237      0.0245     -0.0008     -0.0011
3    cent20to30   pT10to20         0.9611   0.0004     0.9287   0.0008    1.1977      0.0096      0.0105     -0.0009     -0.0011
3    cent20to30   pT20to50         0.9613   0.0006     0.9246   0.0012    1.0525     -0.0084     -0.0136      0.0052      0.0055
3    cent30to40   pT2to4           1.0000   0.0000     1.0000   0.0000    2.2727      0.0717      0.0696      0.0021      0.0047
3    cent30to40   pT4to6           1.0000   0.0000     1.0000   0.0000    2.1845      0.0661      0.0677     -0.0016     -0.0035
3    cent30to40   pT6to8           0.9882   0.0003     0.9804   0.0004    1.5037      0.0465      0.0460      0.0005      0.0007
3    cent30to40   pT8to10          0.9764   0.0004     0.9581   0.0007    1.2908      0.0332      0.0365     -0.0033     -0.0043
3    cent30to40   pT10to20         0.9693   0.0004     0.9413   0.0008    1.0964      0.0059      0.0063     -0.0004     -0.0004
3    cent30to40   pT20to50         0.9673   0.0007     0.9342   0.0013    0.9902     -0.0151     -0.0170      0.0019      0.0019
3    cent40to50   pT2to4           1.0000   0.0000     1.0000   0.0000    2.2396      0.0607      0.0623     -0.0016     -0.0037
3    cent40to50   pT4to6           1.0000   0.0002     1.0000   0.0003    2.1531      0.0604      0.0581      0.0024      0.0051
3    cent40to50   pT6to8           0.9791   0.0004     0.9653   0.0006    1.5179      0.0384      0.0390     -0.0006     -0.0010
3    cent40to50   pT8to10          0.9688   0.0006     0.9449   0.0010    1.3020      0.0268      0.0228      0.0040      0.0053
3    cent40to50   pT10to20         0.9653   0.0006     0.9338   0.0010    1.1022      0.0134      0.0150     -0.0017     -0.0018
3    cent40to50   pT20to50         0.9669   0.0008     0.9335   0.0016    0.9910      0.0038      0.0081     -0.0042     -0.0042
