  0.0	  1.0	0.61780	0.00584
  1.0	  2.0	0.66528	0.00505
  2.0	  3.0	0.71164	0.00428
  3.0	  4.0	0.75932	0.00383
  4.0	  5.0	0.79624	0.00339
  5.0	  6.0	0.82785	0.00308
  6.0	  7.0	0.85095	0.00283
  7.0	  8.0	0.86715	0.00257
  8.0	  9.0	0.88079	0.00242
  9.0	 10.0	0.88818	0.00225
 10.0	 11.0	0.90068	0.00213
 11.0	 12.0	0.90766	0.00204
 12.0	 13.0	0.91496	0.00196
 13.0	 14.0	0.91761	0.00186
 14.0	 15.0	0.92138	0.00181
 15.0	 16.0	0.92400	0.00176
 16.0	 17.0	0.92621	0.00171
 17.0	 18.0	0.93044	0.00170
 18.0	 19.0	0.93044	0.00166
 19.0	 20.0	0.93143	0.00163
 20.0	 21.0	0.93234	0.00163
 21.0	 22.0	0.93433	0.00161
 22.0	 23.0	0.93383	0.00159
 23.0	 24.0	0.93431	0.00161
 24.0	 25.0	0.93450	0.00161
 25.0	 26.0	0.93249	0.00161
 26.0	 27.0	0.93253	0.00160
 27.0	 28.0	0.92947	0.00160
 28.0	 29.0	0.92895	0.00165
 29.0	 30.0	0.92760	0.00165
 30.0	 31.0	0.92664	0.00167
 31.0	 32.0	0.92270	0.00171
 32.0	 33.0	0.92265	0.00172
 33.0	 34.0	0.91900	0.00178
 34.0	 35.0	0.91589	0.00180
 35.0	 36.0	0.91287	0.00184
 36.0	 37.0	0.90959	0.00190
 37.0	 38.0	0.90393	0.00193
 38.0	 39.0	0.90086	0.00199
 39.0	 40.0	0.89896	0.00205
 40.0	 41.0	0.89339	0.00210
 41.0	 42.0	0.88603	0.00217
 42.0	 43.0	0.87940	0.00221
 43.0	 44.0	0.87558	0.00231
 44.0	 45.0	0.86547	0.00238
 45.0	 46.0	0.85914	0.00247
 46.0	 47.0	0.85539	0.00258
 47.0	 48.0	0.84763	0.00266
 48.0	 49.0	0.83854	0.00274
 49.0	 50.0	0.82810	0.00284
 50.0	 51.0	0.81710	0.00298
 51.0	 52.0	0.81120	0.00310
 52.0	 53.0	0.79735	0.00321
 53.0	 54.0	0.78454	0.00337
 54.0	 55.0	0.76793	0.00349
 55.0	 56.0	0.75381	0.00361
 56.0	 57.0	0.74386	0.00385
 57.0	 58.0	0.72916	0.00404
 58.0	 59.0	0.70925	0.00419
 59.0	 60.0	0.68776	0.00438
 60.0	 61.0	0.67837	0.00467
 61.0	 62.0	0.65373	0.00484
 62.0	 63.0	0.64075	0.00522
 63.0	 64.0	0.61465	0.00546
 64.0	 65.0	0.58928	0.00560
 65.0	 66.0	0.57934	0.00613
 66.0	 67.0	0.54726	0.00630
 67.0	 68.0	0.52550	0.00669
 68.0	 69.0	0.51267	0.00730
 69.0	 70.0	0.49672	0.00802
 70.0	 71.0	0.47237	0.00876
 71.0	 72.0	0.43708	0.00862
 72.0	 73.0	0.41402	0.00929
 73.0	 74.0	0.40798	0.01064
 74.0	 75.0	0.37161	0.01094
 75.0	 76.0	0.35796	0.01211
 76.0	 77.0	0.32820	0.01274
 77.0	 78.0	0.29426	0.01246
 78.0	 79.0	0.27521	0.01381
 79.0	 80.0	0.27424	0.01621
 80.0	 81.0	0.23514	0.01667
 81.0	 82.0	0.26354	0.02656
 82.0	 83.0	0.21446	0.02030
 83.0	 84.0	0.21059	0.02356
 84.0	 85.0	0.16790	0.02052
 85.0	 86.0	0.18087	0.03027
 86.0	 87.0	0.15343	0.03251
 87.0	 88.0	0.12630	0.06602
 88.0	 89.0	0.15863	0.03569
 89.0	 90.0	0.11150	0.04903
 90.0	 91.0	0.11687	0.03189
 91.0	 92.0	0.01416	0.14436
 92.0	 93.0	0.05093	0.08224
 93.0	 94.0	0.06145	0.05562
 94.0	 95.0	0.08775	0.06682
 95.0	 96.0	0.14306	0.16846
 96.0	 97.0	0.06700	0.07942
 97.0	 98.0	0.04073	0.17511
 98.0	 99.0	0.21181	0.21105
 99.0	100.0	0.79266	2.12424
