  0.0	  2.0	0.64185	0.00383
  2.0	  4.0	0.73583	0.00286
  4.0	  6.0	0.81217	0.00228
  6.0	  8.0	0.85903	0.00191
  8.0	 10.0	0.88445	0.00165
 10.0	 12.0	0.90418	0.00147
 12.0	 14.0	0.91625	0.00135
 14.0	 16.0	0.92269	0.00126
 16.0	 18.0	0.92832	0.00120
 18.0	 20.0	0.93094	0.00116
 20.0	 22.0	0.93334	0.00114
 22.0	 24.0	0.93407	0.00113
 24.0	 26.0	0.93350	0.00114
 26.0	 28.0	0.93100	0.00113
 28.0	 30.0	0.92828	0.00116
 30.0	 32.0	0.92468	0.00119
 32.0	 34.0	0.92084	0.00124
 34.0	 36.0	0.91438	0.00129
 36.0	 38.0	0.90678	0.00136
 38.0	 40.0	0.89991	0.00143
 40.0	 42.0	0.88973	0.00151
 42.0	 44.0	0.87747	0.00160
 44.0	 46.0	0.86229	0.00172
 46.0	 48.0	0.85148	0.00185
 48.0	 50.0	0.83335	0.00197
 50.0	 52.0	0.81413	0.00215
 52.0	 54.0	0.79096	0.00233
 54.0	 56.0	0.76090	0.00251
 56.0	 58.0	0.73656	0.00279
 58.0	 60.0	0.69865	0.00303
 60.0	 62.0	0.66614	0.00336
 62.0	 64.0	0.62781	0.00377
 64.0	 66.0	0.58417	0.00414
 66.0	 68.0	0.53651	0.00459
 68.0	 70.0	0.50461	0.00540
 70.0	 72.0	0.45490	0.00615
 72.0	 74.0	0.41072	0.00701
 74.0	 76.0	0.36464	0.00812
 76.0	 78.0	0.31140	0.00891
 78.0	 80.0	0.27438	0.01052
 80.0	 82.0	0.24591	0.01431
 82.0	 84.0	0.21287	0.01538
 84.0	 86.0	0.17325	0.01710
 86.0	 88.0	0.14238	0.02936
 88.0	 90.0	0.13972	0.02887
 90.0	 92.0	0.08751	0.02222
 92.0	 94.0	0.02397	0.10921
 94.0	 96.0	0.13520	0.09975
 96.0	 98.0	0.06142	0.07203
 98.0	100.0	0.20949	0.20445
