  0.0	  5.0	0.71197	0.00193
  5.0	 10.0	0.86299	0.00117
 10.0	 15.0	0.91241	0.00088
 15.0	 20.0	0.92849	0.00076
 20.0	 25.0	0.93386	0.00072
 25.0	 30.0	0.93021	0.00072
 30.0	 35.0	0.92138	0.00078
 35.0	 40.0	0.90524	0.00087
 40.0	 45.0	0.88003	0.00100
 45.0	 50.0	0.84576	0.00119
 50.0	 55.0	0.79573	0.00144
 55.0	 60.0	0.72510	0.00179
 60.0	 65.0	0.63615	0.00229
 65.0	 70.0	0.53286	0.00304
 70.0	 75.0	0.42177	0.00426
 75.0	 80.0	0.30793	0.00593
 80.0	 85.0	0.22070	0.00937
 85.0	 90.0	0.15379	0.01705
 90.0	 95.0	0.07551	0.01886
 95.0	100.0	0.03685	0.17589
