  0.0	  2.0	0.65001	0.00329
  2.0	  4.0	0.66942	0.00315
  4.0	  6.0	0.67409	0.00305
  6.0	  8.0	0.67935	0.00302
  8.0	 10.0	0.68003	0.00297
 10.0	 12.0	0.67802	0.00301
 12.0	 14.0	0.67048	0.00301
 14.0	 16.0	0.66780	0.00305
 16.0	 18.0	0.66389	0.00308
 18.0	 20.0	0.64866	0.00311
 20.0	 22.0	0.64280	0.00316
 22.0	 24.0	0.63750	0.00325
 24.0	 26.0	0.62412	0.00331
 26.0	 28.0	0.61535	0.00338
 28.0	 30.0	0.60026	0.00350
 30.0	 32.0	0.58178	0.00352
 32.0	 34.0	0.57736	0.00372
 34.0	 36.0	0.55353	0.00381
 36.0	 38.0	0.53606	0.00395
 38.0	 40.0	0.51682	0.00414
 40.0	 42.0	0.49190	0.00433
 42.0	 44.0	0.47776	0.00464
 44.0	 46.0	0.43863	0.00473
 46.0	 48.0	0.42689	0.00519
 48.0	 50.0	0.39787	0.00545
 50.0	 52.0	0.36094	0.00575
 52.0	 54.0	0.35318	0.00698
 54.0	 56.0	0.31904	0.00732
 56.0	 58.0	0.28007	0.00790
 58.0	 60.0	0.24481	0.00871
 60.0	 62.0	0.22186	0.01079
 62.0	 64.0	0.19264	0.01099
 64.0	 66.0	0.14383	0.01177
 66.0	 68.0	0.12849	0.01439
 68.0	 70.0	0.10899	0.01799
 70.0	 72.0	0.09510	0.02863
 72.0	 74.0	0.05485	0.02037
 74.0	 76.0	0.02345	0.04733
 76.0	 78.0	0.02294	0.02558
 78.0	 80.0	0.02048	0.04899
 80.0	 82.0	0.01993	0.03193
 82.0	 84.0	0.03896	0.23638
 84.0	 86.0	0.02478	0.06385
 86.0	 88.0	0.03371	0.02404
 88.0	 90.0	0.03503	0.05703
 90.0	 92.0	0.02467	0.03300
 92.0	 94.0	0.03377	0.42323
 94.0	 96.0	0.10336	0.28339
 96.0	 98.0	0.00827	0.14475
 98.0	100.0	0.79488	1.34790
