  0.0	  5.0	0.66141	0.00201
  5.0	 10.0	0.67972	0.00191
 10.0	 15.0	0.67346	0.00191
 15.0	 20.0	0.65815	0.00195
 20.0	 25.0	0.63708	0.00204
 25.0	 30.0	0.61105	0.00216
 30.0	 35.0	0.57534	0.00231
 35.0	 40.0	0.53100	0.00253
 40.0	 45.0	0.47739	0.00286
 45.0	 50.0	0.41629	0.00328
 50.0	 55.0	0.35111	0.00408
 55.0	 60.0	0.27284	0.00511
 60.0	 65.0	0.19676	0.00685
 65.0	 70.0	0.12353	0.00967
 70.0	 75.0	0.06995	0.01489
 75.0	 80.0	0.02280	0.01586
 80.0	 85.0	0.01978	0.03762
 85.0	 90.0	0.05531	0.04319
 90.0	 95.0	0.00783	0.05437
 95.0	100.0	0.13575	0.49461
