  0.0	  1.0	0.64318	0.00468
  1.0	  2.0	0.65679	0.00463
  2.0	  3.0	0.66905	0.00453
  3.0	  4.0	0.66984	0.00438
  4.0	  5.0	0.66831	0.00425
  5.0	  6.0	0.67993	0.00437
  6.0	  7.0	0.68178	0.00428
  7.0	  8.0	0.67693	0.00426
  8.0	  9.0	0.68133	0.00423
  9.0	 10.0	0.67875	0.00418
 10.0	 11.0	0.67845	0.00426
 11.0	 12.0	0.67758	0.00425
 12.0	 13.0	0.67590	0.00428
 13.0	 14.0	0.66504	0.00424
 14.0	 15.0	0.67025	0.00430
 15.0	 16.0	0.66535	0.00432
 16.0	 17.0	0.66302	0.00433
 17.0	 18.0	0.66478	0.00439
 18.0	 19.0	0.64534	0.00434
 19.0	 20.0	0.65202	0.00445
 20.0	 21.0	0.64660	0.00447
 21.0	 22.0	0.63902	0.00446
 22.0	 23.0	0.63927	0.00461
 23.0	 24.0	0.63573	0.00458
 24.0	 25.0	0.62468	0.00463
 25.0	 26.0	0.62358	0.00474
 26.0	 27.0	0.62119	0.00477
 27.0	 28.0	0.60948	0.00480
 28.0	 29.0	0.60250	0.00490
 29.0	 30.0	0.59803	0.00500
 30.0	 31.0	0.58537	0.00491
 31.0	 32.0	0.57812	0.00505
 32.0	 33.0	0.58402	0.00516
 33.0	 34.0	0.57050	0.00535
 34.0	 35.0	0.55845	0.00537
 35.0	 36.0	0.54855	0.00540
 36.0	 37.0	0.53888	0.00556
 37.0	 38.0	0.53321	0.00563
 38.0	 39.0	0.51682	0.00580
 39.0	 40.0	0.51684	0.00593
 40.0	 41.0	0.48897	0.00596
 41.0	 42.0	0.49498	0.00630
 42.0	 43.0	0.48052	0.00643
 43.0	 44.0	0.47502	0.00671
 44.0	 45.0	0.44610	0.00668
 45.0	 46.0	0.43114	0.00669
 46.0	 47.0	0.44310	0.00749
 47.0	 48.0	0.41090	0.00718
 48.0	 49.0	0.40689	0.00764
 49.0	 50.0	0.38864	0.00777
 50.0	 51.0	0.36453	0.00786
 51.0	 52.0	0.35741	0.00845
 52.0	 53.0	0.35837	0.00962
 53.0	 54.0	0.34790	0.01014
 54.0	 55.0	0.32874	0.01026
 55.0	 56.0	0.30872	0.01045
 56.0	 57.0	0.28916	0.01100
 57.0	 58.0	0.27065	0.01135
 58.0	 59.0	0.27253	0.01359
 59.0	 60.0	0.21859	0.01127
 60.0	 61.0	0.22320	0.01495
 61.0	 62.0	0.22039	0.01558
 62.0	 63.0	0.18676	0.01411
 63.0	 64.0	0.19999	0.01743
 64.0	 65.0	0.15011	0.01490
 65.0	 66.0	0.13663	0.01926
 66.0	 67.0	0.13726	0.02014
 67.0	 68.0	0.11693	0.02090
 68.0	 69.0	0.09890	0.02240
 69.0	 70.0	0.12082	0.02978
 70.0	 71.0	0.05630	0.02676
 71.0	 72.0	0.15337	0.10313
 72.0	 73.0	0.01222	0.07660
 73.0	 74.0	0.08259	0.03756
 74.0	 75.0	0.04018	0.04207
 75.0	 76.0	0.02266	0.06933
 76.0	 77.0	0.01275	0.02350
 77.0	 78.0	0.05819	0.03960
 78.0	 79.0	0.01473	0.14465
 79.0	 80.0	0.03860	0.04196
 80.0	 81.0	0.14559	0.47474
 81.0	 82.0	0.01195	0.04184
 82.0	 83.0	0.03510	0.05951
 83.0	 84.0	0.00812	0.11335
 84.0	 85.0	0.03092	0.06196
 85.0	 86.0	0.05855	0.09932
 86.0	 87.0	0.05700	0.04008
 87.0	 88.0	0.00600	0.06872
 88.0	 89.0	0.06002	0.12083
 89.0	 90.0	0.01363	0.08055
 90.0	 91.0	0.02910	0.03963
 91.0	 92.0	0.01009	0.12910
 92.0	 93.0	0.07459	0.13908
 93.0	 94.0	0.21454	0.33807
 94.0	 95.0	0.13756	0.45189
 95.0	 96.0	0.08721	0.19765
 96.0	 97.0	0.03794	0.45559
 97.0	 98.0	0.07634	0.21040
 98.0	 99.0	0.80848	1.60779
 99.0	100.0	1.06995	0.76114
