  0.0	  2.0	0.50761	0.00289
  2.0	  4.0	0.61131	0.00223
  4.0	  6.0	0.70119	0.00180
  6.0	  8.0	0.75916	0.00151
  8.0	 10.0	0.80116	0.00133
 10.0	 12.0	0.82731	0.00118
 12.0	 14.0	0.84169	0.00109
 14.0	 16.0	0.85481	0.00103
 16.0	 18.0	0.86100	0.00097
 18.0	 20.0	0.86584	0.00095
 20.0	 22.0	0.86808	0.00094
 22.0	 24.0	0.86782	0.00093
 24.0	 26.0	0.86738	0.00093
 26.0	 28.0	0.86457	0.00094
 28.0	 30.0	0.85974	0.00097
 30.0	 32.0	0.85398	0.00100
 32.0	 34.0	0.84477	0.00104
 34.0	 36.0	0.83698	0.00108
 36.0	 38.0	0.82477	0.00113
 38.0	 40.0	0.81193	0.00118
 40.0	 42.0	0.79722	0.00125
 42.0	 44.0	0.77936	0.00133
 44.0	 46.0	0.76057	0.00142
 46.0	 48.0	0.73701	0.00151
 48.0	 50.0	0.71219	0.00160
 50.0	 52.0	0.68999	0.00174
 52.0	 54.0	0.65972	0.00186
 54.0	 56.0	0.62609	0.00198
 56.0	 58.0	0.59443	0.00215
 58.0	 60.0	0.55351	0.00232
 60.0	 62.0	0.51790	0.00254
 62.0	 64.0	0.47988	0.00279
 64.0	 66.0	0.44109	0.00309
 66.0	 68.0	0.39447	0.00334
 68.0	 70.0	0.35130	0.00372
 70.0	 72.0	0.31375	0.00422
 72.0	 74.0	0.27406	0.00476
 74.0	 76.0	0.23358	0.00548
 76.0	 78.0	0.19279	0.00616
 78.0	 80.0	0.15942	0.00726
 80.0	 82.0	0.13405	0.00883
 82.0	 84.0	0.09864	0.01092
 84.0	 86.0	0.05023	0.01153
 86.0	 88.0	0.07595	0.01560
 88.0	 90.0	0.04822	0.02025
 90.0	 92.0	0.02967	0.02164
 92.0	 94.0	0.01574	0.09946
 94.0	 96.0	0.06073	0.04134
 96.0	 98.0	0.11591	0.09218
 98.0	100.0	0.19153	0.10626
