  0.0	  1.0	0.48399	0.00437
  1.0	  2.0	0.53027	0.00384
  2.0	  3.0	0.58770	0.00338
  3.0	  4.0	0.63411	0.00295
  4.0	  5.0	0.68202	0.00268
  5.0	  6.0	0.71985	0.00241
  6.0	  7.0	0.74594	0.00223
  7.0	  8.0	0.77208	0.00205
  8.0	  9.0	0.79267	0.00193
  9.0	 10.0	0.80952	0.00182
 10.0	 11.0	0.82196	0.00171
 11.0	 12.0	0.83259	0.00164
 12.0	 13.0	0.83662	0.00157
 13.0	 14.0	0.84676	0.00152
 14.0	 15.0	0.85398	0.00147
 15.0	 16.0	0.85565	0.00144
 16.0	 17.0	0.85979	0.00139
 17.0	 18.0	0.86221	0.00137
 18.0	 19.0	0.86515	0.00135
 19.0	 20.0	0.86653	0.00132
 20.0	 21.0	0.86875	0.00133
 21.0	 22.0	0.86742	0.00132
 22.0	 23.0	0.87015	0.00131
 23.0	 24.0	0.86550	0.00131
 24.0	 25.0	0.86954	0.00131
 25.0	 26.0	0.86520	0.00134
 26.0	 27.0	0.86524	0.00133
 27.0	 28.0	0.86390	0.00135
 28.0	 29.0	0.85918	0.00136
 29.0	 30.0	0.86032	0.00138
 30.0	 31.0	0.85652	0.00139
 31.0	 32.0	0.85141	0.00142
 32.0	 33.0	0.84577	0.00145
 33.0	 34.0	0.84375	0.00149
 34.0	 35.0	0.84110	0.00151
 35.0	 36.0	0.83282	0.00155
 36.0	 37.0	0.82777	0.00158
 37.0	 38.0	0.82175	0.00162
 38.0	 39.0	0.81507	0.00165
 39.0	 40.0	0.80877	0.00170
 40.0	 41.0	0.80143	0.00174
 41.0	 42.0	0.79297	0.00180
 42.0	 43.0	0.78492	0.00185
 43.0	 44.0	0.77376	0.00191
 44.0	 45.0	0.76506	0.00199
 45.0	 46.0	0.75610	0.00203
 46.0	 47.0	0.74358	0.00212
 47.0	 48.0	0.73049	0.00215
 48.0	 49.0	0.71911	0.00223
 49.0	 50.0	0.70517	0.00231
 50.0	 51.0	0.69643	0.00242
 51.0	 52.0	0.68348	0.00250
 52.0	 53.0	0.66899	0.00259
 53.0	 54.0	0.65033	0.00266
 54.0	 55.0	0.63247	0.00276
 55.0	 56.0	0.61965	0.00285
 56.0	 57.0	0.60502	0.00298
 57.0	 58.0	0.58356	0.00312
 58.0	 59.0	0.55957	0.00321
 59.0	 60.0	0.54732	0.00335
 60.0	 61.0	0.52579	0.00349
 61.0	 62.0	0.50993	0.00368
 62.0	 63.0	0.48629	0.00384
 63.0	 64.0	0.47346	0.00407
 64.0	 65.0	0.44922	0.00423
 65.0	 66.0	0.43292	0.00451
 66.0	 67.0	0.40933	0.00463
 67.0	 68.0	0.37914	0.00481
 68.0	 69.0	0.36198	0.00511
 69.0	 70.0	0.34027	0.00542
 70.0	 71.0	0.33077	0.00588
 71.0	 72.0	0.29563	0.00606
 72.0	 73.0	0.28432	0.00644
 73.0	 74.0	0.26350	0.00706
 74.0	 75.0	0.24950	0.00782
 75.0	 76.0	0.21773	0.00767
 76.0	 77.0	0.19741	0.00829
 77.0	 78.0	0.18787	0.00922
 78.0	 79.0	0.16037	0.00946
 79.0	 80.0	0.15893	0.01131
 80.0	 81.0	0.14628	0.01243
 81.0	 82.0	0.12124	0.01257
 82.0	 83.0	0.07863	0.01707
 83.0	 84.0	0.11574	0.01559
 84.0	 85.0	0.03911	0.01902
 85.0	 86.0	0.06039	0.01566
 86.0	 87.0	0.09767	0.02274
 87.0	 88.0	0.04715	0.02120
 88.0	 89.0	0.05207	0.03447
 89.0	 90.0	0.04641	0.02585
 90.0	 91.0	0.02410	0.05696
 91.0	 92.0	0.01020	0.07794
 92.0	 93.0	0.01977	0.07031
 93.0	 94.0	0.04662	0.08021
 94.0	 95.0	0.03310	0.05706
 95.0	 96.0	0.15299	0.13399
 96.0	 97.0	0.07415	0.22357
 97.0	 98.0	0.04648	0.34389
 98.0	 99.0	0.19382	0.10547
 99.0	100.0	0.31279	0.81467
