  0.0	  5.0	0.58761	0.00150
  5.0	 10.0	0.76876	0.00093
 10.0	 15.0	0.83844	0.00071
 15.0	 20.0	0.86187	0.00061
 20.0	 25.0	0.86827	0.00059
 25.0	 30.0	0.86277	0.00060
 30.0	 35.0	0.84773	0.00065
 35.0	 40.0	0.82128	0.00072
 40.0	 45.0	0.78378	0.00083
 45.0	 50.0	0.73107	0.00097
 50.0	 55.0	0.66668	0.00116
 55.0	 60.0	0.58367	0.00138
 60.0	 65.0	0.48976	0.00172
 65.0	 70.0	0.38609	0.00218
 70.0	 75.0	0.28608	0.00293
 75.0	 80.0	0.18585	0.00401
 80.0	 85.0	0.10465	0.00613
 85.0	 90.0	0.06270	0.00963
 90.0	 95.0	0.02931	0.02088
 95.0	100.0	0.02208	0.18367
