  0.0	  2.0	0.50716	0.00257
  2.0	  4.0	0.52293	0.00245
  4.0	  6.0	0.52733	0.00238
  6.0	  8.0	0.52631	0.00235
  8.0	 10.0	0.52534	0.00234
 10.0	 12.0	0.52525	0.00235
 12.0	 14.0	0.51805	0.00239
 14.0	 16.0	0.50769	0.00239
 16.0	 18.0	0.50493	0.00242
 18.0	 20.0	0.50161	0.00248
 20.0	 22.0	0.48995	0.00253
 22.0	 24.0	0.48132	0.00255
 24.0	 26.0	0.46737	0.00260
 26.0	 28.0	0.46061	0.00268
 28.0	 30.0	0.44374	0.00274
 30.0	 32.0	0.43759	0.00285
 32.0	 34.0	0.42332	0.00288
 34.0	 36.0	0.40480	0.00301
 36.0	 38.0	0.39347	0.00314
 38.0	 40.0	0.37941	0.00329
 40.0	 42.0	0.35760	0.00345
 42.0	 44.0	0.33568	0.00359
 44.0	 46.0	0.31364	0.00379
 46.0	 48.0	0.29686	0.00412
 48.0	 50.0	0.27877	0.00433
 50.0	 52.0	0.24587	0.00456
 52.0	 54.0	0.22575	0.00510
 54.0	 56.0	0.19758	0.00544
 56.0	 58.0	0.18754	0.00630
 58.0	 60.0	0.17342	0.00747
 60.0	 62.0	0.14503	0.00810
 62.0	 64.0	0.15746	0.01100
 64.0	 66.0	0.09807	0.01173
 66.0	 68.0	0.11349	0.01427
 68.0	 70.0	0.06761	0.01655
 70.0	 72.0	0.03815	0.01962
 72.0	 74.0	0.05688	0.02666
 74.0	 76.0	0.02358	0.03169
 76.0	 78.0	0.06079	0.05261
 78.0	 80.0	0.03249	0.02939
 80.0	 82.0	0.06421	0.05586
 82.0	 84.0	0.67950	91.99314
 84.0	 86.0	0.12831	0.15204
 86.0	 88.0	0.00692	0.02515
 88.0	 90.0	0.00473	0.07357
 90.0	 92.0	0.46989	82.57523
 92.0	 94.0	0.03012	0.05662
 94.0	 96.0	0.01778	0.23852
 96.0	 98.0	0.27878	2.56902
 98.0	100.0	0.22746	0.25934
