  0.0	  5.0	0.51764	0.00157
  5.0	 10.0	0.52605	0.00149
 10.0	 15.0	0.51981	0.00150
 15.0	 20.0	0.50324	0.00154
 20.0	 25.0	0.48207	0.00161
 25.0	 30.0	0.45528	0.00171
 30.0	 35.0	0.42692	0.00183
 35.0	 40.0	0.38864	0.00200
 40.0	 45.0	0.34170	0.00226
 45.0	 50.0	0.29183	0.00260
 50.0	 55.0	0.23124	0.00309
 55.0	 60.0	0.18075	0.00412
 60.0	 65.0	0.14206	0.00604
 65.0	 70.0	0.09178	0.00902
 70.0	 75.0	0.03679	0.01452
 75.0	 80.0	0.04738	0.10545
 80.0	 85.0	0.05005	0.05126
 85.0	 90.0	0.01603	0.06500
 90.0	 95.0	0.04002	0.03587
 95.0	100.0	0.03092	0.13448
