  0.0	  1.0	0.50142	0.00367
  1.0	  2.0	0.51284	0.00361
  2.0	  3.0	0.51957	0.00348
  3.0	  4.0	0.52624	0.00344
  4.0	  5.0	0.52772	0.00340
  5.0	  6.0	0.52696	0.00334
  6.0	  7.0	0.53014	0.00335
  7.0	  8.0	0.52252	0.00330
  8.0	  9.0	0.52600	0.00331
  9.0	 10.0	0.52469	0.00331
 10.0	 11.0	0.52755	0.00332
 11.0	 12.0	0.52296	0.00333
 12.0	 13.0	0.52067	0.00335
 13.0	 14.0	0.51539	0.00341
 14.0	 15.0	0.51226	0.00336
 15.0	 16.0	0.50309	0.00341
 16.0	 17.0	0.50849	0.00341
 17.0	 18.0	0.50132	0.00344
 18.0	 19.0	0.50313	0.00352
 19.0	 20.0	0.50011	0.00349
 20.0	 21.0	0.49347	0.00358
 21.0	 22.0	0.48645	0.00357
 22.0	 23.0	0.48489	0.00357
 23.0	 24.0	0.47770	0.00365
 24.0	 25.0	0.46762	0.00361
 25.0	 26.0	0.46718	0.00375
 26.0	 27.0	0.46566	0.00377
 27.0	 28.0	0.45553	0.00381
 28.0	 29.0	0.44602	0.00385
 29.0	 30.0	0.44142	0.00391
 30.0	 31.0	0.44201	0.00398
 31.0	 32.0	0.43308	0.00407
 32.0	 33.0	0.42853	0.00403
 33.0	 34.0	0.41795	0.00412
 34.0	 35.0	0.41233	0.00425
 35.0	 36.0	0.39715	0.00426
 36.0	 37.0	0.39594	0.00439
 37.0	 38.0	0.39095	0.00448
 38.0	 39.0	0.38862	0.00463
 39.0	 40.0	0.37007	0.00466
 40.0	 41.0	0.35614	0.00474
 41.0	 42.0	0.35926	0.00503
 42.0	 43.0	0.33573	0.00499
 43.0	 44.0	0.33568	0.00517
 44.0	 45.0	0.32024	0.00537
 45.0	 46.0	0.30702	0.00534
 46.0	 47.0	0.30419	0.00591
 47.0	 48.0	0.28967	0.00574
 48.0	 49.0	0.28395	0.00601
 49.0	 50.0	0.27346	0.00624
 50.0	 51.0	0.24690	0.00621
 51.0	 52.0	0.24501	0.00672
 52.0	 53.0	0.23356	0.00720
 53.0	 54.0	0.21766	0.00722
 54.0	 55.0	0.21093	0.00747
 55.0	 56.0	0.18323	0.00796
 56.0	 57.0	0.19742	0.00867
 57.0	 58.0	0.17713	0.00917
 58.0	 59.0	0.17469	0.00990
 59.0	 60.0	0.17194	0.01141
 60.0	 61.0	0.15316	0.01048
 61.0	 62.0	0.13608	0.01277
 62.0	 63.0	0.14780	0.01445
 63.0	 64.0	0.16741	0.01724
 64.0	 65.0	0.10596	0.01605
 65.0	 66.0	0.08972	0.01722
 66.0	 67.0	0.12644	0.02018
 67.0	 68.0	0.09626	0.02114
 68.0	 69.0	0.08415	0.02329
 69.0	 70.0	0.04924	0.02617
 70.0	 71.0	0.03306	0.02055
 71.0	 72.0	0.05034	0.04897
 72.0	 73.0	0.06079	0.02678
 73.0	 74.0	0.06126	0.11067
 74.0	 75.0	0.01636	0.05554
 75.0	 76.0	0.03043	0.02837
 76.0	 77.0	0.08666	0.04719
 77.0	 78.0	0.06879	0.22956
 78.0	 79.0	0.01623	0.04904
 79.0	 80.0	0.07432	0.36757
 80.0	 81.0	0.05474	0.05013
 81.0	 82.0	0.26331	6.79761
 82.0	 83.0	0.11876	0.71811
 83.0	 84.0	0.11560	0.63749
 84.0	 85.0	0.18788	0.33807
 85.0	 86.0	0.02945	0.18585
 86.0	 87.0	0.01856	0.05649
 87.0	 88.0	0.00612	0.04618
 88.0	 89.0	0.03877	0.03913
 89.0	 90.0	0.01630	0.02488
 90.0	 91.0	0.12412	0.18826
 91.0	 92.0	0.12287	0.15828
 92.0	 93.0	0.03190	0.09852
 93.0	 94.0	0.02371	0.10053
 94.0	 95.0	0.06478	0.10759
 95.0	 96.0	0.06787	0.08374
 96.0	 97.0	0.15753	0.99740
 97.0	 98.0	0.33399	4.02376
 98.0	 99.0	0.07326	0.63385
 99.0	100.0	0.78925	1.38074
