  0.0	  1.0	0.47681	0.00430
  1.0	  2.0	0.53095	0.00385
  2.0	  3.0	0.58645	0.00337
  3.0	  4.0	0.64193	0.00299
  4.0	  5.0	0.68715	0.00270
  5.0	  6.0	0.72615	0.00243
  6.0	  7.0	0.75056	0.00224
  7.0	  8.0	0.77352	0.00206
  8.0	  9.0	0.79160	0.00193
  9.0	 10.0	0.80704	0.00181
 10.0	 11.0	0.82179	0.00171
 11.0	 12.0	0.83184	0.00163
 12.0	 13.0	0.84020	0.00158
 13.0	 14.0	0.84581	0.00151
 14.0	 15.0	0.85322	0.00147
 15.0	 16.0	0.85683	0.00144
 16.0	 17.0	0.86217	0.00139
 17.0	 18.0	0.86543	0.00137
 18.0	 19.0	0.86766	0.00136
 19.0	 20.0	0.87190	0.00133
 20.0	 21.0	0.86822	0.00133
 21.0	 22.0	0.87063	0.00132
 22.0	 23.0	0.87005	0.00131
 23.0	 24.0	0.86963	0.00132
 24.0	 25.0	0.86973	0.00131
 25.0	 26.0	0.86835	0.00134
 26.0	 27.0	0.86634	0.00133
 27.0	 28.0	0.86381	0.00135
 28.0	 29.0	0.86406	0.00137
 29.0	 30.0	0.85969	0.00138
 30.0	 31.0	0.85713	0.00139
 31.0	 32.0	0.85396	0.00143
 32.0	 33.0	0.84691	0.00145
 33.0	 34.0	0.84380	0.00149
 34.0	 35.0	0.83909	0.00151
 35.0	 36.0	0.83477	0.00155
 36.0	 37.0	0.82911	0.00158
 37.0	 38.0	0.82295	0.00163
 38.0	 39.0	0.82189	0.00166
 39.0	 40.0	0.80952	0.00170
 40.0	 41.0	0.80234	0.00175
 41.0	 42.0	0.79494	0.00180
 42.0	 43.0	0.78927	0.00186
 43.0	 44.0	0.77824	0.00192
 44.0	 45.0	0.76514	0.00199
 45.0	 46.0	0.75628	0.00203
 46.0	 47.0	0.74812	0.00213
 47.0	 48.0	0.73810	0.00217
 48.0	 49.0	0.72728	0.00225
 49.0	 50.0	0.71265	0.00233
 50.0	 51.0	0.69704	0.00242
 51.0	 52.0	0.68285	0.00250
 52.0	 53.0	0.67138	0.00260
 53.0	 54.0	0.65565	0.00268
 54.0	 55.0	0.63737	0.00278
 55.0	 56.0	0.62244	0.00286
 56.0	 57.0	0.60721	0.00299
 57.0	 58.0	0.58682	0.00314
 58.0	 59.0	0.56807	0.00326
 59.0	 60.0	0.55052	0.00337
 60.0	 61.0	0.53123	0.00353
 61.0	 62.0	0.50479	0.00365
 62.0	 63.0	0.49311	0.00389
 63.0	 64.0	0.47025	0.00404
 64.0	 65.0	0.44100	0.00415
 65.0	 66.0	0.42044	0.00438
 66.0	 67.0	0.40749	0.00461
 67.0	 68.0	0.38447	0.00488
 68.0	 69.0	0.37636	0.00532
 69.0	 70.0	0.34044	0.00543
 70.0	 71.0	0.32749	0.00582
 71.0	 72.0	0.29245	0.00600
 72.0	 73.0	0.28597	0.00648
 73.0	 74.0	0.25977	0.00696
 74.0	 75.0	0.23724	0.00744
 75.0	 76.0	0.22536	0.00794
 76.0	 77.0	0.21462	0.00901
 77.0	 78.0	0.18091	0.00888
 78.0	 79.0	0.17618	0.01040
 79.0	 80.0	0.14219	0.01012
 80.0	 81.0	0.12545	0.01066
 81.0	 82.0	0.11586	0.01201
 82.0	 83.0	0.07143	0.01551
 83.0	 84.0	0.10807	0.01456
 84.0	 85.0	0.06425	0.03125
 85.0	 86.0	0.09127	0.02367
 86.0	 87.0	0.07174	0.01670
 87.0	 88.0	0.09742	0.04381
 88.0	 89.0	0.05346	0.03539
 89.0	 90.0	0.06523	0.03634
 90.0	 91.0	0.02856	0.06751
 91.0	 92.0	0.32321	2.47059
 92.0	 93.0	0.02859	0.10167
 93.0	 94.0	0.03104	0.05339
 94.0	 95.0	0.05584	0.09626
 95.0	 96.0	0.05487	0.04805
 96.0	 97.0	0.35525	1.07114
 97.0	 98.0	0.03295	0.24377
 98.0	 99.0	0.35462	0.19298
 99.0	100.0	0.10501	0.27352
