  0.0	  5.0	0.58925	0.00151
  5.0	 10.0	0.77035	0.00094
 10.0	 15.0	0.83863	0.00071
 15.0	 20.0	0.86481	0.00062
 20.0	 25.0	0.86966	0.00059
 25.0	 30.0	0.86446	0.00060
 30.0	 35.0	0.84821	0.00065
 35.0	 40.0	0.82369	0.00073
 40.0	 45.0	0.78614	0.00083
 45.0	 50.0	0.73661	0.00098
 50.0	 55.0	0.66914	0.00116
 55.0	 60.0	0.58761	0.00139
 60.0	 65.0	0.48906	0.00172
 65.0	 70.0	0.38679	0.00218
 70.0	 75.0	0.28220	0.00289
 75.0	 80.0	0.18963	0.00409
 80.0	 85.0	0.10352	0.00606
 85.0	 90.0	0.07621	0.01171
 90.0	 95.0	0.04481	0.03193
 95.0	100.0	0.01904	0.15837
