  0.0	  2.0	0.50458	0.00287
  2.0	  4.0	0.61483	0.00224
  4.0	  6.0	0.70692	0.00181
  6.0	  8.0	0.76215	0.00152
  8.0	 10.0	0.79937	0.00132
 10.0	 12.0	0.82684	0.00118
 12.0	 14.0	0.84299	0.00109
 14.0	 16.0	0.85503	0.00103
 16.0	 18.0	0.86380	0.00098
 18.0	 20.0	0.86979	0.00095
 20.0	 22.0	0.86943	0.00094
 22.0	 24.0	0.86984	0.00093
 24.0	 26.0	0.86904	0.00094
 26.0	 28.0	0.86507	0.00095
 28.0	 30.0	0.86188	0.00097
 30.0	 32.0	0.85556	0.00100
 32.0	 34.0	0.84537	0.00104
 34.0	 36.0	0.83694	0.00108
 36.0	 38.0	0.82604	0.00113
 38.0	 40.0	0.81572	0.00119
 40.0	 42.0	0.79866	0.00126
 42.0	 44.0	0.78378	0.00134
 44.0	 46.0	0.76071	0.00142
 46.0	 48.0	0.74309	0.00152
 48.0	 50.0	0.72002	0.00162
 50.0	 52.0	0.68999	0.00174
 52.0	 54.0	0.66357	0.00187
 54.0	 56.0	0.62994	0.00200
 56.0	 58.0	0.59714	0.00216
 58.0	 60.0	0.55941	0.00234
 60.0	 62.0	0.51813	0.00254
 62.0	 64.0	0.48179	0.00281
 64.0	 66.0	0.43082	0.00302
 66.0	 68.0	0.39616	0.00335
 68.0	 70.0	0.35862	0.00380
 70.0	 72.0	0.31051	0.00417
 72.0	 74.0	0.27312	0.00474
 74.0	 76.0	0.23138	0.00543
 76.0	 78.0	0.19792	0.00632
 78.0	 80.0	0.15929	0.00725
 80.0	 82.0	0.12095	0.00796
 82.0	 84.0	0.09075	0.01005
 84.0	 86.0	0.07954	0.01825
 86.0	 88.0	0.07720	0.01586
 88.0	 90.0	0.06009	0.02523
 90.0	 92.0	0.06313	0.04605
 92.0	 94.0	0.01550	0.09792
 94.0	 96.0	0.06634	0.04516
 96.0	 98.0	0.16435	0.13070
 98.0	100.0	0.29708	0.16481
