  0.0	  1.0	0.50258	0.00368
  1.0	  2.0	0.51426	0.00362
  2.0	  3.0	0.52193	0.00350
  3.0	  4.0	0.52076	0.00340
  4.0	  5.0	0.52569	0.00339
  5.0	  6.0	0.53097	0.00337
  6.0	  7.0	0.53007	0.00335
  7.0	  8.0	0.53480	0.00338
  8.0	  9.0	0.52852	0.00333
  9.0	 10.0	0.53018	0.00334
 10.0	 11.0	0.53173	0.00335
 11.0	 12.0	0.52946	0.00337
 12.0	 13.0	0.51604	0.00332
 13.0	 14.0	0.51615	0.00341
 14.0	 15.0	0.51973	0.00341
 15.0	 16.0	0.50843	0.00344
 16.0	 17.0	0.50600	0.00339
 17.0	 18.0	0.50628	0.00347
 18.0	 19.0	0.49571	0.00347
 19.0	 20.0	0.49962	0.00348
 20.0	 21.0	0.48615	0.00353
 21.0	 22.0	0.48568	0.00356
 22.0	 23.0	0.49111	0.00362
 23.0	 24.0	0.47516	0.00363
 24.0	 25.0	0.47667	0.00368
 25.0	 26.0	0.46617	0.00374
 26.0	 27.0	0.45874	0.00372
 27.0	 28.0	0.45311	0.00379
 28.0	 29.0	0.45678	0.00394
 29.0	 30.0	0.44374	0.00393
 30.0	 31.0	0.43678	0.00393
 31.0	 32.0	0.42730	0.00402
 32.0	 33.0	0.43424	0.00408
 33.0	 34.0	0.42479	0.00419
 34.0	 35.0	0.41369	0.00426
 35.0	 36.0	0.40747	0.00438
 36.0	 37.0	0.38878	0.00431
 37.0	 38.0	0.38880	0.00446
 38.0	 39.0	0.37812	0.00451
 39.0	 40.0	0.37445	0.00472
 40.0	 41.0	0.36219	0.00482
 41.0	 42.0	0.35378	0.00495
 42.0	 43.0	0.34465	0.00512
 43.0	 44.0	0.33294	0.00513
 44.0	 45.0	0.32538	0.00545
 45.0	 46.0	0.31528	0.00549
 46.0	 47.0	0.29695	0.00577
 47.0	 48.0	0.30226	0.00599
 48.0	 49.0	0.28757	0.00608
 49.0	 50.0	0.27940	0.00638
 50.0	 51.0	0.26301	0.00662
 51.0	 52.0	0.24587	0.00674
 52.0	 53.0	0.22745	0.00701
 53.0	 54.0	0.23269	0.00772
 54.0	 55.0	0.23072	0.00817
 55.0	 56.0	0.19935	0.00866
 56.0	 57.0	0.19489	0.00856
 57.0	 58.0	0.18170	0.00941
 58.0	 59.0	0.18272	0.01035
 59.0	 60.0	0.14920	0.00990
 60.0	 61.0	0.16071	0.01100
 61.0	 62.0	0.12277	0.01152
 62.0	 63.0	0.11057	0.01081
 63.0	 64.0	0.11851	0.01220
 64.0	 65.0	0.09555	0.01447
 65.0	 66.0	0.08488	0.01629
 66.0	 67.0	0.10287	0.01642
 67.0	 68.0	0.06830	0.01500
 68.0	 69.0	0.06689	0.01852
 69.0	 70.0	0.04654	0.02474
 70.0	 71.0	0.06716	0.04176
 71.0	 72.0	0.02870	0.02792
 72.0	 73.0	0.07295	0.03214
 73.0	 74.0	0.01909	0.03448
 74.0	 75.0	0.07914	0.26875
 75.0	 76.0	0.10363	0.09660
 76.0	 77.0	0.04413	0.02403
 77.0	 78.0	0.01456	0.04859
 78.0	 79.0	0.17700	0.53495
 79.0	 80.0	0.00550	0.02720
 80.0	 81.0	0.02656	0.02433
 81.0	 82.0	0.00533	0.13751
 82.0	 83.0	0.01266	0.07654
 83.0	 84.0	0.01393	0.07684
 84.0	 85.0	0.01762	0.03171
 85.0	 86.0	0.12215	0.77086
 86.0	 87.0	0.02389	0.07270
 87.0	 88.0	0.02961	0.22342
 88.0	 89.0	0.06876	0.06939
 89.0	 90.0	0.06954	0.10612
 90.0	 91.0	0.08140	0.12347
 91.0	 92.0	0.05190	0.06686
 92.0	 93.0	0.05671	0.17513
 93.0	 94.0	0.02416	0.10243
 94.0	 95.0	0.03098	0.05146
 95.0	 96.0	0.06763	0.08345
 96.0	 97.0	0.07655	0.48465
 97.0	 98.0	0.03536	0.42600
 98.0	 99.0	0.04016	0.34745
 99.0	100.0	0.34884	0.61027
