  0.0	  2.0	0.50845	0.00258
  2.0	  4.0	0.52131	0.00244
  4.0	  6.0	0.52834	0.00239
  6.0	  8.0	0.53244	0.00238
  8.0	 10.0	0.52935	0.00236
 10.0	 12.0	0.53059	0.00237
 12.0	 14.0	0.51608	0.00238
 14.0	 16.0	0.51410	0.00242
 16.0	 18.0	0.50613	0.00243
 18.0	 20.0	0.49766	0.00246
 20.0	 22.0	0.48591	0.00251
 22.0	 24.0	0.48316	0.00256
 24.0	 26.0	0.47147	0.00262
 26.0	 28.0	0.45593	0.00265
 28.0	 30.0	0.45027	0.00278
 30.0	 32.0	0.43209	0.00281
 32.0	 34.0	0.42959	0.00292
 34.0	 36.0	0.41062	0.00305
 36.0	 38.0	0.38877	0.00310
 38.0	 40.0	0.37628	0.00326
 40.0	 42.0	0.35807	0.00345
 42.0	 44.0	0.33882	0.00362
 44.0	 46.0	0.32037	0.00387
 46.0	 48.0	0.29957	0.00415
 48.0	 50.0	0.28352	0.00440
 50.0	 52.0	0.25457	0.00472
 52.0	 54.0	0.22984	0.00519
 54.0	 56.0	0.21558	0.00593
 56.0	 58.0	0.18845	0.00633
 58.0	 60.0	0.16609	0.00715
 60.0	 62.0	0.14241	0.00795
 62.0	 64.0	0.11492	0.00802
 64.0	 66.0	0.09040	0.01081
 66.0	 68.0	0.08625	0.01084
 68.0	 70.0	0.05844	0.01431
 70.0	 72.0	0.04806	0.02471
 72.0	 74.0	0.04914	0.02303
 74.0	 76.0	0.04100	0.05510
 76.0	 78.0	0.03956	0.03424
 78.0	 80.0	0.03733	0.03377
 80.0	 82.0	0.02224	0.01935
 82.0	 84.0	0.00229	0.30989
 84.0	 86.0	0.02690	0.03188
 86.0	 88.0	0.04615	0.16775
 88.0	 90.0	0.41165	6.39916
 90.0	 92.0	0.00556	0.97769
 92.0	 94.0	0.02826	0.05311
 94.0	 96.0	0.01072	0.14385
 96.0	 98.0	0.04302	0.39646
 98.0	100.0	0.12960	0.14776
