  0.0	  5.0	0.51705	0.00157
  5.0	 10.0	0.53091	0.00150
 10.0	 15.0	0.52265	0.00151
 15.0	 20.0	0.50324	0.00154
 20.0	 25.0	0.48297	0.00161
 25.0	 30.0	0.45574	0.00171
 30.0	 35.0	0.42743	0.00183
 35.0	 40.0	0.38764	0.00200
 40.0	 45.0	0.34411	0.00227
 45.0	 50.0	0.29654	0.00265
 50.0	 55.0	0.24007	0.00321
 55.0	 60.0	0.18236	0.00416
 60.0	 65.0	0.12341	0.00525
 65.0	 70.0	0.07656	0.00752
 70.0	 75.0	0.04294	0.01695
 75.0	 80.0	0.04387	0.09762
 80.0	 85.0	0.03640	0.03728
 85.0	 90.0	0.10379	0.42087
 90.0	 95.0	0.03442	0.03085
 95.0	100.0	0.02670	0.11612
