  0.0	  1.0	0.46938	0.00367
  1.0	  2.0	0.48065	0.00358
  2.0	  3.0	0.49195	0.00354
  3.0	  4.0	0.50078	0.00352
  4.0	  5.0	0.50912	0.00352
  5.0	  6.0	0.50704	0.00349
  6.0	  7.0	0.51412	0.00350
  7.0	  8.0	0.51583	0.00351
  8.0	  9.0	0.52196	0.00353
  9.0	 10.0	0.51880	0.00352
 10.0	 11.0	0.51173	0.00350
 11.0	 12.0	0.51788	0.00353
 12.0	 13.0	0.51345	0.00361
 13.0	 14.0	0.51448	0.00365
 14.0	 15.0	0.51385	0.00364
 15.0	 16.0	0.51717	0.00374
 16.0	 17.0	0.50830	0.00369
 17.0	 18.0	0.50885	0.00374
 18.0	 19.0	0.50263	0.00380
 19.0	 20.0	0.49510	0.00377
 20.0	 21.0	0.49788	0.00390
 21.0	 22.0	0.49052	0.00391
 22.0	 23.0	0.47899	0.00386
 23.0	 24.0	0.48904	0.00402
 24.0	 25.0	0.47936	0.00405
 25.0	 26.0	0.47667	0.00413
 26.0	 27.0	0.47278	0.00416
 27.0	 28.0	0.46891	0.00424
 28.0	 29.0	0.46240	0.00429
 29.0	 30.0	0.45996	0.00440
 30.0	 31.0	0.45114	0.00439
 31.0	 32.0	0.44919	0.00454
 32.0	 33.0	0.44024	0.00447
 33.0	 34.0	0.43421	0.00464
 34.0	 35.0	0.42128	0.00469
 35.0	 36.0	0.41896	0.00487
 36.0	 37.0	0.41352	0.00503
 37.0	 38.0	0.40331	0.00504
 38.0	 39.0	0.38780	0.00507
 39.0	 40.0	0.38692	0.00529
 40.0	 41.0	0.37595	0.00547
 41.0	 42.0	0.37798	0.00557
 42.0	 43.0	0.36624	0.00587
 43.0	 44.0	0.35431	0.00594
 44.0	 45.0	0.33956	0.00617
 45.0	 46.0	0.33429	0.00643
 46.0	 47.0	0.33146	0.00676
 47.0	 48.0	0.31190	0.00671
 48.0	 49.0	0.30652	0.00699
 49.0	 50.0	0.30266	0.00730
 50.0	 51.0	0.28263	0.00798
 51.0	 52.0	0.27519	0.00831
 52.0	 53.0	0.27108	0.00904
 53.0	 54.0	0.25740	0.00914
 54.0	 55.0	0.23698	0.00909
 55.0	 56.0	0.26377	0.01172
 56.0	 57.0	0.21162	0.01027
 57.0	 58.0	0.20288	0.01151
 58.0	 59.0	0.18701	0.01115
 59.0	 60.0	0.16850	0.01252
 60.0	 61.0	0.16488	0.01277
 61.0	 62.0	0.18034	0.01737
 62.0	 63.0	0.16406	0.01706
 63.0	 64.0	0.13597	0.01382
 64.0	 65.0	0.14225	0.02275
 65.0	 66.0	0.15050	0.02895
 66.0	 67.0	0.10948	0.01693
 67.0	 68.0	0.09526	0.02554
 68.0	 69.0	0.08895	0.02788
 69.0	 70.0	0.13140	0.07160
 70.0	 71.0	0.06361	0.05170
 71.0	 72.0	0.17677	0.14098
 72.0	 73.0	0.00769	0.03612
 73.0	 74.0	0.10519	0.10205
 74.0	 75.0	0.04254	0.07608
 75.0	 76.0	0.01665	0.03200
 76.0	 77.0	0.03229	0.03560
 77.0	 78.0	0.04330	0.07241
 78.0	 79.0	0.00998	0.04446
 79.0	 80.0	0.17099	0.67798
 80.0	 81.0	0.16887	0.30682
 81.0	 82.0	0.02035	0.09944
 82.0	 83.0	0.06231	0.05874
 83.0	 84.0	0.02311	0.02895
 84.0	 85.0	0.00162	0.03214
 85.0	 86.0	0.02009	0.06235
 86.0	 87.0	0.07737	0.08564
 87.0	 88.0	0.01591	0.06832
 88.0	 89.0	0.03737	0.02973
 89.0	 90.0	0.01075	0.12494
 90.0	 91.0	0.02997	0.03724
 91.0	 92.0	0.02084	0.18319
 92.0	 93.0	0.08425	0.29552
 93.0	 94.0	0.07952	0.09227
 94.0	 95.0	0.21125	0.27281
 95.0	 96.0	0.07863	0.10257
 96.0	 97.0	0.30983	3.46345
 97.0	 98.0	0.12449	0.14125
 98.0	 99.0	0.03171	0.15246
 99.0	100.0	0.45087	0.46684
