  0.0	  1.0	0.47790	0.00369
  1.0	  2.0	0.48207	0.00359
  2.0	  3.0	0.49664	0.00355
  3.0	  4.0	0.50854	0.00354
  4.0	  5.0	0.50932	0.00352
  5.0	  6.0	0.51474	0.00351
  6.0	  7.0	0.52394	0.00352
  7.0	  8.0	0.51891	0.00352
  8.0	  9.0	0.52623	0.00354
  9.0	 10.0	0.52695	0.00354
 10.0	 11.0	0.52314	0.00352
 11.0	 12.0	0.51913	0.00354
 12.0	 13.0	0.52655	0.00363
 13.0	 14.0	0.51778	0.00365
 14.0	 15.0	0.51769	0.00365
 15.0	 16.0	0.51940	0.00375
 16.0	 17.0	0.51498	0.00370
 17.0	 18.0	0.51571	0.00376
 18.0	 19.0	0.50733	0.00381
 19.0	 20.0	0.50549	0.00379
 20.0	 21.0	0.50819	0.00392
 21.0	 22.0	0.50460	0.00394
 22.0	 23.0	0.48821	0.00388
 23.0	 24.0	0.49405	0.00403
 24.0	 25.0	0.48937	0.00407
 25.0	 26.0	0.48510	0.00415
 26.0	 27.0	0.48117	0.00419
 27.0	 28.0	0.47279	0.00426
 28.0	 29.0	0.46471	0.00430
 29.0	 30.0	0.46294	0.00441
 30.0	 31.0	0.45502	0.00441
 31.0	 32.0	0.44836	0.00454
 32.0	 33.0	0.44640	0.00449
 33.0	 34.0	0.43419	0.00465
 34.0	 35.0	0.42879	0.00472
 35.0	 36.0	0.42645	0.00489
 36.0	 37.0	0.41944	0.00504
 37.0	 38.0	0.41737	0.00510
 38.0	 39.0	0.39734	0.00511
 39.0	 40.0	0.40012	0.00536
 40.0	 41.0	0.38005	0.00550
 41.0	 42.0	0.36961	0.00552
 42.0	 43.0	0.36823	0.00588
 43.0	 44.0	0.36496	0.00600
 44.0	 45.0	0.34574	0.00622
 45.0	 46.0	0.33892	0.00645
 46.0	 47.0	0.32967	0.00675
 47.0	 48.0	0.30842	0.00669
 48.0	 49.0	0.30655	0.00701
 49.0	 50.0	0.29127	0.00721
 50.0	 51.0	0.29663	0.00814
 51.0	 52.0	0.28458	0.00843
 52.0	 53.0	0.26643	0.00901
 53.0	 54.0	0.26034	0.00918
 54.0	 55.0	0.25007	0.00926
 55.0	 56.0	0.24275	0.01122
 56.0	 57.0	0.22636	0.01050
 57.0	 58.0	0.21758	0.01181
 58.0	 59.0	0.19556	0.01135
 59.0	 60.0	0.18473	0.01289
 60.0	 61.0	0.14811	0.01229
 61.0	 62.0	0.17994	0.01744
 62.0	 63.0	0.16869	0.01722
 63.0	 64.0	0.12878	0.01382
 64.0	 65.0	0.14666	0.02299
 65.0	 66.0	0.10331	0.02403
 66.0	 67.0	0.09264	0.01660
 67.0	 68.0	0.10123	0.02969
 68.0	 69.0	0.07623	0.02652
 69.0	 70.0	0.12546	0.07733
 70.0	 71.0	0.09039	0.05723
 71.0	 72.0	0.06125	0.09422
 72.0	 73.0	0.01285	0.05671
 73.0	 74.0	0.11968	0.15409
 74.0	 75.0	0.12820	0.16377
 75.0	 76.0	0.07576	0.04109
 76.0	 77.0	0.01664	0.02766
 77.0	 78.0	0.04146	0.08779
 78.0	 79.0	0.02139	0.04223
 79.0	 80.0	0.11782	0.61655
 80.0	 81.0	0.03430	0.04436
 81.0	 82.0	0.02987	0.04723
 82.0	 83.0	0.23324	2.89460
 83.0	 84.0	0.01906	0.04666
 84.0	 85.0	0.03781	0.05436
 85.0	 86.0	0.01834	0.02946
 86.0	 87.0	0.26260	2.46516
 87.0	 88.0	0.02357	0.06023
 88.0	 89.0	0.02988	0.07275
 89.0	 90.0	0.02578	0.43221
 90.0	 91.0	0.02789	0.03083
 91.0	 92.0	0.03245	0.04712
 92.0	 93.0	0.06860	0.06582
 93.0	 94.0	0.10053	0.15354
 94.0	 95.0	0.07919	0.11241
 95.0	 96.0	0.02112	0.06525
 96.0	 97.0	0.03116	0.17885
 97.0	 98.0	0.21453	0.37322
 98.0	 99.0	0.07374	1.43808
 99.0	100.0	0.13112	0.44693
