  0.0	  2.0	0.47504	0.00256
  2.0	  4.0	0.49638	0.00250
  4.0	  6.0	0.50808	0.00248
  6.0	  8.0	0.51498	0.00248
  8.0	 10.0	0.52038	0.00249
 10.0	 12.0	0.51480	0.00249
 12.0	 14.0	0.51396	0.00256
 14.0	 16.0	0.51547	0.00261
 16.0	 18.0	0.50857	0.00263
 18.0	 20.0	0.49885	0.00267
 20.0	 22.0	0.49420	0.00276
 22.0	 24.0	0.48394	0.00278
 24.0	 26.0	0.47802	0.00289
 26.0	 28.0	0.47084	0.00297
 28.0	 30.0	0.46118	0.00307
 30.0	 32.0	0.45015	0.00316
 32.0	 34.0	0.43726	0.00322
 34.0	 36.0	0.42010	0.00338
 36.0	 38.0	0.40845	0.00356
 38.0	 40.0	0.38733	0.00366
 40.0	 42.0	0.37696	0.00390
 42.0	 44.0	0.36031	0.00418
 44.0	 46.0	0.33690	0.00445
 46.0	 48.0	0.32171	0.00476
 48.0	 50.0	0.30472	0.00505
 50.0	 52.0	0.27905	0.00575
 52.0	 54.0	0.26430	0.00643
 54.0	 56.0	0.24887	0.00720
 56.0	 58.0	0.20729	0.00766
 58.0	 60.0	0.17804	0.00833
 60.0	 62.0	0.17117	0.01031
 62.0	 64.0	0.14919	0.01076
 64.0	 66.0	0.14650	0.01789
 66.0	 68.0	0.10224	0.01411
 68.0	 70.0	0.10349	0.02751
 70.0	 72.0	0.09092	0.04833
 72.0	 74.0	0.03033	0.02375
 74.0	 76.0	0.01974	0.04784
 76.0	 78.0	0.02400	0.02365
 78.0	 80.0	0.04647	0.03607
 80.0	 82.0	0.02947	0.04474
 82.0	 84.0	0.02177	0.03244
 84.0	 86.0	0.01212	0.03922
 86.0	 88.0	0.01304	0.06953
 88.0	 90.0	0.02285	0.03755
 90.0	 92.0	0.03009	0.05417
 92.0	 94.0	0.10195	0.17303
 94.0	 96.0	0.47589	2.87054
 96.0	 98.0	0.10268	0.32468
 98.0	100.0	0.01474	0.24009
