  0.0	  1.0	0.40384	0.00377
  1.0	  2.0	0.45665	0.00339
  2.0	  3.0	0.50254	0.00299
  3.0	  4.0	0.54689	0.00268
  4.0	  5.0	0.58539	0.00242
  5.0	  6.0	0.61975	0.00220
  6.0	  7.0	0.65183	0.00207
  7.0	  8.0	0.68061	0.00193
  8.0	  9.0	0.69942	0.00182
  9.0	 10.0	0.71633	0.00173
 10.0	 11.0	0.73393	0.00165
 11.0	 12.0	0.74587	0.00158
 12.0	 13.0	0.75968	0.00154
 13.0	 14.0	0.77000	0.00149
 14.0	 15.0	0.77585	0.00144
 15.0	 16.0	0.78423	0.00142
 16.0	 17.0	0.78732	0.00138
 17.0	 18.0	0.79342	0.00137
 18.0	 19.0	0.79756	0.00136
 19.0	 20.0	0.79925	0.00133
 20.0	 21.0	0.80142	0.00134
 21.0	 22.0	0.80383	0.00133
 22.0	 23.0	0.80632	0.00132
 23.0	 24.0	0.80696	0.00133
 24.0	 25.0	0.80424	0.00133
 25.0	 26.0	0.80556	0.00134
 26.0	 27.0	0.80618	0.00135
 27.0	 28.0	0.80735	0.00135
 28.0	 29.0	0.80198	0.00138
 29.0	 30.0	0.80129	0.00138
 30.0	 31.0	0.79734	0.00140
 31.0	 32.0	0.79310	0.00144
 32.0	 33.0	0.79168	0.00146
 33.0	 34.0	0.78506	0.00150
 34.0	 35.0	0.77889	0.00151
 35.0	 36.0	0.77583	0.00155
 36.0	 37.0	0.76993	0.00158
 37.0	 38.0	0.76386	0.00162
 38.0	 39.0	0.75586	0.00165
 39.0	 40.0	0.75108	0.00170
 40.0	 41.0	0.74405	0.00173
 41.0	 42.0	0.73475	0.00179
 42.0	 43.0	0.72607	0.00183
 43.0	 44.0	0.71891	0.00189
 44.0	 45.0	0.70647	0.00196
 45.0	 46.0	0.69461	0.00201
 46.0	 47.0	0.68539	0.00207
 47.0	 48.0	0.67643	0.00213
 48.0	 49.0	0.66120	0.00219
 49.0	 50.0	0.65096	0.00228
 50.0	 51.0	0.63576	0.00235
 51.0	 52.0	0.62636	0.00243
 52.0	 53.0	0.60760	0.00250
 53.0	 54.0	0.59418	0.00261
 54.0	 55.0	0.58207	0.00271
 55.0	 56.0	0.56427	0.00279
 56.0	 57.0	0.54428	0.00288
 57.0	 58.0	0.53134	0.00304
 58.0	 59.0	0.51398	0.00317
 59.0	 60.0	0.49774	0.00328
 60.0	 61.0	0.47928	0.00344
 61.0	 62.0	0.46063	0.00361
 62.0	 63.0	0.44435	0.00378
 63.0	 64.0	0.41843	0.00391
 64.0	 65.0	0.41995	0.00424
 65.0	 66.0	0.39425	0.00439
 66.0	 67.0	0.37848	0.00460
 67.0	 68.0	0.35949	0.00497
 68.0	 69.0	0.34044	0.00515
 69.0	 70.0	0.32929	0.00565
 70.0	 71.0	0.29941	0.00574
 71.0	 72.0	0.30202	0.00672
 72.0	 73.0	0.27443	0.00682
 73.0	 74.0	0.26794	0.00761
 74.0	 75.0	0.24296	0.00808
 75.0	 76.0	0.23433	0.00897
 76.0	 77.0	0.21382	0.00957
 77.0	 78.0	0.20072	0.01083
 78.0	 79.0	0.18009	0.01176
 79.0	 80.0	0.18499	0.01424
 80.0	 81.0	0.15445	0.01458
 81.0	 82.0	0.16364	0.01954
 82.0	 83.0	0.22940	0.04874
 83.0	 84.0	0.14811	0.02501
 84.0	 85.0	0.30902	0.15208
 85.0	 86.0	0.17042	0.04373
 86.0	 87.0	0.11825	0.04196
 87.0	 88.0	0.09177	0.08553
 88.0	 89.0	0.27112	0.16823
 89.0	 90.0	0.13100	0.05001
 90.0	 91.0	0.06910	0.06453
 91.0	 92.0	0.15628	0.24509
 92.0	 93.0	0.15054	0.12233
 93.0	 94.0	0.07244	0.07375
 94.0	 95.0	0.08624	0.39821
 95.0	 96.0	0.10665	0.06768
 96.0	 97.0	0.09848	0.06611
 97.0	 98.0	0.07304	0.14562
 98.0	 99.0	0.08437	0.23206
 99.0	100.0	0.08775	0.75113
