  0.0	  1.0	0.51273	0.00375
  1.0	  2.0	0.51972	0.00366
  2.0	  3.0	0.54120	0.00363
  3.0	  4.0	0.55551	0.00363
  4.0	  5.0	0.56011	0.00361
  5.0	  6.0	0.56651	0.00359
  6.0	  7.0	0.56930	0.00360
  7.0	  8.0	0.57117	0.00361
  8.0	  9.0	0.57595	0.00363
  9.0	 10.0	0.57320	0.00361
 10.0	 11.0	0.57226	0.00360
 11.0	 12.0	0.56869	0.00362
 12.0	 13.0	0.57827	0.00373
 13.0	 14.0	0.56717	0.00375
 14.0	 15.0	0.57177	0.00375
 15.0	 16.0	0.56893	0.00385
 16.0	 17.0	0.56825	0.00381
 17.0	 18.0	0.56201	0.00385
 18.0	 19.0	0.56080	0.00392
 19.0	 20.0	0.55936	0.00390
 20.0	 21.0	0.55459	0.00403
 21.0	 22.0	0.55131	0.00404
 22.0	 23.0	0.54468	0.00401
 23.0	 24.0	0.54326	0.00415
 24.0	 25.0	0.54490	0.00421
 25.0	 26.0	0.53298	0.00427
 26.0	 27.0	0.53370	0.00432
 27.0	 28.0	0.52720	0.00441
 28.0	 29.0	0.51487	0.00444
 29.0	 30.0	0.51601	0.00457
 30.0	 31.0	0.50777	0.00457
 31.0	 32.0	0.50046	0.00471
 32.0	 33.0	0.49420	0.00464
 33.0	 34.0	0.49092	0.00484
 34.0	 35.0	0.47362	0.00488
 35.0	 36.0	0.47224	0.00507
 36.0	 37.0	0.47616	0.00528
 37.0	 38.0	0.46036	0.00528
 38.0	 39.0	0.44747	0.00534
 39.0	 40.0	0.43885	0.00553
 40.0	 41.0	0.43313	0.00577
 41.0	 42.0	0.40867	0.00572
 42.0	 43.0	0.41247	0.00613
 43.0	 44.0	0.40593	0.00625
 44.0	 45.0	0.38456	0.00645
 45.0	 46.0	0.39385	0.00685
 46.0	 47.0	0.35853	0.00696
 47.0	 48.0	0.35570	0.00705
 48.0	 49.0	0.34586	0.00732
 49.0	 50.0	0.33122	0.00756
 50.0	 51.0	0.34457	0.00867
 51.0	 52.0	0.32575	0.00893
 52.0	 53.0	0.31101	0.00959
 53.0	 54.0	0.29005	0.00962
 54.0	 55.0	0.27041	0.00957
 55.0	 56.0	0.27251	0.01184
 56.0	 57.0	0.24833	0.01091
 57.0	 58.0	0.23484	0.01216
 58.0	 59.0	0.20109	0.01139
 59.0	 60.0	0.20248	0.01343
 60.0	 61.0	0.20107	0.01376
 61.0	 62.0	0.19040	0.01787
 62.0	 63.0	0.18691	0.01827
 63.0	 64.0	0.13704	0.01411
 64.0	 65.0	0.15704	0.02379
 65.0	 66.0	0.15103	0.02899
 66.0	 67.0	0.10550	0.01684
 67.0	 68.0	0.14738	0.03237
 68.0	 69.0	0.11437	0.03166
 69.0	 70.0	0.16629	0.08840
 70.0	 71.0	0.10568	0.06571
 71.0	 72.0	0.07809	0.07597
 72.0	 73.0	0.06802	0.02997
 73.0	 74.0	0.04072	0.07356
 74.0	 75.0	0.02131	0.07238
 75.0	 76.0	0.04370	0.04074
 76.0	 77.0	0.06107	0.03325
 77.0	 78.0	0.02452	0.08183
 78.0	 79.0	0.02292	0.06929
 79.0	 80.0	0.04823	0.23853
 80.0	 81.0	0.09017	0.08257
 81.0	 82.0	0.00808	0.20871
 82.0	 83.0	0.01487	0.08994
 83.0	 84.0	0.01529	0.08434
 84.0	 85.0	0.03843	0.06915
 85.0	 86.0	0.00667	0.04209
 86.0	 87.0	0.07966	0.24241
 87.0	 88.0	0.12554	0.94729
 88.0	 89.0	0.04814	0.04859
 89.0	 90.0	0.12141	0.18527
 90.0	 91.0	0.01569	0.02380
 91.0	 92.0	0.02925	0.03768
 92.0	 93.0	0.02483	0.07669
 93.0	 94.0	0.51559	2.18630
 94.0	 95.0	0.19787	0.32865
 95.0	 96.0	0.12000	0.14807
 96.0	 97.0	0.01573	0.09962
 97.0	 98.0	0.02669	0.32160
 98.0	 99.0	1.18764	10.27615
 99.0	100.0	0.14137	0.24732
