  0.0	  5.0	0.49050	0.00160
  5.0	 10.0	0.51555	0.00157
 10.0	 15.0	0.51425	0.00160
 15.0	 20.0	0.50646	0.00168
 20.0	 25.0	0.48716	0.00176
 25.0	 30.0	0.46819	0.00190
 30.0	 35.0	0.43933	0.00203
 35.0	 40.0	0.40229	0.00226
 40.0	 45.0	0.36312	0.00259
 45.0	 50.0	0.31763	0.00305
 50.0	 55.0	0.26506	0.00388
 55.0	 60.0	0.20798	0.00509
 60.0	 65.0	0.15669	0.00708
 65.0	 70.0	0.11078	0.01166
 70.0	 75.0	0.05682	0.02396
 75.0	 80.0	0.01309	0.01581
 80.0	 85.0	0.02223	0.01615
 85.0	 90.0	0.01580	0.04695
 90.0	 95.0	0.12282	0.48156
 95.0	100.0	0.08325	0.17420
