  0.0	  1.0	0.40833	0.00377
  1.0	  2.0	0.45495	0.00338
  2.0	  3.0	0.50820	0.00300
  3.0	  4.0	0.55309	0.00268
  4.0	  5.0	0.59340	0.00241
  5.0	  6.0	0.62872	0.00221
  6.0	  7.0	0.65966	0.00207
  7.0	  8.0	0.68365	0.00193
  8.0	  9.0	0.70349	0.00182
  9.0	 10.0	0.72119	0.00172
 10.0	 11.0	0.73797	0.00164
 11.0	 12.0	0.75125	0.00158
 12.0	 13.0	0.76229	0.00154
 13.0	 14.0	0.77368	0.00149
 14.0	 15.0	0.77944	0.00144
 15.0	 16.0	0.78591	0.00142
 16.0	 17.0	0.79328	0.00137
 17.0	 18.0	0.79594	0.00137
 18.0	 19.0	0.80118	0.00135
 19.0	 20.0	0.80309	0.00133
 20.0	 21.0	0.80681	0.00133
 21.0	 22.0	0.80925	0.00132
 22.0	 23.0	0.81232	0.00131
 23.0	 24.0	0.80985	0.00133
 24.0	 25.0	0.80942	0.00132
 25.0	 26.0	0.81015	0.00134
 26.0	 27.0	0.81148	0.00134
 27.0	 28.0	0.80655	0.00135
 28.0	 29.0	0.80444	0.00137
 29.0	 30.0	0.80253	0.00138
 30.0	 31.0	0.80013	0.00139
 31.0	 32.0	0.79714	0.00143
 32.0	 33.0	0.79569	0.00146
 33.0	 34.0	0.78849	0.00149
 34.0	 35.0	0.78273	0.00151
 35.0	 36.0	0.78050	0.00155
 36.0	 37.0	0.77183	0.00158
 37.0	 38.0	0.76755	0.00162
 38.0	 39.0	0.75716	0.00165
 39.0	 40.0	0.75326	0.00170
 40.0	 41.0	0.74430	0.00174
 41.0	 42.0	0.73583	0.00179
 42.0	 43.0	0.73130	0.00183
 43.0	 44.0	0.71895	0.00189
 44.0	 45.0	0.70852	0.00196
 45.0	 46.0	0.69631	0.00200
 46.0	 47.0	0.68465	0.00208
 47.0	 48.0	0.67669	0.00213
 48.0	 49.0	0.66969	0.00219
 49.0	 50.0	0.65554	0.00228
 50.0	 51.0	0.63709	0.00235
 51.0	 52.0	0.62751	0.00243
 52.0	 53.0	0.61420	0.00250
 53.0	 54.0	0.59812	0.00261
 54.0	 55.0	0.58058	0.00271
 55.0	 56.0	0.56894	0.00279
 56.0	 57.0	0.55122	0.00288
 57.0	 58.0	0.53502	0.00304
 58.0	 59.0	0.52267	0.00318
 59.0	 60.0	0.49884	0.00329
 60.0	 61.0	0.48851	0.00346
 61.0	 62.0	0.46829	0.00362
 62.0	 63.0	0.45129	0.00380
 63.0	 64.0	0.42678	0.00393
 64.0	 65.0	0.41300	0.00422
 65.0	 66.0	0.39601	0.00441
 66.0	 67.0	0.37264	0.00458
 67.0	 68.0	0.36364	0.00498
 68.0	 69.0	0.34026	0.00516
 69.0	 70.0	0.33269	0.00568
 70.0	 71.0	0.29315	0.00572
 71.0	 72.0	0.30148	0.00670
 72.0	 73.0	0.27771	0.00685
 73.0	 74.0	0.26992	0.00761
 74.0	 75.0	0.24287	0.00802
 75.0	 76.0	0.23264	0.00897
 76.0	 77.0	0.21482	0.00957
 77.0	 78.0	0.20973	0.01105
 78.0	 79.0	0.20292	0.01266
 79.0	 80.0	0.20362	0.01456
 80.0	 81.0	0.18424	0.01629
 81.0	 82.0	0.17539	0.01939
 82.0	 83.0	0.20566	0.04194
 83.0	 84.0	0.16421	0.02310
 84.0	 85.0	0.23651	0.10427
 85.0	 86.0	0.08417	0.03912
 86.0	 87.0	0.11210	0.03312
 87.0	 88.0	0.20938	0.17461
 88.0	 89.0	0.07213	0.07926
 89.0	 90.0	0.03493	0.12308
 90.0	 91.0	0.20363	0.11958
 91.0	 92.0	0.06873	0.04667
 92.0	 93.0	0.18425	0.50734
 93.0	 94.0	0.07598	0.11813
 94.0	 95.0	0.15144	0.13291
 95.0	 96.0	0.07875	0.08933
 96.0	 97.0	0.04986	0.19821
 97.0	 98.0	0.04073	0.25754
 98.0	 99.0	0.11508	0.98972
 99.0	100.0	0.82724	9.43317
