  0.0	  5.0	0.50772	0.00134
  5.0	 10.0	0.68016	0.00087
 10.0	 15.0	0.76104	0.00069
 15.0	 20.0	0.79589	0.00061
 20.0	 25.0	0.80953	0.00059
 25.0	 30.0	0.80704	0.00061
 30.0	 35.0	0.79287	0.00065
 35.0	 40.0	0.76612	0.00072
 40.0	 45.0	0.72793	0.00082
 45.0	 50.0	0.67669	0.00095
 50.0	 55.0	0.61180	0.00113
 55.0	 60.0	0.53590	0.00135
 60.0	 65.0	0.45046	0.00169
 65.0	 70.0	0.36174	0.00220
 70.0	 75.0	0.27729	0.00306
 75.0	 80.0	0.21235	0.00485
 80.0	 85.0	0.17977	0.01108
 85.0	 90.0	0.10110	0.02216
 90.0	 95.0	0.41677	1.44639
 95.0	100.0	0.11284	0.12299
