  0.0	  5.0	0.49500	0.00160
  5.0	 10.0	0.52216	0.00158
 10.0	 15.0	0.52085	0.00161
 15.0	 20.0	0.51263	0.00168
 20.0	 25.0	0.49689	0.00177
 25.0	 30.0	0.47344	0.00190
 30.0	 35.0	0.44268	0.00204
 35.0	 40.0	0.41228	0.00228
 40.0	 45.0	0.36589	0.00260
 45.0	 50.0	0.31537	0.00304
 50.0	 55.0	0.27220	0.00392
 55.0	 60.0	0.21431	0.00513
 60.0	 65.0	0.15268	0.00702
 65.0	 70.0	0.09731	0.01147
 70.0	 75.0	0.07302	0.02965
 75.0	 80.0	0.01225	0.06173
 80.0	 85.0	0.01360	0.02368
 85.0	 90.0	0.03233	0.02916
 90.0	 95.0	0.04312	0.15660
 95.0	100.0	0.00963	0.11358
