  0.0	  2.0	0.48000	0.00257
  2.0	  4.0	0.50260	0.00251
  4.0	  6.0	0.51204	0.00249
  6.0	  8.0	0.52142	0.00249
  8.0	 10.0	0.52660	0.00250
 10.0	 12.0	0.52116	0.00249
 12.0	 14.0	0.52219	0.00258
 14.0	 16.0	0.51851	0.00262
 16.0	 18.0	0.51534	0.00264
 18.0	 20.0	0.50641	0.00269
 20.0	 22.0	0.50640	0.00278
 22.0	 24.0	0.49106	0.00280
 24.0	 26.0	0.48725	0.00291
 26.0	 28.0	0.47699	0.00299
 28.0	 30.0	0.46384	0.00308
 30.0	 32.0	0.45173	0.00316
 32.0	 34.0	0.44040	0.00323
 34.0	 36.0	0.42761	0.00340
 36.0	 38.0	0.41842	0.00359
 38.0	 40.0	0.39869	0.00370
 40.0	 42.0	0.37487	0.00390
 42.0	 44.0	0.36659	0.00420
 44.0	 46.0	0.34239	0.00448
 46.0	 48.0	0.31905	0.00475
 48.0	 50.0	0.29902	0.00503
 50.0	 52.0	0.29069	0.00586
 52.0	 54.0	0.26352	0.00643
 54.0	 56.0	0.24610	0.00714
 56.0	 58.0	0.22203	0.00785
 58.0	 60.0	0.19054	0.00851
 60.0	 62.0	0.16182	0.01010
 62.0	 64.0	0.14780	0.01076
 64.0	 66.0	0.12613	0.01664
 66.0	 68.0	0.09582	0.01479
 68.0	 70.0	0.10039	0.02806
 70.0	 72.0	0.08490	0.04812
 72.0	 74.0	0.01065	0.07405
 74.0	 76.0	0.12123	0.09150
 76.0	 78.0	0.00979	0.08013
 78.0	 80.0	0.05319	0.04930
 80.0	 82.0	0.01363	0.04078
 82.0	 84.0	0.01451	0.02995
 84.0	 86.0	0.02713	0.02316
 86.0	 88.0	0.07494	0.10901
 88.0	 90.0	0.02466	0.08952
 90.0	 92.0	0.01858	0.07471
 92.0	 94.0	0.07872	0.06192
 94.0	 96.0	0.05793	0.07248
 96.0	 98.0	0.04422	0.14242
 98.0	100.0	0.18530	4.83292
