  0.0	  1.0	0.42106	0.00380
  1.0	  2.0	0.47007	0.00341
  2.0	  3.0	0.52468	0.00302
  3.0	  4.0	0.58047	0.00270
  4.0	  5.0	0.61887	0.00243
  5.0	  6.0	0.65791	0.00221
  6.0	  7.0	0.69136	0.00206
  7.0	  8.0	0.71977	0.00191
  8.0	  9.0	0.73823	0.00180
  9.0	 10.0	0.75683	0.00170
 10.0	 11.0	0.77481	0.00161
 11.0	 12.0	0.78626	0.00154
 12.0	 13.0	0.79776	0.00150
 13.0	 14.0	0.80969	0.00145
 14.0	 15.0	0.81244	0.00140
 15.0	 16.0	0.82162	0.00138
 16.0	 17.0	0.82762	0.00133
 17.0	 18.0	0.83154	0.00132
 18.0	 19.0	0.83500	0.00131
 19.0	 20.0	0.83850	0.00128
 20.0	 21.0	0.83962	0.00129
 21.0	 22.0	0.84152	0.00128
 22.0	 23.0	0.84346	0.00127
 23.0	 24.0	0.84654	0.00128
 24.0	 25.0	0.84404	0.00127
 25.0	 26.0	0.84143	0.00130
 26.0	 27.0	0.84394	0.00129
 27.0	 28.0	0.84004	0.00131
 28.0	 29.0	0.84059	0.00133
 29.0	 30.0	0.83671	0.00134
 30.0	 31.0	0.83378	0.00136
 31.0	 32.0	0.83106	0.00139
 32.0	 33.0	0.82925	0.00142
 33.0	 34.0	0.82445	0.00145
 34.0	 35.0	0.81844	0.00147
 35.0	 36.0	0.81376	0.00151
 36.0	 37.0	0.81092	0.00155
 37.0	 38.0	0.80398	0.00159
 38.0	 39.0	0.79626	0.00161
 39.0	 40.0	0.79296	0.00166
 40.0	 41.0	0.78549	0.00171
 41.0	 42.0	0.77760	0.00177
 42.0	 43.0	0.76834	0.00181
 43.0	 44.0	0.75842	0.00188
 44.0	 45.0	0.74705	0.00194
 45.0	 46.0	0.74152	0.00199
 46.0	 47.0	0.72652	0.00207
 47.0	 48.0	0.72126	0.00212
 48.0	 49.0	0.70715	0.00219
 49.0	 50.0	0.69575	0.00228
 50.0	 51.0	0.67906	0.00236
 51.0	 52.0	0.66761	0.00244
 52.0	 53.0	0.65135	0.00252
 53.0	 54.0	0.64239	0.00263
 54.0	 55.0	0.62664	0.00274
 55.0	 56.0	0.61523	0.00283
 56.0	 57.0	0.59295	0.00292
 57.0	 58.0	0.57716	0.00308
 58.0	 59.0	0.56261	0.00323
 59.0	 60.0	0.54708	0.00335
 60.0	 61.0	0.53127	0.00353
 61.0	 62.0	0.51323	0.00371
 62.0	 63.0	0.49078	0.00388
 63.0	 64.0	0.46767	0.00402
 64.0	 65.0	0.46275	0.00436
 65.0	 66.0	0.43300	0.00452
 66.0	 67.0	0.41792	0.00473
 67.0	 68.0	0.40501	0.00514
 68.0	 69.0	0.37427	0.00529
 69.0	 70.0	0.36612	0.00583
 70.0	 71.0	0.33149	0.00589
 71.0	 72.0	0.33969	0.00696
 72.0	 73.0	0.31357	0.00710
 73.0	 74.0	0.28893	0.00774
 74.0	 75.0	0.26003	0.00815
 75.0	 76.0	0.25786	0.00909
 76.0	 77.0	0.23111	0.00970
 77.0	 78.0	0.22838	0.01121
 78.0	 79.0	0.21234	0.01253
 79.0	 80.0	0.19905	0.01416
 80.0	 81.0	0.19296	0.01640
 81.0	 82.0	0.19747	0.02047
 82.0	 83.0	0.24802	0.05385
 83.0	 84.0	0.15016	0.02023
 84.0	 85.0	0.31419	0.15282
 85.0	 86.0	0.17123	0.04441
 86.0	 87.0	0.14722	0.03427
 87.0	 88.0	0.09098	0.04092
 88.0	 89.0	0.08709	0.05764
 89.0	 90.0	0.15266	0.08504
 90.0	 91.0	0.28694	0.67834
 91.0	 92.0	0.02269	0.17343
 92.0	 93.0	0.26264	0.93385
 93.0	 94.0	0.23961	0.41220
 94.0	 95.0	0.35192	0.60661
 95.0	 96.0	0.12348	0.10814
 96.0	 97.0	0.03077	0.09276
 97.0	 98.0	0.65920	4.87738
 98.0	 99.0	0.39071	0.21261
 99.0	100.0	0.42079	1.09597
