  0.0	  2.0	0.43099	0.00252
  2.0	  4.0	0.52518	0.00200
  4.0	  6.0	0.60282	0.00163
  6.0	  8.0	0.66640	0.00141
  8.0	 10.0	0.70794	0.00125
 10.0	 12.0	0.73994	0.00114
 12.0	 14.0	0.76484	0.00107
 14.0	 16.0	0.78005	0.00101
 16.0	 18.0	0.79037	0.00097
 18.0	 20.0	0.79841	0.00095
 20.0	 22.0	0.80263	0.00094
 22.0	 24.0	0.80664	0.00094
 24.0	 26.0	0.80490	0.00094
 26.0	 28.0	0.80676	0.00095
 28.0	 30.0	0.80163	0.00098
 30.0	 32.0	0.79523	0.00100
 32.0	 34.0	0.78841	0.00104
 34.0	 36.0	0.77736	0.00108
 36.0	 38.0	0.76691	0.00113
 38.0	 40.0	0.75348	0.00118
 40.0	 42.0	0.73943	0.00125
 42.0	 44.0	0.72249	0.00132
 44.0	 46.0	0.70053	0.00140
 46.0	 48.0	0.68089	0.00149
 48.0	 50.0	0.65611	0.00158
 50.0	 52.0	0.63108	0.00169
 52.0	 54.0	0.60093	0.00181
 54.0	 56.0	0.57323	0.00194
 56.0	 58.0	0.53787	0.00209
 58.0	 60.0	0.50597	0.00228
 60.0	 62.0	0.47003	0.00249
 62.0	 64.0	0.43155	0.00272
 64.0	 66.0	0.40723	0.00305
 66.0	 68.0	0.36911	0.00338
 68.0	 70.0	0.33479	0.00380
 70.0	 72.0	0.30018	0.00436
 72.0	 74.0	0.27106	0.00508
 74.0	 76.0	0.23861	0.00600
 76.0	 78.0	0.20729	0.00717
 78.0	 80.0	0.18231	0.00909
 80.0	 82.0	0.15929	0.01173
 82.0	 84.0	0.18278	0.02321
 84.0	 86.0	0.22294	0.04949
 86.0	 88.0	0.10642	0.03809
 88.0	 90.0	0.18903	0.05940
 90.0	 92.0	0.10780	0.08015
 92.0	 94.0	0.11640	0.06151
 94.0	 96.0	0.10372	0.08513
 96.0	 98.0	0.07806	0.09903
 98.0	100.0	0.08887	0.19339
