  0.0	  5.0	0.53802	0.00163
  5.0	 10.0	0.57123	0.00161
 10.0	 15.0	0.57161	0.00165
 15.0	 20.0	0.56390	0.00173
 20.0	 25.0	0.54774	0.00183
 25.0	 30.0	0.52502	0.00197
 30.0	 35.0	0.49352	0.00211
 35.0	 40.0	0.45921	0.00237
 40.0	 45.0	0.40922	0.00270
 45.0	 50.0	0.35756	0.00319
 50.0	 55.0	0.30929	0.00414
 55.0	 60.0	0.23294	0.00531
 60.0	 65.0	0.17449	0.00742
 65.0	 70.0	0.12837	0.01262
 70.0	 75.0	0.07804	0.03080
 75.0	 80.0	0.00693	0.01542
 80.0	 85.0	0.01750	0.01793
 85.0	 90.0	0.00927	0.03758
 90.0	 95.0	0.05629	0.05045
 95.0	100.0	0.17042	0.74118
