  0.0	  2.0	0.43223	0.00252
  2.0	  4.0	0.53112	0.00200
  4.0	  6.0	0.61132	0.00163
  6.0	  8.0	0.67179	0.00141
  8.0	 10.0	0.71241	0.00125
 10.0	 12.0	0.74466	0.00114
 12.0	 14.0	0.76798	0.00107
 14.0	 16.0	0.78268	0.00101
 16.0	 18.0	0.79461	0.00097
 18.0	 20.0	0.80214	0.00095
 20.0	 22.0	0.80804	0.00094
 22.0	 24.0	0.81109	0.00093
 24.0	 26.0	0.80978	0.00094
 26.0	 28.0	0.80901	0.00095
 28.0	 30.0	0.80348	0.00097
 30.0	 32.0	0.79864	0.00100
 32.0	 34.0	0.79213	0.00104
 34.0	 36.0	0.78162	0.00108
 36.0	 38.0	0.76970	0.00113
 38.0	 40.0	0.75521	0.00118
 40.0	 42.0	0.74009	0.00125
 42.0	 44.0	0.72515	0.00131
 44.0	 46.0	0.70241	0.00140
 46.0	 48.0	0.68065	0.00149
 48.0	 50.0	0.66267	0.00158
 50.0	 52.0	0.63232	0.00169
 52.0	 54.0	0.60622	0.00181
 54.0	 56.0	0.57479	0.00194
 56.0	 58.0	0.54321	0.00209
 58.0	 60.0	0.51093	0.00228
 60.0	 62.0	0.47849	0.00250
 62.0	 64.0	0.43917	0.00273
 64.0	 66.0	0.40456	0.00305
 66.0	 68.0	0.36807	0.00337
 68.0	 70.0	0.33634	0.00382
 70.0	 72.0	0.29661	0.00435
 72.0	 74.0	0.27371	0.00509
 74.0	 76.0	0.23797	0.00597
 76.0	 78.0	0.21207	0.00723
 78.0	 80.0	0.20312	0.00954
 80.0	 82.0	0.17983	0.01248
 82.0	 84.0	0.18134	0.02100
 84.0	 86.0	0.14825	0.03604
 86.0	 88.0	0.13347	0.03452
 88.0	 90.0	0.05635	0.06506
 90.0	 92.0	0.34893	0.75357
 92.0	 94.0	0.14310	0.21126
 94.0	 96.0	2.08577	230.56216
 96.0	 98.0	0.08519	0.31537
 98.0	100.0	0.07630	0.69546
