  0.0	  5.0	0.50296	0.00134
  5.0	 10.0	0.67449	0.00087
 10.0	 15.0	0.75718	0.00069
 15.0	 20.0	0.79236	0.00061
 20.0	 25.0	0.80456	0.00059
 25.0	 30.0	0.80448	0.00061
 30.0	 35.0	0.78924	0.00065
 35.0	 40.0	0.76336	0.00072
 40.0	 45.0	0.72621	0.00082
 45.0	 50.0	0.67387	0.00095
 50.0	 55.0	0.60947	0.00113
 55.0	 60.0	0.53085	0.00135
 60.0	 65.0	0.44515	0.00169
 65.0	 70.0	0.36116	0.00219
 70.0	 75.0	0.27791	0.00306
 75.0	 80.0	0.20377	0.00477
 80.0	 85.0	0.17507	0.01118
 85.0	 90.0	0.15224	0.02617
 90.0	 95.0	0.11868	0.05069
 95.0	100.0	0.11141	0.13291
