  0.0	  2.0	0.51623	0.00262
  2.0	  4.0	0.54838	0.00257
  4.0	  6.0	0.56331	0.00255
  6.0	  8.0	0.57025	0.00255
  8.0	 10.0	0.57457	0.00256
 10.0	 12.0	0.57048	0.00255
 12.0	 14.0	0.57275	0.00264
 14.0	 16.0	0.57033	0.00269
 16.0	 18.0	0.56515	0.00271
 18.0	 20.0	0.56008	0.00277
 20.0	 22.0	0.55295	0.00285
 22.0	 24.0	0.54394	0.00288
 24.0	 26.0	0.53900	0.00300
 26.0	 28.0	0.53046	0.00309
 28.0	 30.0	0.51541	0.00318
 30.0	 32.0	0.50414	0.00328
 32.0	 34.0	0.49256	0.00335
 34.0	 36.0	0.47291	0.00352
 36.0	 38.0	0.46831	0.00373
 38.0	 40.0	0.44320	0.00384
 40.0	 42.0	0.42099	0.00406
 42.0	 44.0	0.40923	0.00438
 44.0	 46.0	0.38908	0.00470
 46.0	 48.0	0.35715	0.00495
 48.0	 50.0	0.33863	0.00526
 50.0	 52.0	0.33532	0.00622
 52.0	 54.0	0.30072	0.00679
 54.0	 56.0	0.27069	0.00745
 56.0	 58.0	0.24168	0.00812
 58.0	 60.0	0.20166	0.00869
 60.0	 62.0	0.19547	0.01091
 62.0	 64.0	0.16055	0.01121
 64.0	 66.0	0.15386	0.01841
 66.0	 68.0	0.12127	0.01525
 68.0	 70.0	0.13167	0.03223
 70.0	 72.0	0.09729	0.05003
 72.0	 74.0	0.05822	0.02729
 74.0	 76.0	0.03594	0.04830
 76.0	 78.0	0.02933	0.02539
 78.0	 80.0	0.05013	0.04535
 80.0	 82.0	0.05514	0.04797
 82.0	 84.0	0.00260	0.35209
 84.0	 86.0	0.02770	0.03282
 86.0	 88.0	0.05986	0.21761
 88.0	 90.0	0.01388	0.21577
 90.0	 92.0	0.00122	0.21355
 92.0	 94.0	0.14745	0.27715
 94.0	 96.0	0.63322	8.49362
 96.0	 98.0	0.01493	0.13760
 98.0	100.0	0.28079	0.32015
