  0.0	  5.0	0.52765	0.00135
  5.0	 10.0	0.71371	0.00087
 10.0	 15.0	0.79629	0.00067
 15.0	 20.0	0.83086	0.00059
 20.0	 25.0	0.84304	0.00057
 25.0	 30.0	0.84055	0.00059
 30.0	 35.0	0.82741	0.00063
 35.0	 40.0	0.80361	0.00071
 40.0	 45.0	0.76755	0.00081
 45.0	 50.0	0.71859	0.00095
 50.0	 55.0	0.65363	0.00113
 55.0	 60.0	0.57951	0.00137
 60.0	 65.0	0.49386	0.00173
 65.0	 70.0	0.40002	0.00226
 70.0	 75.0	0.30768	0.00315
 75.0	 80.0	0.22638	0.00488
 80.0	 85.0	0.19642	0.01150
 85.0	 90.0	0.13515	0.02077
 90.0	 95.0	0.19356	0.13792
 95.0	100.0	0.61467	5.11328
