  0.0	  2.0	0.44621	0.00254
  2.0	  4.0	0.55326	0.00202
  4.0	  6.0	0.63869	0.00164
  6.0	  8.0	0.70574	0.00141
  8.0	 10.0	0.74760	0.00124
 10.0	 12.0	0.78057	0.00112
 12.0	 14.0	0.80372	0.00104
 14.0	 16.0	0.81704	0.00098
 16.0	 18.0	0.82958	0.00094
 18.0	 20.0	0.83676	0.00091
 20.0	 22.0	0.84057	0.00091
 22.0	 24.0	0.84500	0.00090
 24.0	 26.0	0.84274	0.00091
 26.0	 28.0	0.84199	0.00092
 28.0	 30.0	0.83865	0.00095
 30.0	 32.0	0.83243	0.00097
 32.0	 34.0	0.82687	0.00102
 34.0	 36.0	0.81611	0.00106
 36.0	 38.0	0.80747	0.00111
 38.0	 40.0	0.79461	0.00116
 40.0	 42.0	0.78157	0.00123
 42.0	 44.0	0.76339	0.00130
 44.0	 46.0	0.74427	0.00139
 46.0	 48.0	0.72387	0.00148
 48.0	 50.0	0.70149	0.00158
 50.0	 52.0	0.67337	0.00170
 52.0	 54.0	0.64687	0.00182
 54.0	 56.0	0.62096	0.00197
 56.0	 58.0	0.58514	0.00212
 58.0	 60.0	0.55494	0.00232
 60.0	 62.0	0.52231	0.00256
 62.0	 64.0	0.47934	0.00279
 64.0	 66.0	0.44803	0.00314
 66.0	 68.0	0.41145	0.00348
 68.0	 70.0	0.37005	0.00392
 70.0	 72.0	0.33482	0.00450
 72.0	 74.0	0.30145	0.00523
 74.0	 76.0	0.25875	0.00607
 76.0	 78.0	0.22957	0.00734
 78.0	 80.0	0.20594	0.00938
 80.0	 82.0	0.19469	0.01282
 82.0	 84.0	0.18729	0.02074
 84.0	 86.0	0.22547	0.05175
 86.0	 88.0	0.12638	0.02596
 88.0	 90.0	0.11879	0.04989
 90.0	 92.0	0.12360	0.09016
 92.0	 94.0	0.48274	3.05063
 94.0	 96.0	0.23156	0.15762
 96.0	 98.0	0.08368	0.06655
 98.0	100.0	0.42939	0.23821
