  0.0	  2.0	0.63777	0.00347
  2.0	  4.0	0.73792	0.00263
  4.0	  6.0	0.81353	0.00210
  6.0	  8.0	0.85727	0.00173
  8.0	 10.0	0.88613	0.00151
 10.0	 12.0	0.90592	0.00135
 12.0	 14.0	0.91550	0.00124
 14.0	 16.0	0.92415	0.00116
 16.0	 18.0	0.93051	0.00110
 18.0	 20.0	0.93216	0.00107
 20.0	 22.0	0.93371	0.00105
 22.0	 24.0	0.93409	0.00104
 24.0	 26.0	0.93286	0.00103
 26.0	 28.0	0.93046	0.00105
 28.0	 30.0	0.92793	0.00107
 30.0	 32.0	0.92435	0.00110
 32.0	 34.0	0.92010	0.00113
 34.0	 36.0	0.91544	0.00118
 36.0	 38.0	0.90674	0.00124
 38.0	 40.0	0.89879	0.00130
 40.0	 42.0	0.89121	0.00138
 42.0	 44.0	0.87901	0.00147
 44.0	 46.0	0.86473	0.00157
 46.0	 48.0	0.84974	0.00168
 48.0	 50.0	0.83126	0.00182
 50.0	 52.0	0.81294	0.00196
 52.0	 54.0	0.79056	0.00213
 54.0	 56.0	0.76535	0.00233
 56.0	 58.0	0.73314	0.00251
 58.0	 60.0	0.70184	0.00276
 60.0	 62.0	0.66641	0.00308
 62.0	 64.0	0.63089	0.00345
 64.0	 66.0	0.58580	0.00382
 66.0	 68.0	0.54543	0.00428
 68.0	 70.0	0.50206	0.00493
 70.0	 72.0	0.45475	0.00555
 72.0	 74.0	0.39917	0.00616
 74.0	 76.0	0.35199	0.00695
 76.0	 78.0	0.31728	0.00874
 78.0	 80.0	0.27693	0.01011
 80.0	 82.0	0.22163	0.01131
 82.0	 84.0	0.21824	0.01440
 84.0	 86.0	0.15513	0.01416
 86.0	 88.0	0.15949	0.02471
 88.0	 90.0	0.11375	0.02052
 90.0	 92.0	0.06020	0.02765
 92.0	 94.0	0.08070	0.11409
 94.0	 96.0	0.02894	0.08137
 96.0	 98.0	0.04678	0.06305
 98.0	100.0	0.04473	0.25034
