  0.0	  1.0	0.61316	0.00525
  1.0	  2.0	0.66189	0.00462
  2.0	  3.0	0.71210	0.00396
  3.0	  4.0	0.76278	0.00349
  4.0	  5.0	0.79931	0.00313
  5.0	  6.0	0.82774	0.00282
  6.0	  7.0	0.84942	0.00255
  7.0	  8.0	0.86521	0.00234
  8.0	  9.0	0.88139	0.00220
  9.0	 10.0	0.89089	0.00206
 10.0	 11.0	0.90368	0.00196
 11.0	 12.0	0.90818	0.00185
 12.0	 13.0	0.91305	0.00178
 13.0	 14.0	0.91797	0.00172
 14.0	 15.0	0.92254	0.00166
 15.0	 16.0	0.92577	0.00162
 16.0	 17.0	0.93130	0.00158
 17.0	 18.0	0.92974	0.00153
 18.0	 19.0	0.93210	0.00152
 19.0	 20.0	0.93222	0.00150
 20.0	 21.0	0.93410	0.00149
 21.0	 22.0	0.93333	0.00147
 22.0	 23.0	0.93465	0.00147
 23.0	 24.0	0.93352	0.00147
 24.0	 25.0	0.93217	0.00146
 25.0	 26.0	0.93356	0.00147
 26.0	 27.0	0.93078	0.00148
 27.0	 28.0	0.93015	0.00149
 28.0	 29.0	0.92874	0.00150
 29.0	 30.0	0.92712	0.00151
 30.0	 31.0	0.92569	0.00153
 31.0	 32.0	0.92300	0.00157
 32.0	 33.0	0.92221	0.00158
 33.0	 34.0	0.91797	0.00162
 34.0	 35.0	0.91671	0.00165
 35.0	 36.0	0.91415	0.00169
 36.0	 37.0	0.90911	0.00174
 37.0	 38.0	0.90436	0.00177
 38.0	 39.0	0.90037	0.00182
 39.0	 40.0	0.89723	0.00186
 40.0	 41.0	0.89263	0.00192
 41.0	 42.0	0.88979	0.00200
 42.0	 43.0	0.88364	0.00205
 43.0	 44.0	0.87439	0.00211
 44.0	 45.0	0.86829	0.00219
 45.0	 46.0	0.86120	0.00226
 46.0	 47.0	0.85579	0.00236
 47.0	 48.0	0.84365	0.00241
 48.0	 49.0	0.83516	0.00252
 49.0	 50.0	0.82735	0.00263
 50.0	 51.0	0.81687	0.00271
 51.0	 52.0	0.80905	0.00285
 52.0	 53.0	0.79339	0.00294
 53.0	 54.0	0.78781	0.00310
 54.0	 55.0	0.77382	0.00324
 55.0	 56.0	0.75685	0.00335
 56.0	 57.0	0.74307	0.00349
 57.0	 58.0	0.72300	0.00361
 58.0	 59.0	0.70958	0.00381
 59.0	 60.0	0.69399	0.00400
 60.0	 61.0	0.67721	0.00427
 61.0	 62.0	0.65555	0.00443
 62.0	 63.0	0.64002	0.00474
 63.0	 64.0	0.62159	0.00504
 64.0	 65.0	0.59256	0.00520
 65.0	 66.0	0.57912	0.00562
 66.0	 67.0	0.55223	0.00583
 67.0	 68.0	0.53870	0.00629
 68.0	 69.0	0.51694	0.00676
 69.0	 70.0	0.48692	0.00720
 70.0	 71.0	0.46482	0.00754
 71.0	 72.0	0.44447	0.00820
 72.0	 73.0	0.39746	0.00817
 73.0	 74.0	0.40170	0.00936
 74.0	 75.0	0.36456	0.00959
 75.0	 76.0	0.33934	0.01009
 76.0	 77.0	0.32295	0.01164
 77.0	 78.0	0.31157	0.01323
 78.0	 79.0	0.27220	0.01278
 79.0	 80.0	0.28377	0.01637
 80.0	 81.0	0.21182	0.01334
 81.0	 82.0	0.23699	0.02062
 82.0	 83.0	0.22290	0.01697
 83.0	 84.0	0.21512	0.02669
 84.0	 85.0	0.15498	0.01858
 85.0	 86.0	0.15552	0.02185
 86.0	 87.0	0.15032	0.02663
 87.0	 88.0	0.18054	0.05723
 88.0	 89.0	0.09093	0.02460
 89.0	 90.0	0.14233	0.03631
 90.0	 91.0	0.05969	0.02896
 91.0	 92.0	0.06635	0.07764
 92.0	 93.0	0.25244	0.83902
 93.0	 94.0	0.06984	0.08713
 94.0	 95.0	0.03042	0.16181
 95.0	 96.0	0.10187	0.31011
 96.0	 97.0	0.05529	0.07860
 97.0	 98.0	0.23821	0.33429
 98.0	 99.0	0.02888	0.44750
 99.0	100.0	0.11370	0.39759
