  0.0	  5.0	0.71222	0.00177
  5.0	 10.0	0.86301	0.00107
 10.0	 15.0	0.91304	0.00080
 15.0	 20.0	0.93022	0.00069
 20.0	 25.0	0.93355	0.00066
 25.0	 30.0	0.93008	0.00067
 30.0	 35.0	0.92111	0.00071
 35.0	 40.0	0.90505	0.00079
 40.0	 45.0	0.88175	0.00092
 45.0	 50.0	0.84471	0.00109
 50.0	 55.0	0.79622	0.00132
 55.0	 60.0	0.72562	0.00163
 60.0	 65.0	0.63802	0.00210
 65.0	 70.0	0.53555	0.00280
 70.0	 75.0	0.41591	0.00379
 75.0	 80.0	0.30679	0.00553
 80.0	 85.0	0.20959	0.00805
 85.0	 90.0	0.14404	0.01288
 90.0	 95.0	0.06711	0.02560
 95.0	100.0	0.02204	0.06388
