  0.0	  2.0	0.65427	0.00301
  2.0	  4.0	0.66714	0.00287
  4.0	  6.0	0.67889	0.00280
  6.0	  8.0	0.67535	0.00276
  8.0	 10.0	0.67613	0.00273
 10.0	 12.0	0.67898	0.00276
 12.0	 14.0	0.67423	0.00279
 14.0	 16.0	0.66980	0.00280
 16.0	 18.0	0.66230	0.00282
 18.0	 20.0	0.65172	0.00285
 20.0	 22.0	0.64648	0.00292
 22.0	 24.0	0.63314	0.00297
 24.0	 26.0	0.62378	0.00301
 26.0	 28.0	0.61124	0.00310
 28.0	 30.0	0.60248	0.00318
 30.0	 32.0	0.58672	0.00324
 32.0	 34.0	0.56865	0.00334
 34.0	 36.0	0.55440	0.00348
 36.0	 38.0	0.53554	0.00366
 38.0	 40.0	0.51910	0.00382
 40.0	 42.0	0.49708	0.00397
 42.0	 44.0	0.47453	0.00414
 44.0	 46.0	0.45165	0.00449
 46.0	 48.0	0.43008	0.00476
 48.0	 50.0	0.40115	0.00511
 50.0	 52.0	0.36535	0.00535
 52.0	 54.0	0.34848	0.00607
 54.0	 56.0	0.30134	0.00629
 56.0	 58.0	0.28988	0.00766
 58.0	 60.0	0.25506	0.00810
 60.0	 62.0	0.20717	0.00864
 62.0	 64.0	0.20672	0.01092
 64.0	 66.0	0.17367	0.01313
 66.0	 68.0	0.13292	0.01361
 68.0	 70.0	0.10018	0.01560
 70.0	 72.0	0.13037	0.04476
 72.0	 74.0	0.08179	0.02718
 74.0	 76.0	0.08273	0.09357
 76.0	 78.0	0.10863	0.15539
 78.0	 80.0	0.01602	0.23638
 80.0	 82.0	0.00312	0.02725
 82.0	 84.0	0.01350	0.10044
 84.0	 86.0	0.00615	0.12035
 86.0	 88.0	0.02579	0.02589
 88.0	 90.0	0.09572	0.26091
 90.0	 92.0	0.01499	0.04578
 92.0	 94.0	0.09588	0.12209
 94.0	 96.0	0.04936	0.09205
 96.0	 98.0	0.15856	0.41050
 98.0	100.0	1.32285	42.27054
