  0.0	  5.0	0.66442	0.00184
  5.0	 10.0	0.67628	0.00174
 10.0	 15.0	0.67556	0.00176
 15.0	 20.0	0.65930	0.00179
 20.0	 25.0	0.63773	0.00187
 25.0	 30.0	0.60920	0.00197
 30.0	 35.0	0.57411	0.00210
 35.0	 40.0	0.53184	0.00233
 40.0	 45.0	0.47839	0.00259
 45.0	 50.0	0.42436	0.00309
 50.0	 55.0	0.34952	0.00368
 55.0	 60.0	0.27481	0.00468
 60.0	 65.0	0.20038	0.00632
 65.0	 70.0	0.12981	0.00913
 70.0	 75.0	0.09709	0.02135
 75.0	 80.0	0.50779	19.09123
 80.0	 85.0	0.00829	0.01969
 85.0	 90.0	0.16575	3.84084
 90.0	 95.0	0.02365	0.05132
 95.0	100.0	0.06202	0.11092
