  0.0	  1.0	0.65101	0.00429
  1.0	  2.0	0.65756	0.00422
  2.0	  3.0	0.66130	0.00408
  3.0	  4.0	0.67289	0.00404
  4.0	  5.0	0.67928	0.00394
  5.0	  6.0	0.67850	0.00397
  6.0	  7.0	0.67585	0.00389
  7.0	  8.0	0.67485	0.00392
  8.0	  9.0	0.67134	0.00387
  9.0	 10.0	0.68089	0.00386
 10.0	 11.0	0.67892	0.00392
 11.0	 12.0	0.67904	0.00388
 12.0	 13.0	0.67498	0.00392
 13.0	 14.0	0.67347	0.00396
 14.0	 15.0	0.67136	0.00396
 15.0	 16.0	0.66822	0.00397
 16.0	 17.0	0.66124	0.00396
 17.0	 18.0	0.66337	0.00401
 18.0	 19.0	0.65150	0.00401
 19.0	 20.0	0.65195	0.00405
 20.0	 21.0	0.64918	0.00415
 21.0	 22.0	0.64383	0.00410
 22.0	 23.0	0.63404	0.00413
 23.0	 24.0	0.63226	0.00428
 24.0	 25.0	0.62917	0.00424
 25.0	 26.0	0.61837	0.00427
 26.0	 27.0	0.61369	0.00437
 27.0	 28.0	0.60879	0.00440
 28.0	 29.0	0.60288	0.00447
 29.0	 30.0	0.60209	0.00453
 30.0	 31.0	0.59129	0.00454
 31.0	 32.0	0.58208	0.00461
 32.0	 33.0	0.57416	0.00469
 33.0	 34.0	0.56304	0.00475
 34.0	 35.0	0.55941	0.00493
 35.0	 36.0	0.54933	0.00492
 36.0	 37.0	0.54423	0.00514
 37.0	 38.0	0.52673	0.00520
 38.0	 39.0	0.52147	0.00523
 39.0	 40.0	0.51691	0.00559
 40.0	 41.0	0.50058	0.00556
 41.0	 42.0	0.49351	0.00567
 42.0	 43.0	0.47214	0.00569
 43.0	 44.0	0.47716	0.00604
 44.0	 45.0	0.44715	0.00609
 45.0	 46.0	0.45666	0.00664
 46.0	 47.0	0.42704	0.00644
 47.0	 48.0	0.43355	0.00707
 48.0	 49.0	0.41303	0.00722
 49.0	 50.0	0.38901	0.00724
 50.0	 51.0	0.35844	0.00702
 51.0	 52.0	0.37380	0.00826
 52.0	 53.0	0.35670	0.00835
 53.0	 54.0	0.33997	0.00885
 54.0	 55.0	0.31822	0.00919
 55.0	 56.0	0.28436	0.00862
 56.0	 57.0	0.30339	0.01061
 57.0	 58.0	0.27562	0.01106
 58.0	 59.0	0.26512	0.01122
 59.0	 60.0	0.24435	0.01171
 60.0	 61.0	0.21016	0.01181
 61.0	 62.0	0.20418	0.01266
 62.0	 63.0	0.21744	0.01495
 63.0	 64.0	0.19537	0.01599
 64.0	 65.0	0.17414	0.01746
 65.0	 66.0	0.17263	0.01996
 66.0	 67.0	0.12733	0.01623
 67.0	 68.0	0.14230	0.02450
 68.0	 69.0	0.08058	0.01665
 69.0	 70.0	0.13090	0.03644
 70.0	 71.0	0.08179	0.02203
 71.0	 72.0	0.13350	0.07731
 72.0	 73.0	0.09261	0.05655
 73.0	 74.0	0.07628	0.03081
 74.0	 75.0	0.04883	0.05071
 75.0	 76.0	0.10056	0.25905
 76.0	 77.0	0.06526	0.05219
 77.0	 78.0	0.04153	0.03112
 78.0	 79.0	0.00533	0.08305
 79.0	 80.0	0.00541	0.16708
 80.0	 81.0	0.03050	0.05064
 81.0	 82.0	0.01506	0.02884
 82.0	 83.0	0.10238	0.16666
 83.0	 84.0	0.07343	0.09764
 84.0	 85.0	0.05149	0.22045
 85.0	 86.0	0.02116	0.03996
 86.0	 87.0	0.03419	0.02786
 87.0	 88.0	0.01990	0.08665
 88.0	 89.0	0.12368	0.21566
 89.0	 90.0	0.00915	0.10267
 90.0	 91.0	0.01338	0.06297
 91.0	 92.0	0.08187	0.17181
 92.0	 93.0	0.04073	0.22829
 93.0	 94.0	0.25257	0.27780
 94.0	 95.0	0.19859	2.23088
 95.0	 96.0	0.05331	0.10873
 96.0	 97.0	0.20897	0.35859
 97.0	 98.0	0.47345	2.72471
 98.0	 99.0	0.56086	6.72525
 99.0	100.0	1.22106	5.28591
