  0.0	  2.0	0.50630	0.00264
  2.0	  4.0	0.61311	0.00204
  4.0	  6.0	0.70056	0.00164
  6.0	  8.0	0.76219	0.00138
  8.0	 10.0	0.79964	0.00121
 10.0	 12.0	0.82592	0.00108
 12.0	 14.0	0.84296	0.00101
 14.0	 16.0	0.85487	0.00094
 16.0	 18.0	0.86094	0.00089
 18.0	 20.0	0.86639	0.00087
 20.0	 22.0	0.86852	0.00086
 22.0	 24.0	0.86899	0.00085
 24.0	 26.0	0.86561	0.00085
 26.0	 28.0	0.86472	0.00087
 28.0	 30.0	0.85921	0.00089
 30.0	 32.0	0.85294	0.00091
 32.0	 34.0	0.84515	0.00095
 34.0	 36.0	0.83584	0.00099
 36.0	 38.0	0.82589	0.00104
 38.0	 40.0	0.81273	0.00109
 40.0	 42.0	0.79699	0.00115
 42.0	 44.0	0.78058	0.00122
 44.0	 46.0	0.75725	0.00129
 46.0	 48.0	0.74106	0.00138
 48.0	 50.0	0.71324	0.00147
 50.0	 52.0	0.68915	0.00158
 52.0	 54.0	0.65933	0.00169
 54.0	 56.0	0.62936	0.00182
 56.0	 58.0	0.59247	0.00195
 58.0	 60.0	0.55710	0.00214
 60.0	 62.0	0.51987	0.00233
 62.0	 64.0	0.47961	0.00256
 64.0	 66.0	0.44019	0.00280
 66.0	 68.0	0.39166	0.00303
 68.0	 70.0	0.35260	0.00341
 70.0	 72.0	0.30698	0.00374
 72.0	 74.0	0.27457	0.00444
 74.0	 76.0	0.24153	0.00505
 76.0	 78.0	0.19090	0.00576
 78.0	 80.0	0.16467	0.00697
 80.0	 82.0	0.13853	0.00821
 82.0	 84.0	0.10081	0.00989
 84.0	 86.0	0.08835	0.01066
 86.0	 88.0	0.06330	0.01452
 88.0	 90.0	0.01057	0.06350
 90.0	 92.0	0.03876	0.03102
 92.0	 94.0	0.02142	0.06077
 94.0	 96.0	0.03954	0.05503
 96.0	 98.0	0.17725	0.34962
 98.0	100.0	0.49066	7.09938
