  0.0	  5.0	0.58849	0.00137
  5.0	 10.0	0.76869	0.00085
 10.0	 15.0	0.83847	0.00065
 15.0	 20.0	0.86205	0.00056
 20.0	 25.0	0.86838	0.00054
 25.0	 30.0	0.86244	0.00055
 30.0	 35.0	0.84694	0.00059
 35.0	 40.0	0.82212	0.00066
 40.0	 45.0	0.78325	0.00076
 45.0	 50.0	0.73271	0.00089
 50.0	 55.0	0.66755	0.00105
 55.0	 60.0	0.58417	0.00127
 60.0	 65.0	0.49083	0.00158
 65.0	 70.0	0.38451	0.00198
 70.0	 75.0	0.28334	0.00264
 75.0	 80.0	0.19035	0.00383
 80.0	 85.0	0.11571	0.00569
 85.0	 90.0	0.06000	0.00892
 90.0	 95.0	0.03741	0.02428
 95.0	100.0	0.09012	0.06517
