  0.0	  1.0	0.48139	0.00395
  1.0	  2.0	0.53027	0.00354
  2.0	  3.0	0.58797	0.00309
  3.0	  4.0	0.63715	0.00270
  4.0	  5.0	0.68459	0.00244
  5.0	  6.0	0.71627	0.00221
  6.0	  7.0	0.75168	0.00202
  7.0	  8.0	0.77262	0.00188
  8.0	  9.0	0.79225	0.00176
  9.0	 10.0	0.80692	0.00165
 10.0	 11.0	0.82197	0.00157
 11.0	 12.0	0.82982	0.00149
 12.0	 13.0	0.84005	0.00144
 13.0	 14.0	0.84587	0.00140
 14.0	 15.0	0.85420	0.00134
 15.0	 16.0	0.85555	0.00131
 16.0	 17.0	0.85941	0.00128
 17.0	 18.0	0.86246	0.00125
 18.0	 19.0	0.86624	0.00123
 19.0	 20.0	0.86654	0.00121
 20.0	 21.0	0.86758	0.00122
 21.0	 22.0	0.86945	0.00121
 22.0	 23.0	0.86934	0.00120
 23.0	 24.0	0.86864	0.00121
 24.0	 25.0	0.86689	0.00120
 25.0	 26.0	0.86432	0.00122
 26.0	 27.0	0.86705	0.00123
 27.0	 28.0	0.86239	0.00124
 28.0	 29.0	0.86083	0.00125
 29.0	 30.0	0.85760	0.00126
 30.0	 31.0	0.85534	0.00128
 31.0	 32.0	0.85051	0.00131
 32.0	 33.0	0.84852	0.00132
 33.0	 34.0	0.84173	0.00135
 34.0	 35.0	0.83849	0.00138
 35.0	 36.0	0.83315	0.00141
 36.0	 37.0	0.82854	0.00145
 37.0	 38.0	0.82324	0.00148
 38.0	 39.0	0.81569	0.00151
 39.0	 40.0	0.80977	0.00156
 40.0	 41.0	0.80029	0.00159
 41.0	 42.0	0.79364	0.00165
 42.0	 43.0	0.78500	0.00170
 43.0	 44.0	0.77617	0.00175
 44.0	 45.0	0.76063	0.00180
 45.0	 46.0	0.75388	0.00185
 46.0	 47.0	0.74668	0.00192
 47.0	 48.0	0.73541	0.00199
 48.0	 49.0	0.72038	0.00205
 49.0	 50.0	0.70600	0.00211
 50.0	 51.0	0.69777	0.00220
 51.0	 52.0	0.68042	0.00227
 52.0	 53.0	0.66651	0.00234
 53.0	 54.0	0.65205	0.00244
 54.0	 55.0	0.63936	0.00255
 55.0	 56.0	0.61929	0.00261
 56.0	 57.0	0.60133	0.00271
 57.0	 58.0	0.58343	0.00281
 58.0	 59.0	0.56626	0.00296
 59.0	 60.0	0.54771	0.00309
 60.0	 61.0	0.52758	0.00322
 61.0	 62.0	0.51217	0.00337
 62.0	 63.0	0.48816	0.00351
 63.0	 64.0	0.47086	0.00374
 64.0	 65.0	0.45132	0.00390
 65.0	 66.0	0.42882	0.00402
 66.0	 67.0	0.40311	0.00422
 67.0	 68.0	0.37996	0.00436
 68.0	 69.0	0.36640	0.00478
 69.0	 70.0	0.33862	0.00485
 70.0	 71.0	0.31472	0.00513
 71.0	 72.0	0.29899	0.00547
 72.0	 73.0	0.28898	0.00620
 73.0	 74.0	0.25949	0.00637
 74.0	 75.0	0.25008	0.00679
 75.0	 76.0	0.23297	0.00756
 76.0	 77.0	0.19997	0.00772
 77.0	 78.0	0.18108	0.00865
 78.0	 79.0	0.17236	0.00979
 79.0	 80.0	0.15669	0.00995
 80.0	 81.0	0.17183	0.01283
 81.0	 82.0	0.10633	0.01065
 82.0	 83.0	0.10794	0.01334
 83.0	 84.0	0.09248	0.01475
 84.0	 85.0	0.08517	0.01427
 85.0	 86.0	0.08708	0.01809
 86.0	 87.0	0.05779	0.03116
 87.0	 88.0	0.06366	0.01613
 88.0	 89.0	0.02661	0.04848
 89.0	 90.0	0.02284	0.02859
 90.0	 91.0	0.03788	0.03305
 91.0	 92.0	0.03837	0.06570
 92.0	 93.0	0.03706	0.03679
 93.0	 94.0	0.07851	0.06068
 94.0	 95.0	0.08420	0.07728
 95.0	 96.0	0.02950	0.15472
 96.0	 97.0	0.10863	0.14622
 97.0	 98.0	0.08545	0.15612
 98.0	 99.0	0.14172	0.42632
 99.0	100.0	0.30106	0.25980
