  0.0	  2.0	0.50406	0.00232
  2.0	  4.0	0.52214	0.00224
  4.0	  6.0	0.52698	0.00219
  6.0	  8.0	0.52772	0.00216
  8.0	 10.0	0.52922	0.00216
 10.0	 12.0	0.51975	0.00216
 12.0	 14.0	0.51715	0.00218
 14.0	 16.0	0.50698	0.00218
 16.0	 18.0	0.50303	0.00220
 18.0	 20.0	0.50002	0.00225
 20.0	 22.0	0.48541	0.00228
 22.0	 24.0	0.47385	0.00233
 24.0	 26.0	0.46833	0.00237
 26.0	 28.0	0.45686	0.00247
 28.0	 30.0	0.44621	0.00250
 30.0	 32.0	0.43087	0.00257
 32.0	 34.0	0.42063	0.00267
 34.0	 36.0	0.40635	0.00279
 36.0	 38.0	0.38652	0.00287
 38.0	 40.0	0.37193	0.00300
 40.0	 42.0	0.34925	0.00310
 42.0	 44.0	0.33473	0.00328
 44.0	 46.0	0.31627	0.00343
 46.0	 48.0	0.30006	0.00369
 48.0	 50.0	0.27638	0.00406
 50.0	 52.0	0.24954	0.00428
 52.0	 54.0	0.23130	0.00464
 54.0	 56.0	0.20522	0.00506
 56.0	 58.0	0.19818	0.00581
 58.0	 60.0	0.17048	0.00636
 60.0	 62.0	0.14126	0.00707
 62.0	 64.0	0.13650	0.00867
 64.0	 66.0	0.10467	0.00972
 66.0	 68.0	0.11659	0.01586
 68.0	 70.0	0.08170	0.01381
 70.0	 72.0	0.05353	0.01549
 72.0	 74.0	0.04543	0.06525
 74.0	 76.0	0.02305	0.04141
 76.0	 78.0	0.04478	0.05218
 78.0	 80.0	0.04828	0.05430
 80.0	 82.0	0.01469	0.16652
 82.0	 84.0	0.02454	0.03865
 84.0	 86.0	0.04055	0.03080
 86.0	 88.0	0.03683	0.09274
 88.0	 90.0	0.00970	0.26181
 90.0	 92.0	0.03153	0.37383
 92.0	 94.0	0.25665	5.12199
 94.0	 96.0	0.06012	0.10267
 96.0	 98.0	0.06144	0.11002
 98.0	100.0	0.17989	0.19169
