  0.0	  1.0	0.49928	0.00329
  1.0	  2.0	0.50884	0.00326
  2.0	  3.0	0.51878	0.00319
  3.0	  4.0	0.52546	0.00314
  4.0	  5.0	0.53124	0.00312
  5.0	  6.0	0.52272	0.00308
  6.0	  7.0	0.53045	0.00304
  7.0	  8.0	0.52493	0.00306
  8.0	  9.0	0.52813	0.00305
  9.0	 10.0	0.53029	0.00305
 10.0	 11.0	0.52281	0.00305
 11.0	 12.0	0.51669	0.00306
 12.0	 13.0	0.51695	0.00307
 13.0	 14.0	0.51735	0.00309
 14.0	 15.0	0.50578	0.00307
 15.0	 16.0	0.50818	0.00311
 16.0	 17.0	0.50330	0.00310
 17.0	 18.0	0.50276	0.00312
 18.0	 19.0	0.49705	0.00316
 19.0	 20.0	0.50302	0.00321
 20.0	 21.0	0.48695	0.00322
 21.0	 22.0	0.48388	0.00323
 22.0	 23.0	0.47743	0.00325
 23.0	 24.0	0.47022	0.00333
 24.0	 25.0	0.47377	0.00335
 25.0	 26.0	0.46288	0.00336
 26.0	 27.0	0.46017	0.00348
 27.0	 28.0	0.45353	0.00349
 28.0	 29.0	0.44426	0.00349
 29.0	 30.0	0.44822	0.00359
 30.0	 31.0	0.43428	0.00364
 31.0	 32.0	0.42744	0.00363
 32.0	 33.0	0.42496	0.00377
 33.0	 34.0	0.41623	0.00377
 34.0	 35.0	0.40376	0.00386
 35.0	 36.0	0.40910	0.00404
 36.0	 37.0	0.38793	0.00399
 37.0	 38.0	0.38514	0.00412
 38.0	 39.0	0.37911	0.00421
 39.0	 40.0	0.36460	0.00427
 40.0	 41.0	0.35578	0.00438
 41.0	 42.0	0.34264	0.00438
 42.0	 43.0	0.33553	0.00458
 43.0	 44.0	0.33395	0.00471
 44.0	 45.0	0.32112	0.00474
 45.0	 46.0	0.31138	0.00498
 46.0	 47.0	0.30600	0.00518
 47.0	 48.0	0.29398	0.00527
 48.0	 49.0	0.27639	0.00557
 49.0	 50.0	0.27651	0.00591
 50.0	 51.0	0.25299	0.00602
 51.0	 52.0	0.24603	0.00608
 52.0	 53.0	0.23313	0.00636
 53.0	 54.0	0.22943	0.00678
 54.0	 55.0	0.21071	0.00707
 55.0	 56.0	0.19955	0.00725
 56.0	 57.0	0.20678	0.00790
 57.0	 58.0	0.18912	0.00858
 58.0	 59.0	0.17523	0.00870
 59.0	 60.0	0.16536	0.00932
 60.0	 61.0	0.14368	0.00991
 61.0	 62.0	0.13884	0.01011
 62.0	 63.0	0.13807	0.01121
 63.0	 64.0	0.13544	0.01370
 64.0	 65.0	0.10897	0.01290
 65.0	 66.0	0.10017	0.01477
 66.0	 67.0	0.12811	0.01864
 67.0	 68.0	0.10364	0.02982
 68.0	 69.0	0.07666	0.01851
 69.0	 70.0	0.08724	0.02107
 70.0	 71.0	0.03597	0.02721
 71.0	 72.0	0.06402	0.02374
 72.0	 73.0	0.14313	0.16077
 73.0	 74.0	0.03139	0.04775
 74.0	 75.0	0.15245	0.33292
 75.0	 76.0	0.02120	0.04448
 76.0	 77.0	0.05275	0.07912
 77.0	 78.0	0.05362	0.14467
 78.0	 79.0	0.03527	0.04573
 79.0	 80.0	0.04202	0.14567
 80.0	 81.0	0.02917	0.07398
 81.0	 82.0	0.03437	0.05564
 82.0	 83.0	0.05631	0.18239
 83.0	 84.0	0.02549	0.03434
 84.0	 85.0	0.02508	0.02258
 85.0	 86.0	0.03263	0.04591
 86.0	 87.0	0.07100	0.04923
 87.0	 88.0	0.09196	0.08662
 88.0	 89.0	0.15865	0.31467
 89.0	 90.0	0.05322	0.07035
 90.0	 91.0	0.03070	0.19580
 91.0	 92.0	0.07877	0.16402
 92.0	 93.0	0.09567	0.25958
 93.0	 94.0	0.05830	0.20113
 94.0	 95.0	0.08000	0.10400
 95.0	 96.0	0.02727	0.28426
 96.0	 97.0	0.02492	0.37402
 97.0	 98.0	0.08291	0.15903
 98.0	 99.0	0.17827	0.22902
 99.0	100.0	0.45699	0.61104
