  0.0	  5.0	0.51682	0.00143
  5.0	 10.0	0.52733	0.00137
 10.0	 15.0	0.51592	0.00137
 15.0	 20.0	0.50286	0.00140
 20.0	 25.0	0.47849	0.00147
 25.0	 30.0	0.45386	0.00156
 30.0	 35.0	0.42144	0.00167
 35.0	 40.0	0.38539	0.00184
 40.0	 45.0	0.33797	0.00204
 45.0	 50.0	0.29322	0.00240
 50.0	 55.0	0.23497	0.00287
 55.0	 60.0	0.18775	0.00369
 60.0	 65.0	0.13331	0.00503
 65.0	 70.0	0.09864	0.00852
 70.0	 75.0	0.06131	0.01721
 75.0	 80.0	0.03827	0.03998
 80.0	 85.0	0.02194	0.03699
 85.0	 90.0	0.03065	0.02979
 90.0	 95.0	0.02066	0.06253
 95.0	100.0	0.01823	0.33423
