  0.0	  2.0	0.50583	0.00264
  2.0	  4.0	0.61833	0.00206
  4.0	  6.0	0.70590	0.00165
  6.0	  8.0	0.76205	0.00138
  8.0	 10.0	0.80176	0.00121
 10.0	 12.0	0.82663	0.00109
 12.0	 14.0	0.84307	0.00101
 14.0	 16.0	0.85572	0.00094
 16.0	 18.0	0.86270	0.00090
 18.0	 20.0	0.86810	0.00087
 20.0	 22.0	0.86913	0.00086
 22.0	 24.0	0.86964	0.00085
 24.0	 26.0	0.86915	0.00086
 26.0	 28.0	0.86541	0.00087
 28.0	 30.0	0.86109	0.00089
 30.0	 32.0	0.85527	0.00092
 32.0	 34.0	0.84858	0.00095
 34.0	 36.0	0.83810	0.00099
 36.0	 38.0	0.82655	0.00104
 38.0	 40.0	0.81429	0.00109
 40.0	 42.0	0.79806	0.00115
 42.0	 44.0	0.78201	0.00122
 44.0	 46.0	0.76329	0.00130
 46.0	 48.0	0.74180	0.00138
 48.0	 50.0	0.71825	0.00148
 50.0	 52.0	0.68997	0.00158
 52.0	 54.0	0.66333	0.00170
 54.0	 56.0	0.63113	0.00183
 56.0	 58.0	0.59947	0.00198
 58.0	 60.0	0.55842	0.00214
 60.0	 62.0	0.52242	0.00234
 62.0	 64.0	0.48191	0.00257
 64.0	 66.0	0.44024	0.00280
 66.0	 68.0	0.40320	0.00312
 68.0	 70.0	0.36058	0.00348
 70.0	 72.0	0.32105	0.00391
 72.0	 74.0	0.27383	0.00443
 74.0	 76.0	0.23080	0.00483
 76.0	 78.0	0.19085	0.00575
 78.0	 80.0	0.15907	0.00674
 80.0	 82.0	0.13130	0.00778
 82.0	 84.0	0.09115	0.00895
 84.0	 86.0	0.10583	0.01276
 86.0	 88.0	0.06753	0.01549
 88.0	 90.0	0.01467	0.08816
 90.0	 92.0	0.03609	0.02888
 92.0	 94.0	0.02285	0.06483
 94.0	 96.0	0.04249	0.05912
 96.0	 98.0	0.03156	0.06226
 98.0	100.0	0.02543	0.36802
