  0.0	  5.0	0.59126	0.00138
  5.0	 10.0	0.77087	0.00085
 10.0	 15.0	0.83862	0.00065
 15.0	 20.0	0.86394	0.00056
 20.0	 25.0	0.86966	0.00054
 25.0	 30.0	0.86412	0.00055
 30.0	 35.0	0.84927	0.00060
 35.0	 40.0	0.82390	0.00066
 40.0	 45.0	0.78545	0.00076
 45.0	 50.0	0.73621	0.00089
 50.0	 55.0	0.66911	0.00106
 55.0	 60.0	0.58868	0.00128
 60.0	 65.0	0.49207	0.00158
 65.0	 70.0	0.39313	0.00202
 70.0	 75.0	0.28867	0.00269
 75.0	 80.0	0.18414	0.00370
 80.0	 85.0	0.11003	0.00541
 85.0	 90.0	0.07435	0.01105
 90.0	 95.0	0.03456	0.02243
 95.0	100.0	0.10345	0.07481
