  0.0	  2.0	0.51412	0.00236
  2.0	  4.0	0.52411	0.00225
  4.0	  6.0	0.52535	0.00219
  6.0	  8.0	0.53092	0.00217
  8.0	 10.0	0.52957	0.00216
 10.0	 12.0	0.52521	0.00218
 12.0	 14.0	0.52193	0.00220
 14.0	 16.0	0.51264	0.00221
 16.0	 18.0	0.50850	0.00222
 18.0	 20.0	0.49921	0.00225
 20.0	 22.0	0.49284	0.00232
 22.0	 24.0	0.48162	0.00237
 24.0	 26.0	0.47399	0.00240
 26.0	 28.0	0.45436	0.00245
 28.0	 30.0	0.44868	0.00252
 30.0	 32.0	0.43833	0.00262
 32.0	 34.0	0.42308	0.00268
 34.0	 36.0	0.40317	0.00277
 36.0	 38.0	0.39328	0.00292
 38.0	 40.0	0.37590	0.00303
 40.0	 42.0	0.36335	0.00322
 42.0	 44.0	0.33865	0.00332
 44.0	 46.0	0.32316	0.00351
 46.0	 48.0	0.30508	0.00376
 48.0	 50.0	0.27657	0.00406
 50.0	 52.0	0.25513	0.00437
 52.0	 54.0	0.23190	0.00465
 54.0	 56.0	0.21815	0.00538
 56.0	 58.0	0.19441	0.00570
 58.0	 60.0	0.17293	0.00645
 60.0	 62.0	0.14696	0.00736
 62.0	 64.0	0.13637	0.00866
 64.0	 66.0	0.10482	0.00973
 66.0	 68.0	0.07290	0.00992
 68.0	 70.0	0.07181	0.01214
 70.0	 72.0	0.06517	0.01886
 72.0	 74.0	0.01256	0.01804
 74.0	 76.0	0.01873	0.03365
 76.0	 78.0	0.04919	0.05731
 78.0	 80.0	0.02396	0.02695
 80.0	 82.0	0.01242	0.14077
 82.0	 84.0	0.02132	0.03357
 84.0	 86.0	0.04101	0.03114
 86.0	 88.0	0.02694	0.06784
 88.0	 90.0	0.33261	8.98162
 90.0	 92.0	0.00365	0.04328
 92.0	 94.0	0.00589	0.11753
 94.0	 96.0	0.02291	0.03912
 96.0	 98.0	0.05143	0.09210
 98.0	100.0	0.17823	0.18992
