  0.0	  1.0	0.50980	0.00336
  1.0	  2.0	0.51846	0.00332
  2.0	  3.0	0.52274	0.00322
  3.0	  4.0	0.52549	0.00314
  4.0	  5.0	0.52624	0.00309
  5.0	  6.0	0.52442	0.00309
  6.0	  7.0	0.53639	0.00308
  7.0	  8.0	0.52541	0.00306
  8.0	  9.0	0.52794	0.00305
  9.0	 10.0	0.53119	0.00305
 10.0	 11.0	0.52736	0.00307
 11.0	 12.0	0.52307	0.00309
 12.0	 13.0	0.52045	0.00309
 13.0	 14.0	0.52342	0.00312
 14.0	 15.0	0.51663	0.00313
 15.0	 16.0	0.50864	0.00311
 16.0	 17.0	0.50904	0.00313
 17.0	 18.0	0.50796	0.00315
 18.0	 19.0	0.50345	0.00320
 19.0	 20.0	0.49503	0.00316
 20.0	 21.0	0.49599	0.00328
 21.0	 22.0	0.48973	0.00327
 22.0	 23.0	0.48645	0.00332
 23.0	 24.0	0.47671	0.00338
 24.0	 25.0	0.47550	0.00336
 25.0	 26.0	0.47248	0.00343
 26.0	 27.0	0.45754	0.00346
 27.0	 28.0	0.45117	0.00348
 28.0	 29.0	0.45318	0.00356
 29.0	 30.0	0.44418	0.00356
 30.0	 31.0	0.43610	0.00366
 31.0	 32.0	0.44062	0.00374
 32.0	 33.0	0.42151	0.00374
 33.0	 34.0	0.42471	0.00385
 34.0	 35.0	0.40952	0.00391
 35.0	 36.0	0.39671	0.00391
 36.0	 37.0	0.39819	0.00409
 37.0	 38.0	0.38832	0.00416
 38.0	 39.0	0.37591	0.00417
 39.0	 40.0	0.37607	0.00441
 40.0	 41.0	0.36469	0.00449
 41.0	 42.0	0.36196	0.00462
 42.0	 43.0	0.34102	0.00465
 43.0	 44.0	0.33626	0.00474
 44.0	 45.0	0.33273	0.00491
 45.0	 46.0	0.31343	0.00502
 46.0	 47.0	0.30577	0.00517
 47.0	 48.0	0.30451	0.00546
 48.0	 49.0	0.28117	0.00567
 49.0	 50.0	0.27180	0.00581
 50.0	 51.0	0.25496	0.00607
 51.0	 52.0	0.25537	0.00631
 52.0	 53.0	0.23308	0.00636
 53.0	 54.0	0.23075	0.00681
 54.0	 55.0	0.22619	0.00759
 55.0	 56.0	0.20997	0.00763
 56.0	 57.0	0.20114	0.00769
 57.0	 58.0	0.18741	0.00851
 58.0	 59.0	0.18323	0.00910
 59.0	 60.0	0.16230	0.00914
 60.0	 61.0	0.14884	0.01026
 61.0	 62.0	0.14508	0.01056
 62.0	 63.0	0.14260	0.01158
 63.0	 64.0	0.12946	0.01309
 64.0	 65.0	0.11286	0.01336
 65.0	 66.0	0.09629	0.01420
 66.0	 67.0	0.09008	0.01311
 67.0	 68.0	0.05278	0.01519
 68.0	 69.0	0.07119	0.01719
 69.0	 70.0	0.07188	0.01736
 70.0	 71.0	0.04029	0.03048
 71.0	 72.0	0.08643	0.03205
 72.0	 73.0	0.01844	0.02071
 73.0	 74.0	0.04768	0.07253
 74.0	 75.0	0.02518	0.05499
 75.0	 76.0	0.13514	0.28353
 76.0	 77.0	0.09438	0.14156
 77.0	 78.0	0.01074	0.02899
 78.0	 79.0	0.02493	0.03232
 79.0	 80.0	0.03407	0.11812
 80.0	 81.0	0.01536	0.03895
 81.0	 82.0	0.02389	0.03868
 82.0	 83.0	0.00994	0.03220
 83.0	 84.0	0.06562	0.08843
 84.0	 85.0	0.09454	0.08508
 85.0	 86.0	0.02864	0.04030
 86.0	 87.0	0.05141	0.03565
 87.0	 88.0	0.06620	0.06235
 88.0	 89.0	0.03099	0.06147
 89.0	 90.0	0.02516	0.03326
 90.0	 91.0	0.05188	0.33090
 91.0	 92.0	0.02719	0.05661
 92.0	 93.0	0.01554	0.04216
 93.0	 94.0	0.09956	0.34351
 94.0	 95.0	0.02933	0.03813
 95.0	 96.0	0.01334	0.13906
 96.0	 97.0	0.10016	1.50304
 97.0	 98.0	0.05910	0.11336
 98.0	 99.0	0.22478	0.28876
 99.0	100.0	0.21422	0.28643
