  0.0	  5.0	0.52050	0.00144
  5.0	 10.0	0.52909	0.00137
 10.0	 15.0	0.52219	0.00139
 15.0	 20.0	0.50484	0.00141
 20.0	 25.0	0.48493	0.00149
 25.0	 30.0	0.45580	0.00156
 30.0	 35.0	0.42658	0.00169
 35.0	 40.0	0.38711	0.00185
 40.0	 45.0	0.34754	0.00209
 45.0	 50.0	0.29578	0.00242
 50.0	 55.0	0.24027	0.00294
 55.0	 60.0	0.18952	0.00373
 60.0	 65.0	0.13662	0.00516
 65.0	 70.0	0.07782	0.00672
 70.0	 75.0	0.03918	0.01100
 75.0	 80.0	0.02005	0.02095
 80.0	 85.0	0.02576	0.04343
 85.0	 90.0	0.04188	0.04071
 90.0	 95.0	0.01853	0.05607
 95.0	100.0	0.00858	0.15730
