  0.0	  5.0	0.53788	0.00149
  5.0	 10.0	0.56829	0.00147
 10.0	 15.0	0.57255	0.00152
 15.0	 20.0	0.56696	0.00158
 20.0	 25.0	0.54829	0.00168
 25.0	 30.0	0.52599	0.00180
 30.0	 35.0	0.49296	0.00195
 35.0	 40.0	0.45384	0.00217
 40.0	 45.0	0.41181	0.00248
 45.0	 50.0	0.35621	0.00291
 50.0	 55.0	0.30388	0.00371
 55.0	 60.0	0.23483	0.00462
 60.0	 65.0	0.17477	0.00660
 65.0	 70.0	0.12272	0.01060
 70.0	 75.0	0.06853	0.01924
 75.0	 80.0	0.02948	0.03081
 80.0	 85.0	0.01896	0.03196
 85.0	 90.0	0.02501	0.02431
 90.0	 95.0	0.02739	0.08289
 95.0	100.0	0.30043	5.50904
