  0.0	  1.0	0.51698	0.00341
  1.0	  2.0	0.52426	0.00336
  2.0	  3.0	0.53989	0.00332
  3.0	  4.0	0.55008	0.00329
  4.0	  5.0	0.55755	0.00328
  5.0	  6.0	0.56856	0.00335
  6.0	  7.0	0.56243	0.00323
  7.0	  8.0	0.57155	0.00333
  8.0	  9.0	0.57088	0.00330
  9.0	 10.0	0.56821	0.00326
 10.0	 11.0	0.57527	0.00335
 11.0	 12.0	0.57252	0.00339
 12.0	 13.0	0.57442	0.00341
 13.0	 14.0	0.56810	0.00339
 14.0	 15.0	0.57250	0.00347
 15.0	 16.0	0.57501	0.00352
 16.0	 17.0	0.57066	0.00351
 17.0	 18.0	0.56418	0.00350
 18.0	 19.0	0.56518	0.00359
 19.0	 20.0	0.55970	0.00357
 20.0	 21.0	0.55512	0.00367
 21.0	 22.0	0.55259	0.00369
 22.0	 23.0	0.55169	0.00376
 23.0	 24.0	0.54450	0.00386
 24.0	 25.0	0.53744	0.00380
 25.0	 26.0	0.53428	0.00388
 26.0	 27.0	0.52828	0.00399
 27.0	 28.0	0.53014	0.00408
 28.0	 29.0	0.52283	0.00411
 29.0	 30.0	0.51424	0.00412
 30.0	 31.0	0.50469	0.00423
 31.0	 32.0	0.50007	0.00425
 32.0	 33.0	0.49360	0.00438
 33.0	 34.0	0.48729	0.00441
 34.0	 35.0	0.47879	0.00458
 35.0	 36.0	0.46888	0.00463
 36.0	 37.0	0.46470	0.00478
 37.0	 38.0	0.45252	0.00484
 38.0	 39.0	0.45095	0.00501
 39.0	 40.0	0.43116	0.00505
 40.0	 41.0	0.42287	0.00521
 41.0	 42.0	0.42408	0.00542
 42.0	 43.0	0.41524	0.00567
 43.0	 44.0	0.40072	0.00565
 44.0	 45.0	0.39563	0.00584
 45.0	 46.0	0.38361	0.00614
 46.0	 47.0	0.37142	0.00628
 47.0	 48.0	0.35404	0.00635
 48.0	 49.0	0.34391	0.00693
 49.0	 50.0	0.32501	0.00695
 50.0	 51.0	0.32760	0.00780
 51.0	 52.0	0.31657	0.00782
 52.0	 53.0	0.32072	0.00875
 53.0	 54.0	0.28808	0.00851
 54.0	 55.0	0.26281	0.00882
 55.0	 56.0	0.26797	0.00974
 56.0	 57.0	0.24610	0.00941
 57.0	 58.0	0.22387	0.01016
 58.0	 59.0	0.21502	0.01068
 59.0	 60.0	0.21790	0.01228
 60.0	 61.0	0.20571	0.01418
 61.0	 62.0	0.19920	0.01450
 62.0	 63.0	0.16952	0.01376
 63.0	 64.0	0.13596	0.01375
 64.0	 65.0	0.15976	0.01891
 65.0	 66.0	0.14852	0.02190
 66.0	 67.0	0.12225	0.01779
 67.0	 68.0	0.10109	0.02908
 68.0	 69.0	0.13440	0.03245
 69.0	 70.0	0.10574	0.02553
 70.0	 71.0	0.15190	0.11491
 71.0	 72.0	0.06285	0.02330
 72.0	 73.0	0.05400	0.06065
 73.0	 74.0	0.02925	0.04449
 74.0	 75.0	0.01902	0.04154
 75.0	 76.0	0.02327	0.04882
 76.0	 77.0	0.01480	0.02219
 77.0	 78.0	0.04685	0.12639
 78.0	 79.0	0.08401	0.10893
 79.0	 80.0	0.01121	0.03888
 80.0	 81.0	0.06516	0.16528
 81.0	 82.0	0.04990	0.08079
 82.0	 83.0	0.03946	0.12781
 83.0	 84.0	0.03752	0.05056
 84.0	 85.0	0.05818	0.05237
 85.0	 86.0	0.06719	0.09454
 86.0	 87.0	0.04483	0.03109
 87.0	 88.0	0.02443	0.02301
 88.0	 89.0	0.02150	0.04265
 89.0	 90.0	0.07005	0.09259
 90.0	 91.0	0.00879	0.05607
 91.0	 92.0	0.03201	0.06665
 92.0	 93.0	0.04836	0.13123
 93.0	 94.0	0.01250	0.04313
 94.0	 95.0	0.17429	0.22659
 95.0	 96.0	0.12196	1.27149
 96.0	 97.0	0.01543	0.23156
 97.0	 98.0	0.31140	0.59732
 98.0	 99.0	0.11274	0.14483
 99.0	100.0	0.36931	0.49380
