  0.0	  5.0	0.50273	0.00122
  5.0	 10.0	0.67626	0.00080
 10.0	 15.0	0.75778	0.00063
 15.0	 20.0	0.79328	0.00056
 20.0	 25.0	0.80506	0.00054
 25.0	 30.0	0.80298	0.00056
 30.0	 35.0	0.78912	0.00060
 35.0	 40.0	0.76304	0.00066
 40.0	 45.0	0.72506	0.00075
 45.0	 50.0	0.67200	0.00087
 50.0	 55.0	0.60820	0.00103
 55.0	 60.0	0.53295	0.00124
 60.0	 65.0	0.44358	0.00153
 65.0	 70.0	0.35864	0.00199
 70.0	 75.0	0.27781	0.00278
 75.0	 80.0	0.20599	0.00436
 80.0	 85.0	0.16208	0.00875
 85.0	 90.0	0.12949	0.02032
 90.0	 95.0	0.04549	0.10641
 95.0	100.0	0.13905	0.15894
