  0.0	  5.0	0.49725	0.00146
  5.0	 10.0	0.51702	0.00144
 10.0	 15.0	0.52252	0.00148
 15.0	 20.0	0.51240	0.00154
 20.0	 25.0	0.49521	0.00163
 25.0	 30.0	0.47504	0.00175
 30.0	 35.0	0.44486	0.00189
 35.0	 40.0	0.40934	0.00209
 40.0	 45.0	0.36971	0.00238
 45.0	 50.0	0.32264	0.00280
 50.0	 55.0	0.27004	0.00354
 55.0	 60.0	0.20393	0.00438
 60.0	 65.0	0.15745	0.00632
 65.0	 70.0	0.09735	0.00955
 70.0	 75.0	0.06104	0.01833
 75.0	 80.0	0.01502	0.06115
 80.0	 85.0	0.04490	0.04643
 85.0	 90.0	0.03772	0.07344
 90.0	 95.0	0.03255	0.18757
 95.0	100.0	0.00628	0.39825
