  0.0	  1.0	0.40835	0.00341
  1.0	  2.0	0.45717	0.00312
  2.0	  3.0	0.50626	0.00275
  3.0	  4.0	0.55122	0.00243
  4.0	  5.0	0.58909	0.00220
  5.0	  6.0	0.62761	0.00204
  6.0	  7.0	0.65778	0.00187
  7.0	  8.0	0.68545	0.00176
  8.0	  9.0	0.70306	0.00166
  9.0	 10.0	0.72187	0.00157
 10.0	 11.0	0.73999	0.00151
 11.0	 12.0	0.75276	0.00145
 12.0	 13.0	0.76306	0.00140
 13.0	 14.0	0.77189	0.00137
 14.0	 15.0	0.77781	0.00132
 15.0	 16.0	0.78650	0.00130
 16.0	 17.0	0.79256	0.00127
 17.0	 18.0	0.79914	0.00124
 18.0	 19.0	0.80154	0.00123
 19.0	 20.0	0.80216	0.00122
 20.0	 21.0	0.80740	0.00122
 21.0	 22.0	0.80658	0.00121
 22.0	 23.0	0.81031	0.00121
 23.0	 24.0	0.81040	0.00121
 24.0	 25.0	0.80851	0.00121
 25.0	 26.0	0.81034	0.00122
 26.0	 27.0	0.80776	0.00123
 27.0	 28.0	0.80748	0.00124
 28.0	 29.0	0.80513	0.00126
 29.0	 30.0	0.80460	0.00127
 30.0	 31.0	0.79944	0.00128
 31.0	 32.0	0.79424	0.00131
 32.0	 33.0	0.79397	0.00132
 33.0	 34.0	0.78763	0.00136
 34.0	 35.0	0.78184	0.00139
 35.0	 36.0	0.77881	0.00140
 36.0	 37.0	0.77260	0.00144
 37.0	 38.0	0.76519	0.00148
 38.0	 39.0	0.75791	0.00151
 39.0	 40.0	0.75224	0.00155
 40.0	 41.0	0.74609	0.00159
 41.0	 42.0	0.73785	0.00164
 42.0	 43.0	0.72710	0.00168
 43.0	 44.0	0.71789	0.00173
 44.0	 45.0	0.70829	0.00179
 45.0	 46.0	0.69786	0.00183
 46.0	 47.0	0.68710	0.00189
 47.0	 48.0	0.67735	0.00194
 48.0	 49.0	0.66300	0.00202
 49.0	 50.0	0.65478	0.00208
 50.0	 51.0	0.63957	0.00214
 51.0	 52.0	0.62720	0.00223
 52.0	 53.0	0.61489	0.00230
 53.0	 54.0	0.59783	0.00238
 54.0	 55.0	0.58213	0.00246
 55.0	 56.0	0.56539	0.00255
 56.0	 57.0	0.54906	0.00265
 57.0	 58.0	0.53413	0.00276
 58.0	 59.0	0.52131	0.00288
 59.0	 60.0	0.50626	0.00303
 60.0	 61.0	0.48955	0.00316
 61.0	 62.0	0.46335	0.00326
 62.0	 63.0	0.45139	0.00345
 63.0	 64.0	0.43216	0.00363
 64.0	 65.0	0.41065	0.00381
 65.0	 66.0	0.39236	0.00398
 66.0	 67.0	0.37618	0.00422
 67.0	 68.0	0.36406	0.00448
 68.0	 69.0	0.34315	0.00478
 69.0	 70.0	0.31678	0.00499
 70.0	 71.0	0.30293	0.00540
 71.0	 72.0	0.29615	0.00586
 72.0	 73.0	0.27371	0.00632
 73.0	 74.0	0.26582	0.00677
 74.0	 75.0	0.23298	0.00712
 75.0	 76.0	0.23283	0.00797
 76.0	 77.0	0.21320	0.00925
 77.0	 78.0	0.21532	0.01023
 78.0	 79.0	0.18859	0.01101
 79.0	 80.0	0.18769	0.01225
 80.0	 81.0	0.15830	0.01218
 81.0	 82.0	0.15744	0.01707
 82.0	 83.0	0.18529	0.02299
 83.0	 84.0	0.18950	0.03237
 84.0	 85.0	0.13166	0.02698
 85.0	 86.0	0.10118	0.02411
 86.0	 87.0	0.15752	0.13053
 87.0	 88.0	0.13192	0.05229
 88.0	 89.0	0.69891	9.29199
 89.0	 90.0	0.11303	0.05452
 90.0	 91.0	0.06480	0.06058
 91.0	 92.0	0.14070	0.07935
 92.0	 93.0	0.11437	0.08067
 93.0	 94.0	0.08775	0.14144
 94.0	 95.0	0.04088	0.06828
 95.0	 96.0	0.21935	0.22407
 96.0	 97.0	0.06678	0.13521
 97.0	 98.0	0.05046	0.26269
 98.0	 99.0	0.20800	0.39039
 99.0	100.0	0.36373	0.27653
