  0.0	  2.0	0.47948	0.00234
  2.0	  4.0	0.49589	0.00228
  4.0	  6.0	0.51219	0.00228
  6.0	  8.0	0.50886	0.00225
  8.0	 10.0	0.51356	0.00226
 10.0	 12.0	0.51962	0.00232
 12.0	 14.0	0.51490	0.00234
 14.0	 16.0	0.51436	0.00239
 16.0	 18.0	0.50564	0.00240
 18.0	 20.0	0.50212	0.00245
 20.0	 22.0	0.49876	0.00252
 22.0	 24.0	0.48885	0.00260
 24.0	 26.0	0.47991	0.00262
 26.0	 28.0	0.47213	0.00275
 28.0	 30.0	0.46146	0.00280
 30.0	 32.0	0.45135	0.00289
 32.0	 34.0	0.43673	0.00298
 34.0	 36.0	0.42988	0.00314
 36.0	 38.0	0.40628	0.00326
 38.0	 40.0	0.39628	0.00342
 40.0	 42.0	0.37594	0.00359
 42.0	 44.0	0.36339	0.00383
 44.0	 46.0	0.33526	0.00400
 46.0	 48.0	0.31546	0.00424
 48.0	 50.0	0.30245	0.00473
 50.0	 52.0	0.28289	0.00524
 52.0	 54.0	0.26458	0.00575
 54.0	 56.0	0.23583	0.00623
 56.0	 58.0	0.21538	0.00667
 58.0	 60.0	0.19504	0.00772
 60.0	 62.0	0.16066	0.00917
 62.0	 64.0	0.14704	0.00959
 64.0	 66.0	0.13181	0.01331
 66.0	 68.0	0.10280	0.01460
 68.0	 70.0	0.08016	0.01717
 70.0	 72.0	0.07079	0.02303
 72.0	 74.0	0.20090	0.27890
 74.0	 76.0	0.04240	0.11412
 76.0	 78.0	0.02501	0.02392
 78.0	 80.0	0.01930	0.09238
 80.0	 82.0	0.01817	0.26361
 82.0	 84.0	0.05138	0.21064
 84.0	 86.0	0.02212	0.02061
 86.0	 88.0	0.01122	0.02694
 88.0	 90.0	0.04186	0.03950
 90.0	 92.0	0.05547	0.10343
 92.0	 94.0	0.14734	0.30907
 94.0	 96.0	0.07054	0.13118
 96.0	 98.0	0.06500	0.09182
 98.0	100.0	0.12271	0.13819
