  0.0	  1.0	0.47853	0.00334
  1.0	  2.0	0.48529	0.00329
  2.0	  3.0	0.49569	0.00325
  3.0	  4.0	0.50966	0.00323
  4.0	  5.0	0.51651	0.00321
  5.0	  6.0	0.51989	0.00327
  6.0	  7.0	0.51217	0.00315
  7.0	  8.0	0.51822	0.00325
  8.0	  9.0	0.51367	0.00321
  9.0	 10.0	0.52127	0.00319
 10.0	 11.0	0.52288	0.00327
 11.0	 12.0	0.52667	0.00331
 12.0	 13.0	0.52033	0.00332
 13.0	 14.0	0.51882	0.00331
 14.0	 15.0	0.52397	0.00338
 15.0	 16.0	0.52413	0.00342
 16.0	 17.0	0.51698	0.00341
 17.0	 18.0	0.51490	0.00341
 18.0	 19.0	0.50405	0.00347
 19.0	 20.0	0.50164	0.00346
 20.0	 21.0	0.50120	0.00356
 21.0	 22.0	0.50171	0.00359
 22.0	 23.0	0.49659	0.00364
 23.0	 24.0	0.48939	0.00373
 24.0	 25.0	0.48699	0.00369
 25.0	 26.0	0.48294	0.00376
 26.0	 27.0	0.48138	0.00388
 27.0	 28.0	0.47628	0.00394
 28.0	 29.0	0.46976	0.00397
 29.0	 30.0	0.46459	0.00398
 30.0	 31.0	0.45874	0.00410
 31.0	 32.0	0.45316	0.00411
 32.0	 33.0	0.44637	0.00423
 33.0	 34.0	0.43756	0.00425
 34.0	 35.0	0.42788	0.00440
 35.0	 36.0	0.42265	0.00446
 36.0	 37.0	0.41946	0.00461
 37.0	 38.0	0.40737	0.00467
 38.0	 39.0	0.40435	0.00481
 39.0	 40.0	0.39214	0.00489
 40.0	 41.0	0.38446	0.00504
 41.0	 42.0	0.38139	0.00521
 42.0	 43.0	0.37176	0.00544
 43.0	 44.0	0.36722	0.00546
 44.0	 45.0	0.34249	0.00553
 45.0	 46.0	0.34585	0.00590
 46.0	 47.0	0.33454	0.00603
 47.0	 48.0	0.31555	0.00610
 48.0	 49.0	0.31472	0.00670
 49.0	 50.0	0.30050	0.00676
 50.0	 51.0	0.28998	0.00741
 51.0	 52.0	0.28118	0.00746
 52.0	 53.0	0.28058	0.00828
 53.0	 54.0	0.25756	0.00815
 54.0	 55.0	0.23778	0.00847
 55.0	 56.0	0.22375	0.00908
 56.0	 57.0	0.21514	0.00893
 57.0	 58.0	0.20418	0.00981
 58.0	 59.0	0.18264	0.01012
 59.0	 60.0	0.19118	0.01171
 60.0	 61.0	0.17805	0.01326
 61.0	 62.0	0.17294	0.01371
 62.0	 63.0	0.14458	0.01326
 63.0	 64.0	0.14211	0.01397
 64.0	 65.0	0.14519	0.01806
 65.0	 66.0	0.13042	0.02053
 66.0	 67.0	0.09626	0.01656
 67.0	 68.0	0.10044	0.02738
 68.0	 69.0	0.09581	0.02719
 69.0	 70.0	0.05653	0.02363
 70.0	 71.0	0.13521	0.10888
 71.0	 72.0	0.02495	0.04767
 72.0	 73.0	0.03200	0.03886
 73.0	 74.0	0.06451	0.05890
 74.0	 75.0	0.01932	0.05523
 75.0	 76.0	0.01184	0.07053
 76.0	 77.0	0.04710	0.02189
 77.0	 78.0	0.09646	0.25114
 78.0	 79.0	0.03914	0.05228
 79.0	 80.0	0.03080	0.05258
 80.0	 81.0	0.06734	0.18636
 81.0	 82.0	0.02127	0.08583
 82.0	 83.0	0.07823	0.10910
 83.0	 84.0	0.05653	0.06487
 84.0	 85.0	0.04293	0.03677
 85.0	 86.0	0.01348	0.11834
 86.0	 87.0	0.01492	0.05678
 87.0	 88.0	0.00444	0.06238
 88.0	 89.0	0.04510	0.03202
 89.0	 90.0	0.00849	0.22029
 90.0	 91.0	0.03926	0.09780
 91.0	 92.0	0.04480	0.04895
 92.0	 93.0	0.07921	0.10905
 93.0	 94.0	0.10745	0.10661
 94.0	 95.0	0.02479	0.05084
 95.0	 96.0	0.07033	0.10781
 96.0	 97.0	0.09428	0.12972
 97.0	 98.0	0.03682	0.36606
 98.0	 99.0	0.14881	0.52133
 99.0	100.0	0.30904	0.39011
