  0.0	  1.0	0.41748	0.00342
  1.0	  2.0	0.47096	0.00314
  2.0	  3.0	0.52518	0.00276
  3.0	  4.0	0.57573	0.00244
  4.0	  5.0	0.61974	0.00221
  5.0	  6.0	0.66020	0.00204
  6.0	  7.0	0.69035	0.00186
  7.0	  8.0	0.71920	0.00175
  8.0	  9.0	0.73688	0.00164
  9.0	 10.0	0.75863	0.00155
 10.0	 11.0	0.77382	0.00148
 11.0	 12.0	0.78800	0.00142
 12.0	 13.0	0.79716	0.00137
 13.0	 14.0	0.80704	0.00134
 14.0	 15.0	0.81499	0.00128
 15.0	 16.0	0.82141	0.00126
 16.0	 17.0	0.82660	0.00123
 17.0	 18.0	0.82990	0.00121
 18.0	 19.0	0.83611	0.00119
 19.0	 20.0	0.83904	0.00118
 20.0	 21.0	0.83990	0.00118
 21.0	 22.0	0.84016	0.00117
 22.0	 23.0	0.84388	0.00116
 23.0	 24.0	0.84257	0.00117
 24.0	 25.0	0.84491	0.00117
 25.0	 26.0	0.84290	0.00119
 26.0	 27.0	0.84025	0.00119
 27.0	 28.0	0.84085	0.00120
 28.0	 29.0	0.83899	0.00122
 29.0	 30.0	0.83771	0.00124
 30.0	 31.0	0.83364	0.00125
 31.0	 32.0	0.82915	0.00128
 32.0	 33.0	0.82640	0.00129
 33.0	 34.0	0.82317	0.00132
 34.0	 35.0	0.81883	0.00135
 35.0	 36.0	0.81303	0.00138
 36.0	 37.0	0.80700	0.00141
 37.0	 38.0	0.80362	0.00145
 38.0	 39.0	0.79784	0.00148
 39.0	 40.0	0.79017	0.00152
 40.0	 41.0	0.78530	0.00156
 41.0	 42.0	0.77798	0.00162
 42.0	 43.0	0.76697	0.00166
 43.0	 44.0	0.75783	0.00171
 44.0	 45.0	0.75134	0.00178
 45.0	 46.0	0.73800	0.00182
 46.0	 47.0	0.72977	0.00188
 47.0	 48.0	0.71796	0.00194
 48.0	 49.0	0.70664	0.00201
 49.0	 50.0	0.69688	0.00208
 50.0	 51.0	0.68286	0.00215
 51.0	 52.0	0.67142	0.00224
 52.0	 53.0	0.65878	0.00232
 53.0	 54.0	0.64351	0.00241
 54.0	 55.0	0.62497	0.00249
 55.0	 56.0	0.61233	0.00258
 56.0	 57.0	0.59598	0.00269
 57.0	 58.0	0.58347	0.00281
 58.0	 59.0	0.55753	0.00292
 59.0	 60.0	0.54759	0.00308
 60.0	 61.0	0.52654	0.00322
 61.0	 62.0	0.50648	0.00333
 62.0	 63.0	0.49025	0.00352
 63.0	 64.0	0.46643	0.00370
 64.0	 65.0	0.45115	0.00390
 65.0	 66.0	0.43729	0.00410
 66.0	 67.0	0.41431	0.00434
 67.0	 68.0	0.40160	0.00461
 68.0	 69.0	0.37598	0.00491
 69.0	 70.0	0.36173	0.00518
 70.0	 71.0	0.34305	0.00559
 71.0	 72.0	0.33154	0.00607
 72.0	 73.0	0.30497	0.00654
 73.0	 74.0	0.27794	0.00682
 74.0	 75.0	0.27025	0.00733
 75.0	 76.0	0.25093	0.00814
 76.0	 77.0	0.25296	0.00977
 77.0	 78.0	0.20832	0.00995
 78.0	 79.0	0.19009	0.01080
 79.0	 80.0	0.19582	0.01244
 80.0	 81.0	0.16660	0.01244
 81.0	 82.0	0.17521	0.01755
 82.0	 83.0	0.21251	0.02626
 83.0	 84.0	0.17331	0.02764
 84.0	 85.0	0.18214	0.03052
 85.0	 86.0	0.08566	0.01779
 86.0	 87.0	0.18234	0.09832
 87.0	 88.0	0.13178	0.03339
 88.0	 89.0	0.32340	0.58924
 89.0	 90.0	0.21723	0.27188
 90.0	 91.0	0.17673	0.15418
 91.0	 92.0	0.22310	0.38201
 92.0	 93.0	0.16387	0.16270
 93.0	 94.0	0.09227	0.07132
 94.0	 95.0	0.12356	0.11341
 95.0	 96.0	0.02398	0.12577
 96.0	 97.0	0.15573	0.20963
 97.0	 98.0	0.12339	0.22545
 98.0	 99.0	0.27616	0.83073
 99.0	100.0	0.72996	0.62993
