  0.0	  1.0	0.47486	0.00333
  1.0	  2.0	0.48409	0.00329
  2.0	  3.0	0.49242	0.00325
  3.0	  4.0	0.49931	0.00321
  4.0	  5.0	0.51296	0.00320
  5.0	  6.0	0.51141	0.00326
  6.0	  7.0	0.50786	0.00315
  7.0	  8.0	0.50990	0.00323
  8.0	  9.0	0.51021	0.00321
  9.0	 10.0	0.51688	0.00318
 10.0	 11.0	0.51773	0.00326
 11.0	 12.0	0.52153	0.00330
 12.0	 13.0	0.51835	0.00331
 13.0	 14.0	0.51145	0.00330
 14.0	 15.0	0.51403	0.00337
 15.0	 16.0	0.51468	0.00341
 16.0	 17.0	0.50906	0.00340
 17.0	 18.0	0.50222	0.00338
 18.0	 19.0	0.50381	0.00347
 19.0	 20.0	0.50044	0.00345
 20.0	 21.0	0.49751	0.00355
 21.0	 22.0	0.49998	0.00358
 22.0	 23.0	0.48994	0.00362
 23.0	 24.0	0.48778	0.00373
 24.0	 25.0	0.48502	0.00368
 25.0	 26.0	0.47475	0.00374
 26.0	 27.0	0.47241	0.00386
 27.0	 28.0	0.47183	0.00393
 28.0	 29.0	0.46356	0.00395
 29.0	 30.0	0.45936	0.00397
 30.0	 31.0	0.45910	0.00409
 31.0	 32.0	0.44353	0.00408
 32.0	 33.0	0.44180	0.00421
 33.0	 34.0	0.43158	0.00423
 34.0	 35.0	0.43169	0.00441
 35.0	 36.0	0.42804	0.00448
 36.0	 37.0	0.41674	0.00459
 37.0	 38.0	0.39568	0.00462
 38.0	 39.0	0.40440	0.00481
 39.0	 40.0	0.38806	0.00487
 40.0	 41.0	0.37919	0.00501
 41.0	 42.0	0.37261	0.00516
 42.0	 43.0	0.36417	0.00539
 43.0	 44.0	0.36260	0.00544
 44.0	 45.0	0.33403	0.00551
 45.0	 46.0	0.33639	0.00584
 46.0	 47.0	0.31791	0.00593
 47.0	 48.0	0.31299	0.00606
 48.0	 49.0	0.31403	0.00669
 49.0	 50.0	0.29061	0.00667
 50.0	 51.0	0.29093	0.00743
 51.0	 52.0	0.27475	0.00740
 52.0	 53.0	0.27937	0.00823
 53.0	 54.0	0.24959	0.00804
 54.0	 55.0	0.23568	0.00844
 55.0	 56.0	0.23623	0.00922
 56.0	 57.0	0.21986	0.00903
 57.0	 58.0	0.21064	0.00992
 58.0	 59.0	0.20551	0.01047
 59.0	 60.0	0.18392	0.01141
 60.0	 61.0	0.16742	0.01299
 61.0	 62.0	0.15354	0.01296
 62.0	 63.0	0.15811	0.01337
 63.0	 64.0	0.13517	0.01379
 64.0	 65.0	0.12606	0.01713
 65.0	 66.0	0.13851	0.02113
 66.0	 67.0	0.09869	0.01638
 67.0	 68.0	0.11177	0.03006
 68.0	 69.0	0.06664	0.02741
 69.0	 70.0	0.08730	0.02366
 70.0	 71.0	0.10506	0.08306
 71.0	 72.0	0.05798	0.02279
 72.0	 73.0	0.09875	0.04873
 73.0	 74.0	0.10275	0.08408
 74.0	 75.0	0.01098	0.02510
 75.0	 76.0	0.01398	0.12675
 76.0	 77.0	0.01151	0.02340
 77.0	 78.0	0.05575	0.15198
 78.0	 79.0	0.00421	0.21872
 79.0	 80.0	0.03364	0.12550
 80.0	 81.0	0.03295	0.10473
 81.0	 82.0	0.04967	0.07353
 82.0	 83.0	0.05512	0.06526
 83.0	 84.0	0.02463	0.04756
 84.0	 85.0	0.00729	0.03493
 85.0	 86.0	0.03994	0.02888
 86.0	 87.0	0.03285	0.04037
 87.0	 88.0	0.01463	0.04067
 88.0	 89.0	0.01743	0.15178
 89.0	 90.0	0.03994	0.05879
 90.0	 91.0	0.23400	1.35620
 91.0	 92.0	0.06510	0.06613
 92.0	 93.0	0.11432	0.11477
 93.0	 94.0	0.04661	0.11335
 94.0	 95.0	0.02329	0.24553
 95.0	 96.0	0.05027	0.06581
 96.0	 97.0	0.13271	0.09684
 97.0	 98.0	0.26050	0.60093
 98.0	 99.0	0.15165	0.17140
 99.0	100.0	0.22238	0.29430
