  0.0	  5.0	0.49283	0.00146
  5.0	 10.0	0.51124	0.00143
 10.0	 15.0	0.51661	0.00148
 15.0	 20.0	0.50605	0.00153
 20.0	 25.0	0.49208	0.00162
 25.0	 30.0	0.46841	0.00174
 30.0	 35.0	0.44162	0.00188
 35.0	 40.0	0.40679	0.00209
 40.0	 45.0	0.36285	0.00237
 45.0	 50.0	0.31467	0.00278
 50.0	 55.0	0.26670	0.00352
 55.0	 60.0	0.21197	0.00443
 60.0	 65.0	0.14886	0.00618
 65.0	 70.0	0.10341	0.00976
 70.0	 75.0	0.07397	0.01990
 75.0	 80.0	0.04404	0.04003
 80.0	 85.0	0.00936	0.07594
 85.0	 90.0	0.00889	0.12381
 90.0	 95.0	0.44674	28.18790
 95.0	100.0	0.02909	0.04604
