  0.0	  1.0	0.40189	0.00340
  1.0	  2.0	0.45259	0.00311
  2.0	  3.0	0.50323	0.00274
  3.0	  4.0	0.54791	0.00243
  4.0	  5.0	0.58760	0.00220
  5.0	  6.0	0.62543	0.00204
  6.0	  7.0	0.65101	0.00187
  7.0	  8.0	0.68059	0.00177
  8.0	  9.0	0.70069	0.00166
  9.0	 10.0	0.71918	0.00158
 10.0	 11.0	0.73562	0.00151
 11.0	 12.0	0.74791	0.00145
 12.0	 13.0	0.75897	0.00140
 13.0	 14.0	0.76862	0.00137
 14.0	 15.0	0.77710	0.00132
 15.0	 16.0	0.78516	0.00130
 16.0	 17.0	0.78942	0.00127
 17.0	 18.0	0.79305	0.00125
 18.0	 19.0	0.79743	0.00124
 19.0	 20.0	0.80127	0.00122
 20.0	 21.0	0.80229	0.00123
 21.0	 22.0	0.80466	0.00121
 22.0	 23.0	0.80626	0.00121
 23.0	 24.0	0.80517	0.00122
 24.0	 25.0	0.80691	0.00121
 25.0	 26.0	0.80647	0.00123
 26.0	 27.0	0.80353	0.00123
 27.0	 28.0	0.80278	0.00125
 28.0	 29.0	0.80158	0.00126
 29.0	 30.0	0.80051	0.00128
 30.0	 31.0	0.79598	0.00129
 31.0	 32.0	0.79091	0.00131
 32.0	 33.0	0.78979	0.00133
 33.0	 34.0	0.78568	0.00136
 34.0	 35.0	0.78318	0.00138
 35.0	 36.0	0.77663	0.00140
 36.0	 37.0	0.76753	0.00145
 37.0	 38.0	0.76358	0.00148
 38.0	 39.0	0.75605	0.00151
 39.0	 40.0	0.75114	0.00155
 40.0	 41.0	0.74278	0.00159
 41.0	 42.0	0.73437	0.00164
 42.0	 43.0	0.72524	0.00167
 43.0	 44.0	0.71455	0.00172
 44.0	 45.0	0.70789	0.00179
 45.0	 46.0	0.69379	0.00183
 46.0	 47.0	0.68471	0.00189
 47.0	 48.0	0.67276	0.00195
 48.0	 49.0	0.66088	0.00201
 49.0	 50.0	0.64661	0.00208
 50.0	 51.0	0.63827	0.00214
 51.0	 52.0	0.62408	0.00223
 52.0	 53.0	0.60493	0.00230
 53.0	 54.0	0.59497	0.00238
 54.0	 55.0	0.57679	0.00247
 55.0	 56.0	0.56440	0.00255
 56.0	 57.0	0.55123	0.00265
 57.0	 58.0	0.53366	0.00276
 58.0	 59.0	0.51429	0.00287
 59.0	 60.0	0.49829	0.00302
 60.0	 61.0	0.47697	0.00314
 61.0	 62.0	0.46525	0.00326
 62.0	 63.0	0.43860	0.00343
 63.0	 64.0	0.42407	0.00361
 64.0	 65.0	0.40920	0.00381
 65.0	 66.0	0.38870	0.00397
 66.0	 67.0	0.37511	0.00422
 67.0	 68.0	0.36215	0.00447
 68.0	 69.0	0.34172	0.00478
 69.0	 70.0	0.32178	0.00501
 70.0	 71.0	0.30975	0.00541
 71.0	 72.0	0.29564	0.00587
 72.0	 73.0	0.26726	0.00628
 73.0	 74.0	0.26719	0.00679
 74.0	 75.0	0.24446	0.00719
 75.0	 76.0	0.23670	0.00803
 76.0	 77.0	0.22451	0.00941
 77.0	 78.0	0.20137	0.00989
 78.0	 79.0	0.18097	0.01081
 79.0	 80.0	0.17928	0.01205
 80.0	 81.0	0.16102	0.01276
 81.0	 82.0	0.17457	0.01845
 82.0	 83.0	0.21093	0.02681
 83.0	 84.0	0.14698	0.02519
 84.0	 85.0	0.10632	0.02813
 85.0	 86.0	0.11056	0.02116
 86.0	 87.0	0.20115	0.08040
 87.0	 88.0	0.13856	0.03944
 88.0	 89.0	0.20413	0.50021
 89.0	 90.0	0.07103	0.13507
 90.0	 91.0	0.10812	0.05846
 91.0	 92.0	0.11512	0.06972
 92.0	 93.0	0.09217	0.04923
 93.0	 94.0	0.08119	0.04732
 94.0	 95.0	0.34507	1.26838
 95.0	 96.0	0.21016	0.34368
 96.0	 97.0	0.36154	7.86811
 97.0	 98.0	0.08271	0.22246
 98.0	 99.0	0.40339	0.23283
 99.0	100.0	0.06587	1.51276
