  0.0	  5.0	0.50629	0.00122
  5.0	 10.0	0.68002	0.00080
 10.0	 15.0	0.76122	0.00063
 15.0	 20.0	0.79640	0.00056
 20.0	 25.0	0.80864	0.00054
 25.0	 30.0	0.80707	0.00056
 30.0	 35.0	0.79144	0.00060
 35.0	 40.0	0.76541	0.00066
 40.0	 45.0	0.72755	0.00075
 45.0	 50.0	0.67624	0.00087
 50.0	 55.0	0.61267	0.00103
 55.0	 60.0	0.53564	0.00124
 60.0	 65.0	0.45025	0.00154
 65.0	 70.0	0.35942	0.00199
 70.0	 75.0	0.27538	0.00277
 75.0	 80.0	0.20815	0.00439
 80.0	 85.0	0.16123	0.00849
 85.0	 90.0	0.12393	0.02181
 90.0	 95.0	0.38272	1.06026
 95.0	100.0	0.12521	0.06797
