  0.0	  2.0	0.48190	0.00235
  2.0	  4.0	0.50272	0.00229
  4.0	  6.0	0.51819	0.00229
  6.0	  8.0	0.51515	0.00226
  8.0	 10.0	0.51749	0.00226
 10.0	 12.0	0.52477	0.00233
 12.0	 14.0	0.51957	0.00234
 14.0	 16.0	0.52405	0.00241
 16.0	 18.0	0.51595	0.00241
 18.0	 20.0	0.50284	0.00245
 20.0	 22.0	0.50145	0.00253
 22.0	 24.0	0.49302	0.00261
 24.0	 26.0	0.48496	0.00263
 26.0	 28.0	0.47884	0.00276
 28.0	 30.0	0.46717	0.00281
 30.0	 32.0	0.45597	0.00290
 32.0	 34.0	0.44200	0.00300
 34.0	 36.0	0.42528	0.00313
 36.0	 38.0	0.41345	0.00328
 38.0	 40.0	0.39828	0.00343
 40.0	 42.0	0.38293	0.00362
 42.0	 44.0	0.36949	0.00386
 44.0	 46.0	0.34410	0.00404
 46.0	 48.0	0.32517	0.00429
 48.0	 50.0	0.30769	0.00476
 50.0	 52.0	0.28561	0.00526
 52.0	 54.0	0.26915	0.00581
 54.0	 56.0	0.23101	0.00619
 56.0	 58.0	0.20974	0.00660
 58.0	 60.0	0.18652	0.00766
 60.0	 62.0	0.17590	0.00952
 62.0	 64.0	0.14433	0.00955
 64.0	 66.0	0.13805	0.01355
 66.0	 68.0	0.09654	0.01411
 68.0	 70.0	0.07777	0.01684
 70.0	 72.0	0.07551	0.02384
 72.0	 74.0	0.09425	0.12557
 74.0	 76.0	0.02332	0.18603
 76.0	 78.0	0.03951	0.02660
 78.0	 80.0	0.02526	0.03239
 80.0	 82.0	0.06852	0.41985
 82.0	 84.0	0.04084	0.21715
 84.0	 86.0	0.03058	0.03507
 86.0	 88.0	0.09532	0.66872
 88.0	 90.0	0.03415	0.03144
 90.0	 92.0	0.14136	0.51396
 92.0	 94.0	0.44968	6.59065
 94.0	 96.0	0.03884	0.04086
 96.0	 98.0	0.04209	0.42165
 98.0	100.0	0.17546	0.34454
