  0.0	  5.0	0.52646	0.00123
  5.0	 10.0	0.71394	0.00079
 10.0	 15.0	0.79633	0.00062
 15.0	 20.0	0.83063	0.00054
 20.0	 25.0	0.84228	0.00052
 25.0	 30.0	0.84014	0.00054
 30.0	 35.0	0.82625	0.00058
 35.0	 40.0	0.80236	0.00065
 40.0	 45.0	0.76796	0.00074
 45.0	 50.0	0.71804	0.00087
 50.0	 55.0	0.65663	0.00104
 55.0	 60.0	0.57988	0.00126
 60.0	 65.0	0.48896	0.00157
 65.0	 70.0	0.39905	0.00205
 70.0	 75.0	0.30682	0.00286
 75.0	 80.0	0.22093	0.00444
 80.0	 85.0	0.17761	0.00874
 85.0	 90.0	0.13547	0.02013
 90.0	 95.0	0.19926	0.12933
 95.0	100.0	0.06447	0.04662
