  0.0	  2.0	0.43328	0.00231
  2.0	  4.0	0.52928	0.00183
  4.0	  6.0	0.60859	0.00150
  6.0	  8.0	0.67170	0.00128
  8.0	 10.0	0.71255	0.00114
 10.0	 12.0	0.74642	0.00104
 12.0	 14.0	0.76747	0.00098
 14.0	 16.0	0.78214	0.00092
 16.0	 18.0	0.79586	0.00089
 18.0	 20.0	0.80185	0.00087
 20.0	 22.0	0.80699	0.00086
 22.0	 24.0	0.81036	0.00085
 24.0	 26.0	0.80942	0.00086
 26.0	 28.0	0.80762	0.00087
 28.0	 30.0	0.80486	0.00089
 30.0	 32.0	0.79685	0.00092
 32.0	 34.0	0.79082	0.00095
 34.0	 36.0	0.78033	0.00099
 36.0	 38.0	0.76890	0.00103
 38.0	 40.0	0.75507	0.00108
 40.0	 42.0	0.74200	0.00114
 42.0	 44.0	0.72250	0.00120
 44.0	 46.0	0.70308	0.00128
 46.0	 48.0	0.68224	0.00135
 48.0	 50.0	0.65891	0.00145
 50.0	 52.0	0.63341	0.00155
 52.0	 54.0	0.60642	0.00166
 54.0	 56.0	0.57379	0.00177
 56.0	 58.0	0.54168	0.00191
 58.0	 60.0	0.51387	0.00209
 60.0	 62.0	0.47653	0.00227
 62.0	 64.0	0.44191	0.00250
 64.0	 66.0	0.40161	0.00275
 66.0	 68.0	0.37015	0.00307
 68.0	 70.0	0.33011	0.00345
 70.0	 72.0	0.29950	0.00397
 72.0	 74.0	0.26983	0.00462
 74.0	 76.0	0.23266	0.00531
 76.0	 78.0	0.21409	0.00686
 78.0	 80.0	0.18799	0.00819
 80.0	 82.0	0.15733	0.00995
 82.0	 84.0	0.18638	0.01881
 84.0	 86.0	0.11626	0.01760
 86.0	 88.0	0.14119	0.05333
 88.0	 90.0	0.15993	0.07233
 90.0	 92.0	0.10019	0.04191
 92.0	 94.0	0.10728	0.06942
 94.0	 96.0	0.03988	0.04707
 96.0	 98.0	0.00468	1.49603
 98.0	100.0	0.12849	0.26107
