  0.0	  2.0	0.42779	0.00230
  2.0	  4.0	0.52611	0.00182
  4.0	  6.0	0.60675	0.00150
  6.0	  8.0	0.66589	0.00128
  8.0	 10.0	0.71001	0.00114
 10.0	 12.0	0.74181	0.00105
 12.0	 14.0	0.76380	0.00098
 14.0	 16.0	0.78112	0.00093
 16.0	 18.0	0.79124	0.00089
 18.0	 20.0	0.79936	0.00087
 20.0	 22.0	0.80348	0.00086
 22.0	 24.0	0.80572	0.00086
 24.0	 26.0	0.80669	0.00086
 26.0	 28.0	0.80316	0.00088
 28.0	 30.0	0.80104	0.00090
 30.0	 32.0	0.79345	0.00092
 32.0	 34.0	0.78774	0.00095
 34.0	 36.0	0.77992	0.00099
 36.0	 38.0	0.76556	0.00103
 38.0	 40.0	0.75360	0.00108
 40.0	 42.0	0.73861	0.00114
 42.0	 44.0	0.71990	0.00120
 44.0	 46.0	0.70084	0.00128
 46.0	 48.0	0.67876	0.00135
 48.0	 50.0	0.65380	0.00145
 50.0	 52.0	0.63122	0.00154
 52.0	 54.0	0.59998	0.00165
 54.0	 56.0	0.57061	0.00177
 56.0	 58.0	0.54255	0.00191
 58.0	 60.0	0.50638	0.00208
 60.0	 62.0	0.47110	0.00226
 62.0	 64.0	0.43141	0.00249
 64.0	 66.0	0.39907	0.00275
 66.0	 68.0	0.36866	0.00307
 68.0	 70.0	0.33183	0.00346
 70.0	 72.0	0.30282	0.00398
 72.0	 74.0	0.26713	0.00461
 74.0	 76.0	0.24040	0.00536
 76.0	 78.0	0.21327	0.00682
 78.0	 80.0	0.18008	0.00804
 80.0	 82.0	0.16692	0.01058
 82.0	 84.0	0.18141	0.01828
 84.0	 86.0	0.11025	0.01699
 86.0	 88.0	0.16555	0.03802
 88.0	 90.0	0.08962	0.11236
 90.0	 92.0	0.02747	0.13356
 92.0	 94.0	0.11822	0.41390
 94.0	 96.0	0.50412	2.90819
 96.0	 98.0	0.09272	0.35286
 98.0	100.0	0.39504	0.25170
