  0.0	  2.0	0.44481	0.00232
  2.0	  4.0	0.55112	0.00183
  4.0	  6.0	0.64022	0.00150
  6.0	  8.0	0.70486	0.00128
  8.0	 10.0	0.74786	0.00113
 10.0	 12.0	0.78096	0.00103
 12.0	 14.0	0.80210	0.00096
 14.0	 16.0	0.81819	0.00090
 16.0	 18.0	0.82826	0.00086
 18.0	 20.0	0.83759	0.00084
 20.0	 22.0	0.84003	0.00083
 22.0	 24.0	0.84323	0.00083
 24.0	 26.0	0.84391	0.00083
 26.0	 28.0	0.84055	0.00085
 28.0	 30.0	0.83834	0.00087
 30.0	 32.0	0.83140	0.00089
 32.0	 34.0	0.82479	0.00092
 34.0	 36.0	0.81594	0.00096
 36.0	 38.0	0.80531	0.00101
 38.0	 40.0	0.79401	0.00106
 40.0	 42.0	0.78167	0.00113
 42.0	 44.0	0.76240	0.00119
 44.0	 46.0	0.74467	0.00127
 46.0	 48.0	0.72389	0.00135
 48.0	 50.0	0.70179	0.00145
 50.0	 52.0	0.67716	0.00155
 52.0	 54.0	0.65119	0.00167
 54.0	 56.0	0.61866	0.00179
 56.0	 58.0	0.58978	0.00194
 58.0	 60.0	0.55257	0.00212
 60.0	 62.0	0.51654	0.00231
 62.0	 64.0	0.47852	0.00255
 64.0	 66.0	0.44427	0.00283
 66.0	 68.0	0.40797	0.00316
 68.0	 70.0	0.36890	0.00356
 70.0	 72.0	0.33732	0.00411
 72.0	 74.0	0.29181	0.00472
 74.0	 76.0	0.26062	0.00545
 76.0	 78.0	0.23131	0.00697
 78.0	 80.0	0.19261	0.00816
 80.0	 82.0	0.17080	0.01012
 82.0	 84.0	0.19429	0.01907
 84.0	 86.0	0.13064	0.01576
 86.0	 88.0	0.15030	0.03448
 88.0	 90.0	0.65126	3.91337
 90.0	 92.0	0.19472	0.15584
 92.0	 94.0	0.30596	0.86802
 94.0	 96.0	0.16257	0.22622
 96.0	 98.0	0.08551	0.16867
 98.0	100.0	0.04914	0.71095
