  0.0	  2.0	0.52061	0.00239
  2.0	  4.0	0.54502	0.00234
  4.0	  6.0	0.56301	0.00234
  6.0	  8.0	0.56692	0.00232
  8.0	 10.0	0.56954	0.00232
 10.0	 12.0	0.57389	0.00238
 12.0	 14.0	0.57126	0.00240
 14.0	 16.0	0.57375	0.00247
 16.0	 18.0	0.56742	0.00248
 18.0	 20.0	0.56244	0.00253
 20.0	 22.0	0.55385	0.00260
 22.0	 24.0	0.54812	0.00269
 24.0	 26.0	0.53586	0.00271
 26.0	 28.0	0.52919	0.00286
 28.0	 30.0	0.51855	0.00291
 30.0	 32.0	0.50240	0.00300
 32.0	 34.0	0.49048	0.00311
 34.0	 36.0	0.47390	0.00325
 36.0	 38.0	0.45865	0.00340
 38.0	 40.0	0.44114	0.00356
 40.0	 42.0	0.42345	0.00376
 42.0	 44.0	0.40799	0.00400
 44.0	 46.0	0.38965	0.00423
 46.0	 48.0	0.36281	0.00447
 48.0	 50.0	0.33456	0.00491
 50.0	 52.0	0.32212	0.00552
 52.0	 54.0	0.30451	0.00610
 54.0	 56.0	0.26518	0.00654
 56.0	 58.0	0.23529	0.00690
 58.0	 60.0	0.21620	0.00806
 60.0	 62.0	0.20246	0.01014
 62.0	 64.0	0.15324	0.00973
 64.0	 66.0	0.15422	0.01432
 66.0	 68.0	0.11205	0.01524
 68.0	 70.0	0.11946	0.02020
 70.0	 72.0	0.08863	0.02565
 72.0	 74.0	0.09514	0.13666
 74.0	 76.0	0.07275	0.13072
 76.0	 78.0	0.01932	0.02251
 78.0	 80.0	0.03541	0.03983
 80.0	 82.0	0.00713	0.08084
 82.0	 84.0	0.06551	0.10315
 84.0	 86.0	0.04489	0.03409
 86.0	 88.0	0.01616	0.04069
 88.0	 90.0	0.00356	0.09619
 90.0	 92.0	0.04122	0.48866
 92.0	 94.0	0.01178	0.23514
 94.0	 96.0	0.16876	0.28819
 96.0	 98.0	0.12055	0.21587
 98.0	100.0	0.15970	0.17017
