  0.0	  2.0	0.64012	0.00380
  2.0	  4.0	0.74039	0.00285
  4.0	  6.0	0.81395	0.00225
  6.0	  8.0	0.85853	0.00187
  8.0	 10.0	0.88698	0.00163
 10.0	 12.0	0.90326	0.00146
 12.0	 14.0	0.91635	0.00133
 14.0	 16.0	0.92400	0.00126
 16.0	 18.0	0.92720	0.00119
 18.0	 20.0	0.93237	0.00115
 20.0	 22.0	0.93277	0.00113
 22.0	 24.0	0.93475	0.00113
 24.0	 26.0	0.93249	0.00112
 26.0	 28.0	0.93093	0.00112
 28.0	 30.0	0.92767	0.00115
 30.0	 32.0	0.92496	0.00118
 32.0	 34.0	0.91962	0.00123
 34.0	 36.0	0.91413	0.00128
 36.0	 38.0	0.90686	0.00134
 38.0	 40.0	0.90198	0.00143
 40.0	 42.0	0.88956	0.00150
 42.0	 44.0	0.87816	0.00160
 44.0	 46.0	0.86546	0.00171
 46.0	 48.0	0.84769	0.00182
 48.0	 50.0	0.83230	0.00197
 50.0	 52.0	0.81245	0.00212
 52.0	 54.0	0.79297	0.00231
 54.0	 56.0	0.76458	0.00251
 56.0	 58.0	0.73549	0.00275
 58.0	 60.0	0.69913	0.00298
 60.0	 62.0	0.66866	0.00333
 62.0	 64.0	0.62899	0.00372
 64.0	 66.0	0.59503	0.00418
 66.0	 68.0	0.54279	0.00464
 68.0	 70.0	0.50693	0.00532
 70.0	 72.0	0.44079	0.00576
 72.0	 74.0	0.39924	0.00683
 74.0	 76.0	0.35407	0.00778
 76.0	 78.0	0.32354	0.00932
 78.0	 80.0	0.26785	0.01021
 80.0	 82.0	0.25002	0.01527
 82.0	 84.0	0.21655	0.01578
 84.0	 86.0	0.16132	0.01729
 86.0	 88.0	0.15559	0.02349
 88.0	 90.0	0.09571	0.01862
 90.0	 92.0	0.03956	0.02761
 92.0	 94.0	0.05450	0.02754
 94.0	 96.0	0.03812	0.05395
 96.0	 98.0	0.33349	1.10519
 98.0	100.0	0.30861	0.33101
