  0.0	  5.0	0.71441	0.00193
  5.0	 10.0	0.86362	0.00115
 10.0	 15.0	0.91245	0.00087
 15.0	 20.0	0.92879	0.00075
 20.0	 25.0	0.93374	0.00071
 25.0	 30.0	0.92971	0.00072
 30.0	 35.0	0.92075	0.00077
 35.0	 40.0	0.90625	0.00087
 40.0	 45.0	0.88097	0.00100
 45.0	 50.0	0.84430	0.00118
 50.0	 55.0	0.79670	0.00143
 55.0	 60.0	0.72553	0.00177
 60.0	 65.0	0.64059	0.00228
 65.0	 70.0	0.53749	0.00303
 70.0	 75.0	0.40725	0.00404
 75.0	 80.0	0.31090	0.00597
 80.0	 85.0	0.22591	0.01021
 85.0	 90.0	0.13361	0.01227
 90.0	 95.0	0.04646	0.01697
 95.0	100.0	0.08683	0.09682
