  0.0	  1.0	0.61630	0.00581
  1.0	  2.0	0.66356	0.00501
  2.0	  3.0	0.72015	0.00437
  3.0	  4.0	0.76037	0.00375
  4.0	  5.0	0.80155	0.00338
  5.0	  6.0	0.82633	0.00300
  6.0	  7.0	0.84795	0.00275
  7.0	  8.0	0.86899	0.00256
  8.0	  9.0	0.88094	0.00237
  9.0	 10.0	0.89300	0.00225
 10.0	 11.0	0.90000	0.00213
 11.0	 12.0	0.90654	0.00199
 12.0	 13.0	0.91283	0.00193
 13.0	 14.0	0.91986	0.00185
 14.0	 15.0	0.92309	0.00180
 15.0	 16.0	0.92492	0.00176
 16.0	 17.0	0.92680	0.00169
 17.0	 18.0	0.92760	0.00166
 18.0	 19.0	0.93243	0.00164
 19.0	 20.0	0.93231	0.00162
 20.0	 21.0	0.93249	0.00160
 21.0	 22.0	0.93304	0.00159
 22.0	 23.0	0.93539	0.00160
 23.0	 24.0	0.93412	0.00159
 24.0	 25.0	0.93366	0.00158
 25.0	 26.0	0.93132	0.00159
 26.0	 27.0	0.93167	0.00157
 27.0	 28.0	0.93020	0.00160
 28.0	 29.0	0.92859	0.00163
 29.0	 30.0	0.92675	0.00164
 30.0	 31.0	0.92624	0.00166
 31.0	 32.0	0.92366	0.00169
 32.0	 33.0	0.92056	0.00172
 33.0	 34.0	0.91866	0.00175
 34.0	 35.0	0.91459	0.00179
 35.0	 36.0	0.91370	0.00185
 36.0	 37.0	0.90879	0.00188
 37.0	 38.0	0.90491	0.00192
 38.0	 39.0	0.90474	0.00199
 39.0	 40.0	0.89923	0.00205
 40.0	 41.0	0.89146	0.00208
 41.0	 42.0	0.88764	0.00216
 42.0	 43.0	0.88217	0.00224
 43.0	 44.0	0.87415	0.00229
 44.0	 45.0	0.86945	0.00238
 45.0	 46.0	0.86146	0.00245
 46.0	 47.0	0.85121	0.00255
 47.0	 48.0	0.84421	0.00261
 48.0	 49.0	0.83761	0.00272
 49.0	 50.0	0.82694	0.00285
 50.0	 51.0	0.81661	0.00293
 51.0	 52.0	0.80834	0.00307
 52.0	 53.0	0.79571	0.00320
 53.0	 54.0	0.79027	0.00335
 54.0	 55.0	0.77237	0.00347
 55.0	 56.0	0.75674	0.00365
 56.0	 57.0	0.73791	0.00376
 57.0	 58.0	0.73323	0.00403
 58.0	 59.0	0.70640	0.00409
 59.0	 60.0	0.69173	0.00436
 60.0	 61.0	0.68342	0.00468
 61.0	 62.0	0.65363	0.00474
 62.0	 63.0	0.63355	0.00504
 63.0	 64.0	0.62467	0.00550
 64.0	 65.0	0.60542	0.00576
 65.0	 66.0	0.58447	0.00607
 66.0	 67.0	0.55502	0.00639
 67.0	 68.0	0.53027	0.00675
 68.0	 69.0	0.52092	0.00729
 69.0	 70.0	0.49268	0.00776
 70.0	 71.0	0.44956	0.00777
 71.0	 72.0	0.43176	0.00857
 72.0	 73.0	0.41230	0.00932
 73.0	 74.0	0.38567	0.01003
 74.0	 75.0	0.34985	0.01019
 75.0	 76.0	0.35954	0.01199
 76.0	 77.0	0.33573	0.01275
 77.0	 78.0	0.31050	0.01366
 78.0	 79.0	0.27524	0.01400
 79.0	 80.0	0.26009	0.01494
 80.0	 81.0	0.25501	0.02058
 81.0	 82.0	0.24356	0.02279
 82.0	 83.0	0.23011	0.02541
 83.0	 84.0	0.20430	0.01992
 84.0	 85.0	0.17652	0.02740
 85.0	 86.0	0.14591	0.02234
 86.0	 87.0	0.17359	0.03110
 87.0	 88.0	0.13002	0.03576
 88.0	 89.0	0.09078	0.02810
 89.0	 90.0	0.10092	0.02497
 90.0	 91.0	0.06364	0.03599
 91.0	 92.0	0.00606	0.05020
 92.0	 93.0	0.05117	0.03858
 93.0	 94.0	0.05749	0.04147
 94.0	 95.0	0.02836	0.06499
 95.0	 96.0	0.18552	0.10329
 96.0	 97.0	0.48683	12.31226
 97.0	 98.0	0.44758	0.74224
 98.0	 99.0	0.45681	0.50473
 99.0	100.0	1.00288	0.00000
