  0.0	  1.0	0.65465	0.00470
  1.0	  2.0	0.66701	0.00458
  2.0	  3.0	0.67257	0.00451
  3.0	  4.0	0.66743	0.00432
  4.0	  5.0	0.67620	0.00436
  5.0	  6.0	0.68043	0.00427
  6.0	  7.0	0.68352	0.00423
  7.0	  8.0	0.68135	0.00423
  8.0	  9.0	0.67809	0.00418
  9.0	 10.0	0.68414	0.00420
 10.0	 11.0	0.67865	0.00419
 11.0	 12.0	0.67589	0.00419
 12.0	 13.0	0.68044	0.00431
 13.0	 14.0	0.67181	0.00431
 14.0	 15.0	0.67095	0.00425
 15.0	 16.0	0.66003	0.00422
 16.0	 17.0	0.66158	0.00431
 17.0	 18.0	0.65683	0.00426
 18.0	 19.0	0.65353	0.00429
 19.0	 20.0	0.64190	0.00432
 20.0	 21.0	0.64631	0.00445
 21.0	 22.0	0.64282	0.00441
 22.0	 23.0	0.63252	0.00449
 23.0	 24.0	0.62836	0.00450
 24.0	 25.0	0.62705	0.00459
 25.0	 26.0	0.62392	0.00468
 26.0	 27.0	0.61500	0.00464
 27.0	 28.0	0.60349	0.00465
 28.0	 29.0	0.59612	0.00473
 29.0	 30.0	0.60070	0.00486
 30.0	 31.0	0.58632	0.00493
 31.0	 32.0	0.58438	0.00501
 32.0	 33.0	0.57073	0.00505
 33.0	 34.0	0.56931	0.00516
 34.0	 35.0	0.56169	0.00531
 35.0	 36.0	0.54724	0.00538
 36.0	 37.0	0.54176	0.00561
 37.0	 38.0	0.52739	0.00560
 38.0	 39.0	0.51961	0.00571
 39.0	 40.0	0.50265	0.00567
 40.0	 41.0	0.50415	0.00605
 41.0	 42.0	0.48887	0.00621
 42.0	 43.0	0.47277	0.00627
 43.0	 44.0	0.48267	0.00658
 44.0	 45.0	0.44360	0.00649
 45.0	 46.0	0.44868	0.00697
 46.0	 47.0	0.43101	0.00711
 47.0	 48.0	0.40486	0.00696
 48.0	 49.0	0.40340	0.00759
 49.0	 50.0	0.40006	0.00799
 50.0	 51.0	0.36569	0.00806
 51.0	 52.0	0.35772	0.00844
 52.0	 53.0	0.34977	0.00874
 53.0	 54.0	0.33529	0.00906
 54.0	 55.0	0.31487	0.00962
 55.0	 56.0	0.30053	0.00995
 56.0	 57.0	0.29694	0.01097
 57.0	 58.0	0.26734	0.01151
 58.0	 59.0	0.25848	0.01219
 59.0	 60.0	0.22932	0.01225
 60.0	 61.0	0.23485	0.01481
 61.0	 62.0	0.18637	0.01160
 62.0	 63.0	0.18454	0.01387
 63.0	 64.0	0.15965	0.01584
 64.0	 65.0	0.15130	0.01672
 65.0	 66.0	0.15724	0.01953
 66.0	 67.0	0.16626	0.03597
 67.0	 68.0	0.13907	0.02958
 68.0	 69.0	0.17648	0.05398
 69.0	 70.0	0.06175	0.02070
 70.0	 71.0	0.09564	0.02787
 71.0	 72.0	0.27042	0.36766
 72.0	 73.0	0.05851	0.02361
 73.0	 74.0	0.03145	0.02952
 74.0	 75.0	0.02705	0.09877
 75.0	 76.0	0.09931	0.36447
 76.0	 77.0	0.01952	0.16733
 77.0	 78.0	0.05311	0.06193
 78.0	 79.0	0.03591	0.07993
 79.0	 80.0	0.02926	0.07681
 80.0	 81.0	0.00580	0.16189
 81.0	 82.0	0.04993	0.08958
 82.0	 83.0	0.02855	0.27456
 83.0	 84.0	0.02900	0.05665
 84.0	 85.0	0.05328	0.05530
 85.0	 86.0	0.04693	0.08791
 86.0	 87.0	0.03477	0.06363
 87.0	 88.0	0.07741	0.08560
 88.0	 89.0	0.06761	0.07238
 89.0	 90.0	0.04827	0.04051
 90.0	 91.0	0.05809	0.08585
 91.0	 92.0	0.21189	0.76203
 92.0	 93.0	0.00530	0.35737
 93.0	 94.0	0.14121	0.17346
 94.0	 95.0	0.07918	0.14203
 95.0	 96.0	0.11719	0.23038
 96.0	 97.0	0.05310	0.13385
 97.0	 98.0	0.66700	4.96621
 98.0	 99.0	0.37718	0.47752
 99.0	100.0	0.80806	0.00000
