  0.0	  5.0	0.66749	0.00201
  5.0	 10.0	0.68150	0.00189
 10.0	 15.0	0.67554	0.00190
 15.0	 20.0	0.65480	0.00192
 20.0	 25.0	0.63548	0.00201
 25.0	 30.0	0.60791	0.00211
 30.0	 35.0	0.57455	0.00228
 35.0	 40.0	0.52791	0.00250
 40.0	 45.0	0.47877	0.00282
 45.0	 50.0	0.41786	0.00326
 50.0	 55.0	0.34511	0.00391
 55.0	 60.0	0.27177	0.00504
 60.0	 65.0	0.18461	0.00637
 65.0	 70.0	0.13807	0.01219
 70.0	 75.0	0.07624	0.01492
 75.0	 80.0	0.05244	0.57999
 80.0	 85.0	0.01417	0.02434
 85.0	 90.0	0.27438	3.25989
 90.0	 95.0	0.11431	0.24382
 95.0	100.0	0.72971	412.08367
