  0.0	  2.0	0.66082	0.00328
  2.0	  4.0	0.66992	0.00312
  4.0	  6.0	0.67832	0.00305
  6.0	  8.0	0.68244	0.00299
  8.0	 10.0	0.68112	0.00296
 10.0	 12.0	0.67728	0.00296
 12.0	 14.0	0.67613	0.00305
 14.0	 16.0	0.66550	0.00300
 16.0	 18.0	0.65920	0.00303
 18.0	 20.0	0.64771	0.00305
 20.0	 22.0	0.64455	0.00313
 22.0	 24.0	0.63045	0.00318
 24.0	 26.0	0.62550	0.00328
 26.0	 28.0	0.60924	0.00328
 28.0	 30.0	0.59838	0.00339
 30.0	 32.0	0.58536	0.00351
 32.0	 34.0	0.57002	0.00361
 34.0	 36.0	0.55452	0.00378
 36.0	 38.0	0.53462	0.00397
 38.0	 40.0	0.51114	0.00402
 40.0	 42.0	0.49663	0.00433
 42.0	 44.0	0.47762	0.00454
 44.0	 46.0	0.44598	0.00475
 46.0	 48.0	0.41790	0.00497
 48.0	 50.0	0.40170	0.00550
 50.0	 52.0	0.36170	0.00583
 52.0	 54.0	0.34262	0.00629
 54.0	 56.0	0.30781	0.00692
 56.0	 58.0	0.28256	0.00794
 58.0	 60.0	0.24428	0.00864
 60.0	 62.0	0.20921	0.00918
 62.0	 64.0	0.17266	0.01043
 64.0	 66.0	0.15396	0.01271
 66.0	 68.0	0.15278	0.02294
 68.0	 70.0	0.11212	0.02095
 70.0	 72.0	0.13173	0.03722
 72.0	 74.0	0.04804	0.01621
 74.0	 76.0	0.02931	0.04943
 76.0	 78.0	0.02176	0.04101
 78.0	 80.0	0.01604	0.09021
 80.0	 82.0	0.06418	0.09357
 82.0	 84.0	0.05019	0.03748
 84.0	 86.0	0.02749	0.06611
 86.0	 88.0	0.13206	1.32797
 88.0	 90.0	0.11783	0.15849
 90.0	 92.0	0.05078	0.11638
 92.0	 94.0	0.07559	0.06168
 94.0	 96.0	0.25903	2.23294
 96.0	 98.0	0.02015	0.17456
 98.0	100.0	0.35450	0.46220
