  0.0	  2.0	0.50240	0.00285
  2.0	  4.0	0.61192	0.00220
  4.0	  6.0	0.70523	0.00178
  6.0	  8.0	0.76183	0.00149
  8.0	 10.0	0.79887	0.00130
 10.0	 12.0	0.82144	0.00117
 12.0	 14.0	0.84217	0.00108
 14.0	 16.0	0.85367	0.00101
 16.0	 18.0	0.86252	0.00097
 18.0	 20.0	0.86635	0.00094
 20.0	 22.0	0.86917	0.00092
 22.0	 24.0	0.86805	0.00092
 24.0	 26.0	0.86707	0.00092
 26.0	 28.0	0.86456	0.00094
 28.0	 30.0	0.85836	0.00096
 30.0	 32.0	0.85354	0.00099
 32.0	 34.0	0.84567	0.00103
 34.0	 36.0	0.83585	0.00107
 36.0	 38.0	0.82506	0.00113
 38.0	 40.0	0.81214	0.00118
 40.0	 42.0	0.79574	0.00125
 42.0	 44.0	0.78139	0.00132
 44.0	 46.0	0.76053	0.00139
 46.0	 48.0	0.74029	0.00150
 48.0	 50.0	0.71270	0.00159
 50.0	 52.0	0.68632	0.00171
 52.0	 54.0	0.66035	0.00183
 54.0	 56.0	0.62656	0.00197
 56.0	 58.0	0.59388	0.00212
 58.0	 60.0	0.55951	0.00232
 60.0	 62.0	0.51954	0.00251
 62.0	 64.0	0.47698	0.00274
 64.0	 66.0	0.43973	0.00300
 66.0	 68.0	0.39902	0.00334
 68.0	 70.0	0.35137	0.00367
 70.0	 72.0	0.30589	0.00419
 72.0	 74.0	0.27370	0.00470
 74.0	 76.0	0.22432	0.00526
 76.0	 78.0	0.18999	0.00601
 78.0	 80.0	0.16564	0.00753
 80.0	 82.0	0.11020	0.00826
 82.0	 84.0	0.11225	0.01099
 84.0	 86.0	0.09409	0.01288
 86.0	 88.0	0.09990	0.01731
 88.0	 90.0	0.04766	0.02222
 90.0	 92.0	0.05639	0.03052
 92.0	 94.0	0.06940	0.02977
 94.0	 96.0	0.02032	0.06896
 96.0	 98.0	0.04592	0.09520
 98.0	100.0	0.11899	0.38521
