  0.0	  5.0	0.58725	0.00148
  5.0	 10.0	0.76932	0.00092
 10.0	 15.0	0.83565	0.00070
 15.0	 20.0	0.86289	0.00061
 20.0	 25.0	0.86828	0.00058
 25.0	 30.0	0.86262	0.00060
 30.0	 35.0	0.84752	0.00064
 35.0	 40.0	0.82143	0.00072
 40.0	 45.0	0.78405	0.00082
 45.0	 50.0	0.73247	0.00096
 50.0	 55.0	0.66592	0.00114
 55.0	 60.0	0.58542	0.00137
 60.0	 65.0	0.48985	0.00169
 65.0	 70.0	0.38666	0.00215
 70.0	 75.0	0.28124	0.00289
 75.0	 80.0	0.18416	0.00396
 80.0	 85.0	0.11088	0.00620
 85.0	 90.0	0.07681	0.01043
 90.0	 95.0	0.02107	0.03561
 95.0	100.0	0.13469	0.23793
