  0.0	  1.0	0.47668	0.00428
  1.0	  2.0	0.52707	0.00380
  2.0	  3.0	0.58332	0.00331
  3.0	  4.0	0.63909	0.00294
  4.0	  5.0	0.68752	0.00265
  5.0	  6.0	0.72242	0.00241
  6.0	  7.0	0.74968	0.00218
  7.0	  8.0	0.77377	0.00203
  8.0	  9.0	0.79122	0.00191
  9.0	 10.0	0.80646	0.00178
 10.0	 11.0	0.81713	0.00170
 11.0	 12.0	0.82570	0.00162
 12.0	 13.0	0.83807	0.00156
 13.0	 14.0	0.84624	0.00150
 14.0	 15.0	0.85065	0.00145
 15.0	 16.0	0.85669	0.00142
 16.0	 17.0	0.86135	0.00138
 17.0	 18.0	0.86367	0.00135
 18.0	 19.0	0.86621	0.00134
 19.0	 20.0	0.86650	0.00131
 20.0	 21.0	0.86871	0.00131
 21.0	 22.0	0.86961	0.00130
 22.0	 23.0	0.86701	0.00131
 23.0	 24.0	0.86910	0.00130
 24.0	 25.0	0.86697	0.00130
 25.0	 26.0	0.86717	0.00131
 26.0	 27.0	0.86435	0.00132
 27.0	 28.0	0.86476	0.00133
 28.0	 29.0	0.85961	0.00135
 29.0	 30.0	0.85711	0.00137
 30.0	 31.0	0.85521	0.00138
 31.0	 32.0	0.85185	0.00141
 32.0	 33.0	0.84749	0.00144
 33.0	 34.0	0.84383	0.00147
 34.0	 35.0	0.83909	0.00149
 35.0	 36.0	0.83258	0.00152
 36.0	 37.0	0.82660	0.00157
 37.0	 38.0	0.82352	0.00161
 38.0	 39.0	0.81650	0.00165
 39.0	 40.0	0.80779	0.00169
 40.0	 41.0	0.79918	0.00173
 41.0	 42.0	0.79224	0.00179
 42.0	 43.0	0.78763	0.00185
 43.0	 44.0	0.77514	0.00188
 44.0	 45.0	0.76557	0.00195
 45.0	 46.0	0.75547	0.00200
 46.0	 47.0	0.74527	0.00210
 47.0	 48.0	0.73536	0.00214
 48.0	 49.0	0.72005	0.00221
 49.0	 50.0	0.70524	0.00228
 50.0	 51.0	0.69311	0.00239
 51.0	 52.0	0.67950	0.00245
 52.0	 53.0	0.66890	0.00255
 53.0	 54.0	0.65167	0.00264
 54.0	 55.0	0.63493	0.00273
 55.0	 56.0	0.61809	0.00284
 56.0	 57.0	0.59839	0.00292
 57.0	 58.0	0.58934	0.00308
 58.0	 59.0	0.56577	0.00321
 59.0	 60.0	0.55310	0.00336
 60.0	 61.0	0.52475	0.00346
 61.0	 62.0	0.51432	0.00364
 62.0	 63.0	0.48813	0.00380
 63.0	 64.0	0.46555	0.00395
 64.0	 65.0	0.45224	0.00415
 65.0	 66.0	0.42686	0.00434
 66.0	 67.0	0.40870	0.00458
 67.0	 68.0	0.38911	0.00489
 68.0	 69.0	0.36028	0.00505
 69.0	 70.0	0.34229	0.00535
 70.0	 71.0	0.31568	0.00578
 71.0	 72.0	0.29560	0.00608
 72.0	 73.0	0.27843	0.00647
 73.0	 74.0	0.26887	0.00683
 74.0	 75.0	0.24202	0.00756
 75.0	 76.0	0.20660	0.00733
 76.0	 77.0	0.20604	0.00858
 77.0	 78.0	0.17363	0.00844
 78.0	 79.0	0.16140	0.00969
 79.0	 80.0	0.17163	0.01200
 80.0	 81.0	0.12116	0.01151
 81.0	 82.0	0.09863	0.01196
 82.0	 83.0	0.10916	0.01442
 83.0	 84.0	0.11605	0.01708
 84.0	 85.0	0.11391	0.01852
 85.0	 86.0	0.07306	0.01803
 86.0	 87.0	0.11237	0.02675
 87.0	 88.0	0.08142	0.02489
 88.0	 89.0	0.05551	0.02946
 89.0	 90.0	0.03837	0.03487
 90.0	 91.0	0.04514	0.04286
 91.0	 92.0	0.06066	0.06153
 92.0	 93.0	0.06401	0.05745
 93.0	 94.0	0.02876	0.09994
 94.0	 95.0	0.01779	0.19831
 95.0	 96.0	0.11787	0.08611
 96.0	 97.0	0.02331	0.15054
 97.0	 98.0	0.13967	1.01422
 98.0	 99.0	0.05008	0.25254
 99.0	100.0	0.14136	0.28985
