  0.0	  1.0	0.50363	0.00361
  1.0	  2.0	0.50799	0.00353
  2.0	  3.0	0.52049	0.00345
  3.0	  4.0	0.52685	0.00339
  4.0	  5.0	0.52515	0.00336
  5.0	  6.0	0.53311	0.00336
  6.0	  7.0	0.52701	0.00329
  7.0	  8.0	0.51911	0.00330
  8.0	  9.0	0.53346	0.00331
  9.0	 10.0	0.52477	0.00329
 10.0	 11.0	0.52443	0.00329
 11.0	 12.0	0.52275	0.00330
 12.0	 13.0	0.51740	0.00331
 13.0	 14.0	0.50751	0.00332
 14.0	 15.0	0.51452	0.00332
 15.0	 16.0	0.50936	0.00337
 16.0	 17.0	0.50759	0.00337
 17.0	 18.0	0.50082	0.00338
 18.0	 19.0	0.49954	0.00343
 19.0	 20.0	0.49482	0.00347
 20.0	 21.0	0.48868	0.00347
 21.0	 22.0	0.48386	0.00347
 22.0	 23.0	0.48438	0.00354
 23.0	 24.0	0.47763	0.00360
 24.0	 25.0	0.47413	0.00360
 25.0	 26.0	0.46183	0.00365
 26.0	 27.0	0.45392	0.00369
 27.0	 28.0	0.45496	0.00378
 28.0	 29.0	0.44485	0.00379
 29.0	 30.0	0.43713	0.00383
 30.0	 31.0	0.44010	0.00393
 31.0	 32.0	0.43526	0.00404
 32.0	 33.0	0.41983	0.00404
 33.0	 34.0	0.42215	0.00414
 34.0	 35.0	0.41135	0.00418
 35.0	 36.0	0.40680	0.00431
 36.0	 37.0	0.38653	0.00428
 37.0	 38.0	0.38990	0.00447
 38.0	 39.0	0.37951	0.00453
 39.0	 40.0	0.37762	0.00467
 40.0	 41.0	0.36647	0.00477
 41.0	 42.0	0.34964	0.00487
 42.0	 43.0	0.34392	0.00501
 43.0	 44.0	0.33032	0.00496
 44.0	 45.0	0.31589	0.00513
 45.0	 46.0	0.31522	0.00528
 46.0	 47.0	0.30325	0.00551
 47.0	 48.0	0.28724	0.00570
 48.0	 49.0	0.28310	0.00605
 49.0	 50.0	0.27204	0.00619
 50.0	 51.0	0.26225	0.00653
 51.0	 52.0	0.25312	0.00684
 52.0	 53.0	0.23554	0.00682
 53.0	 54.0	0.23325	0.00746
 54.0	 55.0	0.22112	0.00767
 55.0	 56.0	0.20551	0.00770
 56.0	 57.0	0.19876	0.00836
 57.0	 58.0	0.17963	0.00903
 58.0	 59.0	0.16404	0.00915
 59.0	 60.0	0.15212	0.00939
 60.0	 61.0	0.14603	0.01163
 61.0	 62.0	0.13418	0.01142
 62.0	 63.0	0.13063	0.01187
 63.0	 64.0	0.10743	0.01510
 64.0	 65.0	0.12865	0.01653
 65.0	 66.0	0.08759	0.01559
 66.0	 67.0	0.11378	0.01896
 67.0	 68.0	0.06304	0.01380
 68.0	 69.0	0.05834	0.01964
 69.0	 70.0	0.08503	0.02117
 70.0	 71.0	0.07750	0.03460
 71.0	 72.0	0.02339	0.01848
 72.0	 73.0	0.07775	0.03347
 73.0	 74.0	0.04202	0.02803
 74.0	 75.0	0.04464	0.04863
 75.0	 76.0	0.02895	0.05914
 76.0	 77.0	0.05307	0.47935
 77.0	 78.0	0.02589	0.02548
 78.0	 79.0	0.02271	0.05156
 79.0	 80.0	0.03134	0.05041
 80.0	 81.0	0.00604	0.10376
 81.0	 82.0	0.06502	0.18214
 82.0	 83.0	0.22680	2.22740
 83.0	 84.0	0.02906	0.05240
 84.0	 85.0	0.05418	0.06976
 85.0	 86.0	0.02353	0.02999
 86.0	 87.0	0.07928	0.15932
 87.0	 88.0	0.07151	0.10717
 88.0	 89.0	0.01759	0.07335
 89.0	 90.0	0.02503	0.03554
 90.0	 91.0	0.06610	0.05307
 91.0	 92.0	0.03074	0.17651
 92.0	 93.0	0.02609	0.34402
 93.0	 94.0	0.00218	0.28842
 94.0	 95.0	0.03999	0.38299
 95.0	 96.0	0.01149	0.06326
 96.0	 97.0	0.50738	5.64853
 97.0	 98.0	0.02357	0.08932
 98.0	 99.0	0.32014	0.17005
 99.0	100.0	0.05880	0.18169
