  0.0	  2.0	0.50581	0.00252
  2.0	  4.0	0.52370	0.00242
  4.0	  6.0	0.52915	0.00238
  6.0	  8.0	0.52307	0.00233
  8.0	 10.0	0.52913	0.00233
 10.0	 12.0	0.52359	0.00233
 12.0	 14.0	0.51247	0.00234
 14.0	 16.0	0.51197	0.00237
 16.0	 18.0	0.50421	0.00239
 18.0	 20.0	0.49717	0.00244
 20.0	 22.0	0.48626	0.00245
 22.0	 24.0	0.48102	0.00252
 24.0	 26.0	0.46801	0.00256
 26.0	 28.0	0.45445	0.00264
 28.0	 30.0	0.44100	0.00269
 30.0	 32.0	0.43770	0.00281
 32.0	 34.0	0.42098	0.00289
 34.0	 36.0	0.40909	0.00300
 36.0	 38.0	0.38815	0.00309
 38.0	 40.0	0.37854	0.00325
 40.0	 42.0	0.35817	0.00341
 42.0	 44.0	0.33713	0.00352
 44.0	 46.0	0.31556	0.00368
 46.0	 48.0	0.29529	0.00396
 48.0	 50.0	0.27775	0.00432
 50.0	 52.0	0.25771	0.00472
 52.0	 54.0	0.23438	0.00504
 54.0	 56.0	0.21343	0.00543
 56.0	 58.0	0.18963	0.00613
 58.0	 60.0	0.15824	0.00656
 60.0	 62.0	0.14054	0.00809
 62.0	 64.0	0.12026	0.00928
 64.0	 66.0	0.10855	0.01135
 66.0	 68.0	0.08617	0.01113
 68.0	 70.0	0.07176	0.01426
 70.0	 72.0	0.04352	0.01559
 72.0	 74.0	0.06205	0.02121
 74.0	 76.0	0.01855	0.02691
 76.0	 78.0	0.00933	0.03414
 78.0	 80.0	0.02745	0.02663
 80.0	 82.0	0.02507	0.04352
 82.0	 84.0	0.01638	0.07053
 84.0	 86.0	0.00581	0.02746
 86.0	 88.0	0.02897	0.06568
 88.0	 90.0	0.01831	0.02935
 90.0	 92.0	0.05840	0.04685
 92.0	 94.0	0.01123	0.20473
 94.0	 96.0	0.04797	0.18451
 96.0	 98.0	0.09216	0.09886
 98.0	100.0	0.41540	0.34219
