  0.0	  5.0	0.51688	0.00155
  5.0	 10.0	0.52749	0.00148
 10.0	 15.0	0.51735	0.00148
 15.0	 20.0	0.50246	0.00152
 20.0	 25.0	0.48176	0.00158
 25.0	 30.0	0.45065	0.00168
 30.0	 35.0	0.42585	0.00182
 35.0	 40.0	0.38815	0.00199
 40.0	 45.0	0.34161	0.00221
 45.0	 50.0	0.29260	0.00256
 50.0	 55.0	0.24149	0.00314
 55.0	 60.0	0.18126	0.00386
 60.0	 65.0	0.13005	0.00571
 65.0	 70.0	0.08162	0.00757
 70.0	 75.0	0.03975	0.01103
 75.0	 80.0	0.02802	0.08608
 80.0	 85.0	0.00852	0.04631
 85.0	 90.0	0.03306	0.07545
 90.0	 95.0	0.04843	0.06142
 95.0	100.0	0.01588	0.12652
