  0.0	  2.0	0.50752	0.00288
  2.0	  4.0	0.61361	0.00221
  4.0	  6.0	0.70498	0.00178
  6.0	  8.0	0.76371	0.00149
  8.0	 10.0	0.80280	0.00131
 10.0	 12.0	0.82610	0.00118
 12.0	 14.0	0.84350	0.00108
 14.0	 16.0	0.85639	0.00102
 16.0	 18.0	0.86295	0.00097
 18.0	 20.0	0.86892	0.00094
 20.0	 22.0	0.86951	0.00092
 22.0	 24.0	0.86975	0.00092
 24.0	 26.0	0.86857	0.00092
 26.0	 28.0	0.86559	0.00094
 28.0	 30.0	0.86170	0.00096
 30.0	 32.0	0.85397	0.00099
 32.0	 34.0	0.84734	0.00103
 34.0	 36.0	0.83870	0.00107
 36.0	 38.0	0.82570	0.00113
 38.0	 40.0	0.81087	0.00118
 40.0	 42.0	0.80006	0.00125
 42.0	 44.0	0.78160	0.00132
 44.0	 46.0	0.76581	0.00140
 46.0	 48.0	0.73904	0.00150
 48.0	 50.0	0.71808	0.00160
 50.0	 52.0	0.69086	0.00172
 52.0	 54.0	0.66230	0.00184
 54.0	 56.0	0.63033	0.00198
 56.0	 58.0	0.59572	0.00213
 58.0	 60.0	0.55694	0.00231
 60.0	 62.0	0.52018	0.00251
 62.0	 64.0	0.48515	0.00279
 64.0	 66.0	0.44449	0.00303
 66.0	 68.0	0.40041	0.00335
 68.0	 70.0	0.35984	0.00376
 70.0	 72.0	0.30794	0.00422
 72.0	 74.0	0.27896	0.00479
 74.0	 76.0	0.22753	0.00534
 76.0	 78.0	0.20038	0.00634
 78.0	 80.0	0.15471	0.00704
 80.0	 82.0	0.11979	0.00897
 82.0	 84.0	0.10526	0.01031
 84.0	 86.0	0.08118	0.01111
 86.0	 88.0	0.08070	0.01398
 88.0	 90.0	0.04982	0.02322
 90.0	 92.0	0.07164	0.03878
 92.0	 94.0	0.07369	0.03161
 94.0	 96.0	0.16205	0.55003
 96.0	 98.0	0.11418	0.23673
 98.0	100.0	0.13804	0.44691
