  0.0	  1.0	0.48567	0.00436
  1.0	  2.0	0.52875	0.00381
  2.0	  3.0	0.59106	0.00336
  3.0	  4.0	0.63535	0.00292
  4.0	  5.0	0.68626	0.00264
  5.0	  6.0	0.72312	0.00241
  6.0	  7.0	0.75481	0.00220
  7.0	  8.0	0.77253	0.00203
  8.0	  9.0	0.79491	0.00192
  9.0	 10.0	0.81063	0.00179
 10.0	 11.0	0.82126	0.00171
 11.0	 12.0	0.83089	0.00163
 12.0	 13.0	0.84024	0.00156
 13.0	 14.0	0.84674	0.00150
 14.0	 15.0	0.85448	0.00146
 15.0	 16.0	0.85831	0.00142
 16.0	 17.0	0.86283	0.00138
 17.0	 18.0	0.86308	0.00135
 18.0	 19.0	0.86786	0.00135
 19.0	 20.0	0.86997	0.00132
 20.0	 21.0	0.86957	0.00131
 21.0	 22.0	0.86945	0.00130
 22.0	 23.0	0.86985	0.00131
 23.0	 24.0	0.86966	0.00130
 24.0	 25.0	0.87005	0.00131
 25.0	 26.0	0.86709	0.00130
 26.0	 27.0	0.86633	0.00133
 27.0	 28.0	0.86485	0.00133
 28.0	 29.0	0.86245	0.00135
 29.0	 30.0	0.86095	0.00137
 30.0	 31.0	0.85524	0.00138
 31.0	 32.0	0.85269	0.00141
 32.0	 33.0	0.84967	0.00144
 33.0	 34.0	0.84498	0.00147
 34.0	 35.0	0.83984	0.00150
 35.0	 36.0	0.83757	0.00153
 36.0	 37.0	0.82921	0.00158
 37.0	 38.0	0.82214	0.00161
 38.0	 39.0	0.81440	0.00165
 39.0	 40.0	0.80735	0.00169
 40.0	 41.0	0.80466	0.00174
 41.0	 42.0	0.79538	0.00180
 42.0	 43.0	0.78444	0.00184
 43.0	 44.0	0.77876	0.00189
 44.0	 45.0	0.77043	0.00196
 45.0	 46.0	0.76118	0.00201
 46.0	 47.0	0.74402	0.00209
 47.0	 48.0	0.73410	0.00214
 48.0	 49.0	0.72343	0.00222
 49.0	 50.0	0.71266	0.00231
 50.0	 51.0	0.69605	0.00240
 51.0	 52.0	0.68567	0.00247
 52.0	 53.0	0.66848	0.00255
 53.0	 54.0	0.65605	0.00265
 54.0	 55.0	0.63942	0.00274
 55.0	 56.0	0.62112	0.00286
 56.0	 57.0	0.60633	0.00296
 57.0	 58.0	0.58485	0.00305
 58.0	 59.0	0.56781	0.00322
 59.0	 60.0	0.54576	0.00332
 60.0	 61.0	0.52925	0.00349
 61.0	 62.0	0.51094	0.00361
 62.0	 63.0	0.49282	0.00384
 63.0	 64.0	0.47737	0.00405
 64.0	 65.0	0.45181	0.00415
 65.0	 66.0	0.43711	0.00445
 66.0	 67.0	0.41016	0.00459
 67.0	 68.0	0.39041	0.00491
 68.0	 69.0	0.37257	0.00522
 69.0	 70.0	0.34682	0.00542
 70.0	 71.0	0.32105	0.00588
 71.0	 72.0	0.29426	0.00606
 72.0	 73.0	0.28334	0.00659
 73.0	 74.0	0.27452	0.00697
 74.0	 75.0	0.22594	0.00706
 75.0	 76.0	0.22989	0.00816
 76.0	 77.0	0.20595	0.00858
 77.0	 78.0	0.19429	0.00944
 78.0	 79.0	0.16360	0.00982
 79.0	 80.0	0.14485	0.01013
 80.0	 81.0	0.12707	0.01207
 81.0	 82.0	0.11149	0.01352
 82.0	 83.0	0.10660	0.01409
 83.0	 84.0	0.10342	0.01522
 84.0	 85.0	0.08321	0.01353
 85.0	 86.0	0.07863	0.01941
 86.0	 87.0	0.09517	0.02266
 87.0	 88.0	0.06318	0.01931
 88.0	 89.0	0.05342	0.02835
 89.0	 90.0	0.04459	0.04051
 90.0	 91.0	0.12172	0.11557
 91.0	 92.0	0.03765	0.03819
 92.0	 93.0	0.03649	0.03275
 93.0	 94.0	0.31742	1.10298
 94.0	 95.0	0.01512	0.16849
 95.0	 96.0	0.08216	0.06003
 96.0	 97.0	0.27136	1.75252
 97.0	 98.0	0.01718	0.12474
 98.0	 99.0	0.26731	1.34810
 99.0	100.0	0.34554	0.70851
