  0.0	  5.0	0.58939	0.00149
  5.0	 10.0	0.77185	0.00092
 10.0	 15.0	0.83880	0.00070
 15.0	 20.0	0.86442	0.00061
 20.0	 25.0	0.86972	0.00058
 25.0	 30.0	0.86434	0.00060
 30.0	 35.0	0.84850	0.00064
 35.0	 40.0	0.82219	0.00072
 40.0	 45.0	0.78684	0.00083
 45.0	 50.0	0.73526	0.00096
 50.0	 55.0	0.66942	0.00115
 55.0	 60.0	0.58583	0.00138
 60.0	 65.0	0.49322	0.00170
 65.0	 70.0	0.39261	0.00218
 70.0	 75.0	0.28114	0.00289
 75.0	 80.0	0.18992	0.00408
 80.0	 85.0	0.10796	0.00604
 85.0	 90.0	0.07257	0.00985
 90.0	 95.0	0.02516	0.04253
 95.0	100.0	0.03333	0.05888
