  0.0	  2.0	0.51030	0.00255
  2.0	  4.0	0.52325	0.00242
  4.0	  6.0	0.52869	0.00238
  6.0	  8.0	0.52954	0.00236
  8.0	 10.0	0.52881	0.00233
 10.0	 12.0	0.52687	0.00234
 12.0	 14.0	0.52160	0.00239
 14.0	 16.0	0.51378	0.00237
 16.0	 18.0	0.50510	0.00239
 18.0	 20.0	0.50094	0.00246
 20.0	 22.0	0.48981	0.00247
 22.0	 24.0	0.48374	0.00254
 24.0	 26.0	0.47254	0.00259
 26.0	 28.0	0.45875	0.00266
 28.0	 30.0	0.44537	0.00272
 30.0	 32.0	0.43302	0.00278
 32.0	 34.0	0.42102	0.00289
 34.0	 36.0	0.40413	0.00296
 36.0	 38.0	0.39515	0.00315
 38.0	 40.0	0.37608	0.00323
 40.0	 42.0	0.35516	0.00338
 42.0	 44.0	0.33939	0.00355
 44.0	 46.0	0.32748	0.00382
 46.0	 48.0	0.30186	0.00405
 48.0	 50.0	0.27852	0.00434
 50.0	 52.0	0.26003	0.00476
 52.0	 54.0	0.23686	0.00509
 54.0	 56.0	0.21804	0.00555
 56.0	 58.0	0.19999	0.00646
 58.0	 60.0	0.16620	0.00689
 60.0	 62.0	0.13668	0.00787
 62.0	 64.0	0.11549	0.00891
 64.0	 66.0	0.11117	0.01163
 66.0	 68.0	0.10054	0.01299
 68.0	 70.0	0.10611	0.02108
 70.0	 72.0	0.06068	0.02174
 72.0	 74.0	0.07698	0.02631
 74.0	 76.0	0.03963	0.05748
 76.0	 78.0	0.02340	0.08556
 78.0	 80.0	0.05092	0.04940
 80.0	 82.0	0.01999	0.03469
 82.0	 84.0	0.09785	0.42138
 84.0	 86.0	0.03422	0.16160
 86.0	 88.0	0.01597	0.03619
 88.0	 90.0	0.05706	0.09146
 90.0	 92.0	0.05947	0.04771
 92.0	 94.0	0.00730	0.13304
 94.0	 96.0	0.01389	0.05341
 96.0	 98.0	0.08334	0.08940
 98.0	100.0	0.15133	0.12466
