  0.0	  5.0	0.51936	0.00156
  5.0	 10.0	0.52889	0.00148
 10.0	 15.0	0.52347	0.00150
 15.0	 20.0	0.50385	0.00153
 20.0	 25.0	0.48471	0.00159
 25.0	 30.0	0.45552	0.00169
 30.0	 35.0	0.42406	0.00181
 35.0	 40.0	0.38782	0.00199
 40.0	 45.0	0.34351	0.00222
 45.0	 50.0	0.29817	0.00261
 50.0	 55.0	0.24416	0.00318
 55.0	 60.0	0.18953	0.00404
 60.0	 65.0	0.12395	0.00544
 65.0	 70.0	0.10370	0.00962
 70.0	 75.0	0.06668	0.01851
 75.0	 80.0	0.04374	0.13438
 80.0	 85.0	0.01293	0.07025
 85.0	 90.0	0.01487	0.03394
 90.0	 95.0	0.03941	0.04999
 95.0	100.0	0.02494	0.19868
