  0.0	  1.0	0.50799	0.00364
  1.0	  2.0	0.51261	0.00357
  2.0	  3.0	0.52384	0.00347
  3.0	  4.0	0.52273	0.00336
  4.0	  5.0	0.52967	0.00339
  5.0	  6.0	0.52774	0.00333
  6.0	  7.0	0.53344	0.00333
  7.0	  8.0	0.52561	0.00334
  8.0	  9.0	0.53179	0.00329
  9.0	 10.0	0.52579	0.00330
 10.0	 11.0	0.52837	0.00331
 11.0	 12.0	0.52538	0.00331
 12.0	 13.0	0.52111	0.00334
 13.0	 14.0	0.52212	0.00341
 14.0	 15.0	0.52034	0.00336
 15.0	 16.0	0.50717	0.00336
 16.0	 17.0	0.50871	0.00337
 17.0	 18.0	0.50148	0.00339
 18.0	 19.0	0.50441	0.00346
 19.0	 20.0	0.49747	0.00349
 20.0	 21.0	0.49115	0.00349
 21.0	 22.0	0.48850	0.00351
 22.0	 23.0	0.48605	0.00355
 23.0	 24.0	0.48141	0.00363
 24.0	 25.0	0.47626	0.00362
 25.0	 26.0	0.46879	0.00371
 26.0	 27.0	0.46807	0.00380
 27.0	 28.0	0.44955	0.00373
 28.0	 29.0	0.44805	0.00382
 29.0	 30.0	0.44268	0.00388
 30.0	 31.0	0.43935	0.00392
 31.0	 32.0	0.42659	0.00396
 32.0	 33.0	0.42628	0.00410
 33.0	 34.0	0.41570	0.00408
 34.0	 35.0	0.41185	0.00418
 35.0	 36.0	0.39631	0.00420
 36.0	 37.0	0.39930	0.00442
 37.0	 38.0	0.39088	0.00448
 38.0	 39.0	0.38185	0.00456
 39.0	 40.0	0.37027	0.00458
 40.0	 41.0	0.35814	0.00467
 41.0	 42.0	0.35213	0.00490
 42.0	 43.0	0.34284	0.00499
 43.0	 44.0	0.33584	0.00504
 44.0	 45.0	0.32753	0.00532
 45.0	 46.0	0.32744	0.00549
 46.0	 47.0	0.30959	0.00563
 47.0	 48.0	0.29405	0.00584
 48.0	 49.0	0.28907	0.00618
 49.0	 50.0	0.26780	0.00609
 50.0	 51.0	0.26618	0.00663
 51.0	 52.0	0.25377	0.00685
 52.0	 53.0	0.25000	0.00724
 53.0	 54.0	0.22351	0.00715
 54.0	 55.0	0.22505	0.00780
 55.0	 56.0	0.21076	0.00790
 56.0	 57.0	0.21505	0.00904
 57.0	 58.0	0.18404	0.00925
 58.0	 59.0	0.16609	0.00927
 59.0	 60.0	0.16659	0.01029
 60.0	 61.0	0.14639	0.01166
 61.0	 62.0	0.12697	0.01081
 62.0	 63.0	0.13628	0.01238
 63.0	 64.0	0.09279	0.01305
 64.0	 65.0	0.11172	0.01435
 65.0	 66.0	0.11146	0.01984
 66.0	 67.0	0.09267	0.01544
 67.0	 68.0	0.10762	0.02355
 68.0	 69.0	0.11721	0.03946
 69.0	 70.0	0.09860	0.02455
 70.0	 71.0	0.04761	0.02125
 71.0	 72.0	0.06769	0.05347
 72.0	 73.0	0.09374	0.04035
 73.0	 74.0	0.05380	0.03588
 74.0	 75.0	0.03323	0.03620
 75.0	 76.0	0.09993	0.20411
 76.0	 77.0	0.01717	0.15506
 77.0	 78.0	0.05178	0.05094
 78.0	 79.0	0.09093	0.20640
 79.0	 80.0	0.02372	0.03815
 80.0	 81.0	0.01060	0.18228
 81.0	 82.0	0.01446	0.04051
 82.0	 83.0	0.02528	0.24829
 83.0	 84.0	0.09330	0.16824
 84.0	 85.0	0.03196	0.04115
 85.0	 86.0	0.05852	0.07460
 86.0	 87.0	0.03186	0.06403
 87.0	 88.0	0.05280	0.07913
 88.0	 89.0	0.05057	0.21086
 89.0	 90.0	0.04869	0.06912
 90.0	 91.0	0.04717	0.03787
 91.0	 92.0	0.12689	0.72858
 92.0	 93.0	0.00579	0.07632
 93.0	 94.0	0.00809	1.06986
 94.0	 95.0	0.00789	0.07558
 95.0	 96.0	0.11270	0.62037
 96.0	 97.0	0.01864	0.20756
 97.0	 98.0	0.12763	0.48360
 98.0	 99.0	0.22686	0.12051
 99.0	100.0	0.70229	2.16991
