  0.0	  1.0	0.39732	0.00369
  1.0	  2.0	0.45560	0.00337
  2.0	  3.0	0.50235	0.00296
  3.0	  4.0	0.55282	0.00265
  4.0	  5.0	0.58771	0.00238
  5.0	  6.0	0.62612	0.00218
  6.0	  7.0	0.65138	0.00202
  7.0	  8.0	0.67776	0.00190
  8.0	  9.0	0.70306	0.00179
  9.0	 10.0	0.71775	0.00171
 10.0	 11.0	0.73345	0.00165
 11.0	 12.0	0.75014	0.00158
 12.0	 13.0	0.75825	0.00152
 13.0	 14.0	0.76921	0.00148
 14.0	 15.0	0.77487	0.00143
 15.0	 16.0	0.78055	0.00140
 16.0	 17.0	0.78730	0.00136
 17.0	 18.0	0.79105	0.00135
 18.0	 19.0	0.79932	0.00134
 19.0	 20.0	0.80053	0.00132
 20.0	 21.0	0.80204	0.00132
 21.0	 22.0	0.80368	0.00131
 22.0	 23.0	0.80729	0.00132
 23.0	 24.0	0.80615	0.00131
 24.0	 25.0	0.80553	0.00132
 25.0	 26.0	0.80448	0.00132
 26.0	 27.0	0.80861	0.00133
 27.0	 28.0	0.80459	0.00134
 28.0	 29.0	0.80207	0.00137
 29.0	 30.0	0.79847	0.00138
 30.0	 31.0	0.79722	0.00139
 31.0	 32.0	0.79416	0.00142
 32.0	 33.0	0.78675	0.00144
 33.0	 34.0	0.78606	0.00147
 34.0	 35.0	0.77932	0.00149
 35.0	 36.0	0.77338	0.00153
 36.0	 37.0	0.76926	0.00157
 37.0	 38.0	0.76497	0.00160
 38.0	 39.0	0.75765	0.00164
 39.0	 40.0	0.74815	0.00169
 40.0	 41.0	0.74128	0.00172
 41.0	 42.0	0.73268	0.00177
 42.0	 43.0	0.72014	0.00182
 43.0	 44.0	0.71305	0.00187
 44.0	 45.0	0.70517	0.00192
 45.0	 46.0	0.69287	0.00197
 46.0	 47.0	0.68266	0.00207
 47.0	 48.0	0.66990	0.00210
 48.0	 49.0	0.66148	0.00218
 49.0	 50.0	0.64890	0.00226
 50.0	 51.0	0.64008	0.00233
 51.0	 52.0	0.62178	0.00240
 52.0	 53.0	0.60776	0.00248
 53.0	 54.0	0.59843	0.00258
 54.0	 55.0	0.57964	0.00266
 55.0	 56.0	0.55973	0.00277
 56.0	 57.0	0.54724	0.00288
 57.0	 58.0	0.53323	0.00300
 58.0	 59.0	0.51399	0.00311
 59.0	 60.0	0.49329	0.00324
 60.0	 61.0	0.48646	0.00343
 61.0	 62.0	0.46185	0.00352
 62.0	 63.0	0.44375	0.00372
 63.0	 64.0	0.42796	0.00389
 64.0	 65.0	0.41372	0.00409
 65.0	 66.0	0.39663	0.00430
 66.0	 67.0	0.36569	0.00451
 67.0	 68.0	0.34952	0.00476
 68.0	 69.0	0.34578	0.00517
 69.0	 70.0	0.32043	0.00546
 70.0	 71.0	0.31140	0.00602
 71.0	 72.0	0.30181	0.00664
 72.0	 73.0	0.26758	0.00683
 73.0	 74.0	0.24548	0.00698
 74.0	 75.0	0.23559	0.00828
 75.0	 76.0	0.24055	0.00904
 76.0	 77.0	0.21760	0.00950
 77.0	 78.0	0.21886	0.01101
 78.0	 79.0	0.19497	0.01291
 79.0	 80.0	0.18331	0.01293
 80.0	 81.0	0.17011	0.01778
 81.0	 82.0	0.18482	0.02292
 82.0	 83.0	0.16134	0.02345
 83.0	 84.0	0.15975	0.02244
 84.0	 85.0	0.12158	0.02784
 85.0	 86.0	0.18135	0.04833
 86.0	 87.0	0.13140	0.02881
 87.0	 88.0	0.16038	0.12059
 88.0	 89.0	0.31047	0.58577
 89.0	 90.0	0.25219	0.27729
 90.0	 91.0	0.08370	0.09371
 91.0	 92.0	0.03069	0.09269
 92.0	 93.0	0.13636	0.19657
 93.0	 94.0	0.06815	0.06001
 94.0	 95.0	0.11919	0.07821
 95.0	 96.0	0.06036	0.10860
 96.0	 97.0	0.07611	0.25203
 97.0	 98.0	0.08587	0.06868
 98.0	 99.0	0.17513	0.32452
 99.0	100.0	0.29308	0.41412
