  0.0	  2.0	0.51929	0.00259
  2.0	  4.0	0.54640	0.00252
  4.0	  6.0	0.55846	0.00251
  6.0	  8.0	0.56839	0.00253
  8.0	 10.0	0.57088	0.00252
 10.0	 12.0	0.57274	0.00255
 12.0	 14.0	0.57218	0.00262
 14.0	 16.0	0.57120	0.00264
 16.0	 18.0	0.56861	0.00269
 18.0	 20.0	0.55749	0.00274
 20.0	 22.0	0.55833	0.00282
 22.0	 24.0	0.54532	0.00286
 24.0	 26.0	0.53784	0.00295
 26.0	 28.0	0.52940	0.00307
 28.0	 30.0	0.52527	0.00321
 30.0	 32.0	0.50201	0.00323
 32.0	 34.0	0.49035	0.00337
 34.0	 36.0	0.47848	0.00351
 36.0	 38.0	0.46024	0.00366
 38.0	 40.0	0.44126	0.00379
 40.0	 42.0	0.42685	0.00406
 42.0	 44.0	0.41419	0.00433
 44.0	 46.0	0.39066	0.00456
 46.0	 48.0	0.37055	0.00497
 48.0	 50.0	0.34038	0.00530
 50.0	 52.0	0.30637	0.00561
 52.0	 54.0	0.29576	0.00635
 54.0	 56.0	0.27236	0.00693
 56.0	 58.0	0.23241	0.00751
 58.0	 60.0	0.24193	0.01002
 60.0	 62.0	0.20043	0.01154
 62.0	 64.0	0.18334	0.01415
 64.0	 66.0	0.12566	0.01314
 66.0	 68.0	0.13220	0.01707
 68.0	 70.0	0.07885	0.01566
 70.0	 72.0	0.11393	0.04082
 72.0	 74.0	0.05502	0.01880
 74.0	 76.0	0.04672	0.06776
 76.0	 78.0	0.09758	0.35683
 78.0	 80.0	0.04019	0.03899
 80.0	 82.0	0.06314	0.10960
 82.0	 84.0	0.01154	0.04972
 84.0	 86.0	0.06768	0.31965
 86.0	 88.0	0.05583	0.12656
 88.0	 90.0	0.04479	0.07179
 90.0	 92.0	0.03858	0.03095
 92.0	 94.0	0.20176	3.67703
 94.0	 96.0	0.12995	0.49990
 96.0	 98.0	0.10267	0.11014
 98.0	100.0	0.17734	0.14609
