  0.0	  5.0	0.52740	0.00133
  5.0	 10.0	0.71309	0.00085
 10.0	 15.0	0.79701	0.00067
 15.0	 20.0	0.82935	0.00059
 20.0	 25.0	0.84170	0.00057
 25.0	 30.0	0.84087	0.00058
 30.0	 35.0	0.82644	0.00063
 35.0	 40.0	0.80264	0.00070
 40.0	 45.0	0.76560	0.00080
 45.0	 50.0	0.71965	0.00094
 50.0	 55.0	0.65511	0.00112
 55.0	 60.0	0.57888	0.00136
 60.0	 65.0	0.49216	0.00170
 65.0	 70.0	0.39682	0.00221
 70.0	 75.0	0.30823	0.00317
 75.0	 80.0	0.22635	0.00486
 80.0	 85.0	0.17585	0.00983
 85.0	 90.0	0.12851	0.01745
 90.0	 95.0	0.17308	0.29255
 95.0	100.0	0.05999	0.10598
