  0.0	  5.0	0.53768	0.00161
  5.0	 10.0	0.56780	0.00159
 10.0	 15.0	0.57202	0.00164
 15.0	 20.0	0.56491	0.00171
 20.0	 25.0	0.54975	0.00180
 25.0	 30.0	0.52876	0.00197
 30.0	 35.0	0.49312	0.00210
 35.0	 40.0	0.45607	0.00234
 40.0	 45.0	0.41673	0.00270
 45.0	 50.0	0.36073	0.00315
 50.0	 55.0	0.29455	0.00383
 55.0	 60.0	0.24481	0.00522
 60.0	 65.0	0.18034	0.00791
 65.0	 70.0	0.10937	0.01015
 70.0	 75.0	0.07195	0.01997
 75.0	 80.0	0.00681	0.02093
 80.0	 85.0	0.02385	0.12957
 85.0	 90.0	0.02213	0.05050
 90.0	 95.0	0.02436	0.03090
 95.0	100.0	0.36373	2.89715
