  0.0	  2.0	0.42720	0.00249
  2.0	  4.0	0.52823	0.00198
  4.0	  6.0	0.60725	0.00161
  6.0	  8.0	0.66469	0.00139
  8.0	 10.0	0.71044	0.00124
 10.0	 12.0	0.74185	0.00114
 12.0	 14.0	0.76375	0.00106
 14.0	 16.0	0.77771	0.00100
 16.0	 18.0	0.78918	0.00096
 18.0	 20.0	0.79993	0.00094
 20.0	 22.0	0.80286	0.00093
 22.0	 24.0	0.80672	0.00093
 24.0	 26.0	0.80500	0.00093
 26.0	 28.0	0.80659	0.00094
 28.0	 30.0	0.80027	0.00097
 30.0	 32.0	0.79570	0.00099
 32.0	 34.0	0.78641	0.00103
 34.0	 36.0	0.77636	0.00107
 36.0	 38.0	0.76713	0.00112
 38.0	 40.0	0.75290	0.00118
 40.0	 42.0	0.73702	0.00123
 42.0	 44.0	0.71660	0.00130
 44.0	 46.0	0.69903	0.00138
 46.0	 48.0	0.67626	0.00147
 48.0	 50.0	0.65524	0.00157
 50.0	 52.0	0.63096	0.00167
 52.0	 54.0	0.60311	0.00179
 54.0	 56.0	0.56977	0.00192
 56.0	 58.0	0.54031	0.00208
 58.0	 60.0	0.50380	0.00224
 60.0	 62.0	0.47429	0.00245
 62.0	 64.0	0.43594	0.00269
 64.0	 66.0	0.40526	0.00296
 66.0	 68.0	0.35770	0.00327
 68.0	 70.0	0.33328	0.00376
 70.0	 72.0	0.30658	0.00446
 72.0	 74.0	0.25670	0.00488
 74.0	 76.0	0.23788	0.00611
 76.0	 78.0	0.21790	0.00719
 78.0	 80.0	0.18928	0.00913
 80.0	 82.0	0.17653	0.01410
 82.0	 84.0	0.16068	0.01622
 84.0	 86.0	0.14692	0.02415
 86.0	 88.0	0.13489	0.03090
 88.0	 90.0	0.27603	0.27106
 90.0	 92.0	0.04038	0.07835
 92.0	 94.0	0.04884	0.15652
 94.0	 96.0	0.07273	0.06832
 96.0	 98.0	0.08062	0.06986
 98.0	100.0	0.09727	0.67362
