  0.0	  5.0	0.50335	0.00132
  5.0	 10.0	0.67604	0.00086
 10.0	 15.0	0.75732	0.00069
 15.0	 20.0	0.79177	0.00061
 20.0	 25.0	0.80493	0.00059
 25.0	 30.0	0.80365	0.00060
 30.0	 35.0	0.78873	0.00065
 35.0	 40.0	0.76272	0.00072
 40.0	 45.0	0.72259	0.00081
 45.0	 50.0	0.67133	0.00095
 50.0	 55.0	0.60986	0.00111
 55.0	 60.0	0.53007	0.00134
 60.0	 65.0	0.44754	0.00166
 65.0	 70.0	0.35641	0.00214
 70.0	 75.0	0.27371	0.00306
 75.0	 80.0	0.21201	0.00479
 80.0	 85.0	0.16179	0.00991
 85.0	 90.0	0.16711	0.02940
 90.0	 95.0	0.06149	0.07396
 95.0	100.0	0.08599	0.10221
