  0.0	  1.0	0.47498	0.00359
  1.0	  2.0	0.49363	0.00361
  2.0	  3.0	0.49334	0.00349
  3.0	  4.0	0.49918	0.00347
  4.0	  5.0	0.50899	0.00348
  5.0	  6.0	0.51501	0.00346
  6.0	  7.0	0.51856	0.00346
  7.0	  8.0	0.52042	0.00353
  8.0	  9.0	0.51665	0.00343
  9.0	 10.0	0.52221	0.00351
 10.0	 11.0	0.52351	0.00351
 11.0	 12.0	0.51436	0.00351
 12.0	 13.0	0.51561	0.00357
 13.0	 14.0	0.51308	0.00361
 14.0	 15.0	0.50810	0.00356
 15.0	 16.0	0.51340	0.00367
 16.0	 17.0	0.51117	0.00365
 17.0	 18.0	0.50933	0.00372
 18.0	 19.0	0.50338	0.00373
 19.0	 20.0	0.49638	0.00376
 20.0	 21.0	0.49584	0.00384
 21.0	 22.0	0.49923	0.00386
 22.0	 23.0	0.48556	0.00387
 23.0	 24.0	0.48376	0.00394
 24.0	 25.0	0.47515	0.00395
 25.0	 26.0	0.47602	0.00407
 26.0	 27.0	0.47903	0.00416
 27.0	 28.0	0.47354	0.00423
 28.0	 29.0	0.46805	0.00433
 29.0	 30.0	0.46956	0.00441
 30.0	 31.0	0.45164	0.00434
 31.0	 32.0	0.45024	0.00448
 32.0	 33.0	0.43989	0.00454
 33.0	 34.0	0.43827	0.00463
 34.0	 35.0	0.42977	0.00469
 35.0	 36.0	0.41924	0.00483
 36.0	 37.0	0.40528	0.00493
 37.0	 38.0	0.40178	0.00497
 38.0	 39.0	0.38880	0.00508
 39.0	 40.0	0.38327	0.00516
 40.0	 41.0	0.38063	0.00538
 41.0	 42.0	0.36780	0.00559
 42.0	 43.0	0.36083	0.00570
 43.0	 44.0	0.36204	0.00594
 44.0	 45.0	0.33901	0.00612
 45.0	 46.0	0.32786	0.00603
 46.0	 47.0	0.32723	0.00648
 47.0	 48.0	0.31832	0.00686
 48.0	 49.0	0.30331	0.00689
 49.0	 50.0	0.30623	0.00752
 50.0	 51.0	0.28006	0.00749
 51.0	 52.0	0.26857	0.00778
 52.0	 53.0	0.26242	0.00823
 53.0	 54.0	0.26161	0.00895
 54.0	 55.0	0.23642	0.00884
 55.0	 56.0	0.22567	0.00954
 56.0	 57.0	0.21557	0.00947
 57.0	 58.0	0.20546	0.01117
 58.0	 59.0	0.21565	0.01301
 59.0	 60.0	0.17850	0.01273
 60.0	 61.0	0.18600	0.01462
 61.0	 62.0	0.17567	0.01685
 62.0	 63.0	0.15816	0.01562
 63.0	 64.0	0.15165	0.02335
 64.0	 65.0	0.10307	0.01560
 65.0	 66.0	0.12710	0.02175
 66.0	 67.0	0.09199	0.02014
 67.0	 68.0	0.09921	0.02603
 68.0	 69.0	0.13451	0.02935
 69.0	 70.0	0.02903	0.02367
 70.0	 71.0	0.06959	0.03350
 71.0	 72.0	0.11870	0.09945
 72.0	 73.0	0.04500	0.02565
 73.0	 74.0	0.04720	0.04402
 74.0	 75.0	0.02697	0.05674
 75.0	 76.0	0.01634	0.05941
 76.0	 77.0	0.01468	0.07079
 77.0	 78.0	0.03124	0.05203
 78.0	 79.0	0.00878	0.03095
 79.0	 80.0	0.03611	0.10827
 80.0	 81.0	0.10053	0.27788
 81.0	 82.0	0.10873	0.26949
 82.0	 83.0	0.00432	0.02936
 83.0	 84.0	0.03003	0.03806
 84.0	 85.0	0.00747	0.08524
 85.0	 86.0	0.03169	0.25735
 86.0	 87.0	0.02772	0.03123
 87.0	 88.0	0.03377	0.09058
 88.0	 89.0	0.17324	0.13663
 89.0	 90.0	0.12330	0.27518
 90.0	 91.0	0.09273	0.13837
 91.0	 92.0	0.02174	0.34438
 92.0	 93.0	0.01777	0.08817
 93.0	 94.0	0.01749	0.07170
 94.0	 95.0	0.06337	0.06160
 95.0	 96.0	0.05156	0.12295
 96.0	 97.0	0.07397	0.12817
 97.0	 98.0	0.81433	11.09049
 98.0	 99.0	0.09039	0.09809
 99.0	100.0	0.17260	0.28931
