  0.0	  2.0	0.48579	0.00255
  2.0	  4.0	0.50223	0.00247
  4.0	  6.0	0.51277	0.00246
  6.0	  8.0	0.52129	0.00248
  8.0	 10.0	0.52333	0.00246
 10.0	 12.0	0.52113	0.00249
 12.0	 14.0	0.51960	0.00255
 14.0	 16.0	0.51790	0.00257
 16.0	 18.0	0.51157	0.00261
 18.0	 20.0	0.50714	0.00266
 20.0	 22.0	0.50113	0.00273
 22.0	 24.0	0.48886	0.00277
 24.0	 26.0	0.48724	0.00286
 26.0	 28.0	0.47679	0.00297
 28.0	 30.0	0.46850	0.00309
 30.0	 32.0	0.45157	0.00312
 32.0	 34.0	0.44511	0.00326
 34.0	 36.0	0.42771	0.00337
 36.0	 38.0	0.41274	0.00353
 38.0	 40.0	0.39368	0.00364
 40.0	 42.0	0.38193	0.00390
 42.0	 44.0	0.36388	0.00412
 44.0	 46.0	0.34208	0.00434
 46.0	 48.0	0.32303	0.00472
 48.0	 50.0	0.30248	0.00506
 50.0	 52.0	0.27377	0.00539
 52.0	 54.0	0.26301	0.00606
 54.0	 56.0	0.23629	0.00655
 56.0	 58.0	0.20752	0.00720
 58.0	 60.0	0.19240	0.00908
 60.0	 62.0	0.17957	0.01099
 62.0	 64.0	0.13739	0.01236
 64.0	 66.0	0.13432	0.01354
 66.0	 68.0	0.09056	0.01459
 68.0	 70.0	0.06552	0.01493
 70.0	 72.0	0.10501	0.03936
 72.0	 74.0	0.03947	0.01804
 74.0	 76.0	0.01759	0.12886
 76.0	 78.0	0.00843	0.54686
 78.0	 80.0	0.01285	0.05576
 80.0	 82.0	0.02592	0.10249
 82.0	 84.0	0.03330	0.02881
 84.0	 86.0	0.04201	0.10614
 86.0	 88.0	0.08088	0.20852
 88.0	 90.0	0.05478	0.05317
 90.0	 92.0	0.18029	2.91558
 92.0	 94.0	0.00729	0.36891
 94.0	 96.0	0.05954	0.09771
 96.0	 98.0	0.10082	0.10244
 98.0	100.0	0.11688	6.00808
