  0.0	  1.0	0.47915	0.00361
  1.0	  2.0	0.49244	0.00360
  2.0	  3.0	0.49784	0.00350
  3.0	  4.0	0.50659	0.00348
  4.0	  5.0	0.51113	0.00349
  5.0	  6.0	0.51439	0.00346
  6.0	  7.0	0.52197	0.00346
  7.0	  8.0	0.52062	0.00354
  8.0	  9.0	0.51862	0.00344
  9.0	 10.0	0.52812	0.00353
 10.0	 11.0	0.51896	0.00351
 11.0	 12.0	0.52328	0.00352
 12.0	 13.0	0.52101	0.00358
 13.0	 14.0	0.51819	0.00362
 14.0	 15.0	0.51626	0.00358
 15.0	 16.0	0.51962	0.00368
 16.0	 17.0	0.50853	0.00365
 17.0	 18.0	0.51465	0.00373
 18.0	 19.0	0.51059	0.00375
 19.0	 20.0	0.50369	0.00378
 20.0	 21.0	0.50241	0.00385
 21.0	 22.0	0.49987	0.00386
 22.0	 23.0	0.49080	0.00388
 23.0	 24.0	0.48691	0.00395
 24.0	 25.0	0.49170	0.00399
 25.0	 26.0	0.48274	0.00409
 26.0	 27.0	0.47937	0.00416
 27.0	 28.0	0.47422	0.00424
 28.0	 29.0	0.46746	0.00433
 29.0	 30.0	0.46956	0.00441
 30.0	 31.0	0.44925	0.00434
 31.0	 32.0	0.45398	0.00449
 32.0	 33.0	0.44448	0.00456
 33.0	 34.0	0.44576	0.00466
 34.0	 35.0	0.43300	0.00471
 35.0	 36.0	0.42232	0.00483
 36.0	 37.0	0.41776	0.00498
 37.0	 38.0	0.40766	0.00500
 38.0	 39.0	0.39841	0.00512
 39.0	 40.0	0.38891	0.00519
 40.0	 41.0	0.38489	0.00540
 41.0	 42.0	0.37892	0.00565
 42.0	 43.0	0.36279	0.00570
 43.0	 44.0	0.36498	0.00596
 44.0	 45.0	0.34751	0.00617
 45.0	 46.0	0.33663	0.00611
 46.0	 47.0	0.32570	0.00648
 47.0	 48.0	0.32046	0.00689
 48.0	 49.0	0.30186	0.00689
 49.0	 50.0	0.30333	0.00748
 50.0	 51.0	0.27656	0.00745
 51.0	 52.0	0.27098	0.00780
 52.0	 53.0	0.26659	0.00828
 53.0	 54.0	0.25908	0.00890
 54.0	 55.0	0.23759	0.00888
 55.0	 56.0	0.23511	0.00970
 56.0	 57.0	0.21083	0.00940
 57.0	 58.0	0.20439	0.01120
 58.0	 59.0	0.20288	0.01268
 59.0	 60.0	0.18049	0.01309
 60.0	 61.0	0.18144	0.01446
 61.0	 62.0	0.17808	0.01690
 62.0	 63.0	0.13706	0.01485
 63.0	 64.0	0.13464	0.02289
 64.0	 65.0	0.12130	0.01629
 65.0	 66.0	0.14984	0.02387
 66.0	 67.0	0.10495	0.01916
 67.0	 68.0	0.06935	0.02414
 68.0	 69.0	0.05800	0.02154
 69.0	 70.0	0.07173	0.02086
 70.0	 71.0	0.05554	0.05186
 71.0	 72.0	0.16025	0.11196
 72.0	 73.0	0.02645	0.04283
 73.0	 74.0	0.03462	0.05856
 74.0	 75.0	0.05779	0.05539
 75.0	 76.0	0.01183	0.06727
 76.0	 77.0	0.02940	0.06031
 77.0	 78.0	0.03868	0.06672
 78.0	 79.0	0.02080	0.04450
 79.0	 80.0	0.02426	0.29032
 80.0	 81.0	0.04306	0.13188
 81.0	 82.0	0.00960	0.13735
 82.0	 83.0	0.01077	0.02548
 83.0	 84.0	0.08711	0.12905
 84.0	 85.0	0.01619	0.04605
 85.0	 86.0	0.05564	0.05360
 86.0	 87.0	0.04103	0.04203
 87.0	 88.0	0.02344	0.04827
 88.0	 89.0	0.08304	0.31527
 89.0	 90.0	0.04285	0.04020
 90.0	 91.0	0.06205	0.14809
 91.0	 92.0	0.03453	0.10980
 92.0	 93.0	0.06485	0.13271
 93.0	 94.0	0.04622	0.06639
 94.0	 95.0	0.03305	0.08224
 95.0	 96.0	0.20789	0.31350
 96.0	 97.0	0.08502	0.10855
 97.0	 98.0	0.13481	0.23634
 98.0	 99.0	4.57612	1710.24757
 99.0	100.0	0.70606	1.26691
