  0.0	  5.0	0.49405	0.00158
  5.0	 10.0	0.51855	0.00156
 10.0	 15.0	0.51494	0.00159
 15.0	 20.0	0.50677	0.00166
 20.0	 25.0	0.48800	0.00174
 25.0	 30.0	0.47324	0.00189
 30.0	 35.0	0.44203	0.00203
 35.0	 40.0	0.39986	0.00223
 40.0	 45.0	0.36232	0.00256
 45.0	 50.0	0.31660	0.00300
 50.0	 55.0	0.26210	0.00367
 55.0	 60.0	0.20829	0.00487
 60.0	 65.0	0.15602	0.00742
 65.0	 70.0	0.09805	0.00973
 70.0	 75.0	0.06695	0.01933
 75.0	 80.0	0.00342	0.05894
 80.0	 85.0	0.02424	0.05208
 85.0	 90.0	0.07647	0.08215
 90.0	 95.0	0.00483	0.05275
 95.0	100.0	0.01446	0.21963
