  0.0	  5.0	0.49748	0.00158
  5.0	 10.0	0.52073	0.00156
 10.0	 15.0	0.51954	0.00159
 15.0	 20.0	0.51143	0.00166
 20.0	 25.0	0.49438	0.00175
 25.0	 30.0	0.47471	0.00190
 30.0	 35.0	0.44530	0.00203
 35.0	 40.0	0.40718	0.00224
 40.0	 45.0	0.36806	0.00258
 45.0	 50.0	0.31777	0.00301
 50.0	 55.0	0.26249	0.00367
 55.0	 60.0	0.20750	0.00488
 60.0	 65.0	0.15255	0.00734
 65.0	 70.0	0.09420	0.00956
 70.0	 75.0	0.07508	0.02000
 75.0	 80.0	0.00828	0.02107
 80.0	 85.0	0.04820	0.18466
 85.0	 90.0	0.04003	0.11080
 90.0	 95.0	0.05451	0.09475
 95.0	100.0	0.04542	0.18276
