  0.0	  5.0	0.50698	0.00132
  5.0	 10.0	0.67981	0.00086
 10.0	 15.0	0.76209	0.00068
 15.0	 20.0	0.79561	0.00060
 20.0	 25.0	0.80863	0.00059
 25.0	 30.0	0.80665	0.00060
 30.0	 35.0	0.79229	0.00064
 35.0	 40.0	0.76499	0.00072
 40.0	 45.0	0.72592	0.00081
 45.0	 50.0	0.67659	0.00095
 50.0	 55.0	0.61087	0.00111
 55.0	 60.0	0.53490	0.00134
 60.0	 65.0	0.44577	0.00166
 65.0	 70.0	0.36121	0.00215
 70.0	 75.0	0.27718	0.00307
 75.0	 80.0	0.21461	0.00483
 80.0	 85.0	0.17880	0.01024
 85.0	 90.0	0.10742	0.01826
 90.0	 95.0	8.99825	79281.37521
 95.0	100.0	0.03679	0.05157
