  0.0	  2.0	0.48429	0.00255
  2.0	  4.0	0.49627	0.00246
  4.0	  6.0	0.51202	0.00245
  6.0	  8.0	0.51947	0.00247
  8.0	 10.0	0.51940	0.00245
 10.0	 12.0	0.51894	0.00248
 12.0	 14.0	0.51435	0.00254
 14.0	 16.0	0.51070	0.00256
 16.0	 18.0	0.51025	0.00261
 18.0	 20.0	0.49988	0.00265
 20.0	 22.0	0.49754	0.00272
 22.0	 24.0	0.48469	0.00276
 24.0	 26.0	0.47556	0.00284
 26.0	 28.0	0.47631	0.00297
 28.0	 30.0	0.46879	0.00309
 30.0	 32.0	0.45093	0.00312
 32.0	 34.0	0.43909	0.00324
 34.0	 36.0	0.42456	0.00336
 36.0	 38.0	0.40354	0.00350
 38.0	 40.0	0.38604	0.00362
 40.0	 42.0	0.37431	0.00387
 42.0	 44.0	0.36139	0.00411
 44.0	 46.0	0.33349	0.00429
 46.0	 48.0	0.32276	0.00471
 48.0	 50.0	0.30470	0.00508
 50.0	 52.0	0.27436	0.00539
 52.0	 54.0	0.26193	0.00606
 54.0	 56.0	0.23113	0.00649
 56.0	 58.0	0.21047	0.00722
 58.0	 60.0	0.19749	0.00911
 60.0	 62.0	0.18084	0.01105
 62.0	 64.0	0.15399	0.01300
 64.0	 66.0	0.11372	0.01267
 66.0	 68.0	0.09486	0.01579
 68.0	 70.0	0.08127	0.01552
 70.0	 72.0	0.08874	0.03457
 72.0	 74.0	0.04450	0.02102
 74.0	 76.0	0.04483	0.10842
 76.0	 78.0	0.01635	0.23187
 78.0	 80.0	0.00371	0.11879
 80.0	 82.0	0.05982	0.11985
 82.0	 84.0	0.02163	0.02829
 84.0	 86.0	0.01136	0.34228
 86.0	 88.0	0.04987	0.07770
 88.0	 90.0	0.21687	0.32935
 90.0	 92.0	0.02333	0.14335
 92.0	 94.0	0.01803	0.03151
 94.0	 96.0	0.05048	0.05926
 96.0	 98.0	0.04688	0.11453
 98.0	100.0	0.06356	0.08889
