  0.0	  1.0	0.41472	0.00373
  1.0	  2.0	0.47110	0.00340
  2.0	  3.0	0.52493	0.00298
  3.0	  4.0	0.58133	0.00267
  4.0	  5.0	0.62106	0.00239
  5.0	  6.0	0.65573	0.00218
  6.0	  7.0	0.69068	0.00201
  7.0	  8.0	0.71848	0.00189
  8.0	  9.0	0.73611	0.00177
  9.0	 10.0	0.75986	0.00167
 10.0	 11.0	0.77472	0.00161
 11.0	 12.0	0.78891	0.00155
 12.0	 13.0	0.79856	0.00148
 13.0	 14.0	0.80809	0.00144
 14.0	 15.0	0.81416	0.00139
 15.0	 16.0	0.82006	0.00136
 16.0	 17.0	0.82375	0.00132
 17.0	 18.0	0.83188	0.00130
 18.0	 19.0	0.83291	0.00129
 19.0	 20.0	0.83805	0.00127
 20.0	 21.0	0.83979	0.00127
 21.0	 22.0	0.84012	0.00126
 22.0	 23.0	0.84175	0.00127
 23.0	 24.0	0.84378	0.00126
 24.0	 25.0	0.84309	0.00127
 25.0	 26.0	0.84436	0.00127
 26.0	 27.0	0.84318	0.00129
 27.0	 28.0	0.84132	0.00129
 28.0	 29.0	0.84018	0.00132
 29.0	 30.0	0.83525	0.00133
 30.0	 31.0	0.83367	0.00135
 31.0	 32.0	0.83165	0.00138
 32.0	 33.0	0.82498	0.00140
 33.0	 34.0	0.82399	0.00143
 34.0	 35.0	0.81784	0.00146
 35.0	 36.0	0.81392	0.00149
 36.0	 37.0	0.80822	0.00154
 37.0	 38.0	0.80265	0.00157
 38.0	 39.0	0.79663	0.00161
 39.0	 40.0	0.79163	0.00166
 40.0	 41.0	0.78088	0.00169
 41.0	 42.0	0.77402	0.00175
 42.0	 43.0	0.76431	0.00180
 43.0	 44.0	0.75857	0.00184
 44.0	 45.0	0.74977	0.00191
 45.0	 46.0	0.74161	0.00196
 46.0	 47.0	0.73062	0.00206
 47.0	 48.0	0.71941	0.00210
 48.0	 49.0	0.70857	0.00218
 49.0	 50.0	0.69726	0.00226
 50.0	 51.0	0.67978	0.00234
 51.0	 52.0	0.66854	0.00241
 52.0	 53.0	0.65595	0.00250
 53.0	 54.0	0.64229	0.00260
 54.0	 55.0	0.62775	0.00269
 55.0	 56.0	0.60871	0.00280
 56.0	 57.0	0.59807	0.00292
 57.0	 58.0	0.58202	0.00304
 58.0	 59.0	0.55746	0.00316
 59.0	 60.0	0.54551	0.00332
 60.0	 61.0	0.52926	0.00349
 61.0	 62.0	0.51030	0.00361
 62.0	 63.0	0.48948	0.00381
 63.0	 64.0	0.47011	0.00399
 64.0	 65.0	0.45783	0.00420
 65.0	 66.0	0.43235	0.00440
 66.0	 67.0	0.41733	0.00467
 67.0	 68.0	0.38920	0.00489
 68.0	 69.0	0.37864	0.00531
 69.0	 70.0	0.36291	0.00567
 70.0	 71.0	0.33545	0.00614
 71.0	 72.0	0.33192	0.00683
 72.0	 73.0	0.30464	0.00708
 73.0	 74.0	0.28551	0.00725
 74.0	 75.0	0.28133	0.00879
 75.0	 76.0	0.26281	0.00933
 76.0	 77.0	0.22972	0.00957
 77.0	 78.0	0.23243	0.01129
 78.0	 79.0	0.22067	0.01325
 79.0	 80.0	0.18002	0.01259
 80.0	 81.0	0.19857	0.01887
 81.0	 82.0	0.21549	0.02613
 82.0	 83.0	0.16049	0.02121
 83.0	 84.0	0.13122	0.01931
 84.0	 85.0	0.16656	0.02707
 85.0	 86.0	0.16552	0.04085
 86.0	 87.0	0.08251	0.01964
 87.0	 88.0	0.15492	0.04735
 88.0	 89.0	0.14083	0.07473
 89.0	 90.0	0.16271	0.14784
 90.0	 91.0	0.04133	0.03924
 91.0	 92.0	0.08145	0.08262
 92.0	 93.0	0.17965	0.16125
 93.0	 94.0	0.02348	0.08160
 94.0	 95.0	0.30125	3.35733
 95.0	 96.0	0.09897	0.07231
 96.0	 97.0	0.04146	0.26775
 97.0	 98.0	0.09838	0.71442
 98.0	 99.0	0.08693	0.43839
 99.0	100.0	0.38071	0.78063
