  0.0	  2.0	0.44360	0.00251
  2.0	  4.0	0.55389	0.00199
  4.0	  6.0	0.63867	0.00162
  6.0	  8.0	0.70471	0.00138
  8.0	 10.0	0.74806	0.00122
 10.0	 12.0	0.78186	0.00112
 12.0	 14.0	0.80334	0.00103
 14.0	 16.0	0.81711	0.00097
 16.0	 18.0	0.82783	0.00093
 18.0	 20.0	0.83549	0.00091
 20.0	 22.0	0.83995	0.00089
 22.0	 24.0	0.84276	0.00090
 24.0	 26.0	0.84372	0.00090
 26.0	 28.0	0.84224	0.00091
 28.0	 30.0	0.83772	0.00094
 30.0	 32.0	0.83267	0.00096
 32.0	 34.0	0.82448	0.00100
 34.0	 36.0	0.81588	0.00104
 36.0	 38.0	0.80545	0.00110
 38.0	 40.0	0.79413	0.00116
 40.0	 42.0	0.77747	0.00122
 42.0	 44.0	0.76144	0.00129
 44.0	 46.0	0.74569	0.00137
 46.0	 48.0	0.72500	0.00147
 48.0	 50.0	0.70295	0.00157
 50.0	 52.0	0.67416	0.00168
 52.0	 54.0	0.64916	0.00180
 54.0	 56.0	0.61829	0.00194
 56.0	 58.0	0.59015	0.00211
 58.0	 60.0	0.55155	0.00229
 60.0	 62.0	0.51987	0.00251
 62.0	 64.0	0.47991	0.00276
 64.0	 66.0	0.44527	0.00304
 66.0	 68.0	0.40348	0.00338
 68.0	 70.0	0.37081	0.00388
 70.0	 72.0	0.33352	0.00457
 72.0	 74.0	0.29520	0.00507
 74.0	 76.0	0.27236	0.00639
 76.0	 78.0	0.23072	0.00730
 78.0	 80.0	0.20063	0.00913
 80.0	 82.0	0.20562	0.01540
 82.0	 84.0	0.14609	0.01431
 84.0	 86.0	0.16560	0.02267
 86.0	 88.0	0.10868	0.01883
 88.0	 90.0	0.14847	0.06920
 90.0	 92.0	0.05779	0.03128
 92.0	 94.0	0.09394	0.04030
 94.0	 96.0	0.03601	0.12221
 96.0	 98.0	0.06728	0.13950
 98.0	100.0	0.07222	0.23380
