  0.0	  1.0	0.51163	0.00367
  1.0	  2.0	0.52698	0.00367
  2.0	  3.0	0.53860	0.00357
  3.0	  4.0	0.55413	0.00356
  4.0	  5.0	0.55645	0.00356
  5.0	  6.0	0.56044	0.00353
  6.0	  7.0	0.56655	0.00354
  7.0	  8.0	0.57030	0.00363
  8.0	  9.0	0.56756	0.00352
  9.0	 10.0	0.57429	0.00361
 10.0	 11.0	0.57277	0.00359
 11.0	 12.0	0.57270	0.00361
 12.0	 13.0	0.57533	0.00368
 13.0	 14.0	0.56899	0.00372
 14.0	 15.0	0.57035	0.00368
 15.0	 16.0	0.57211	0.00379
 16.0	 17.0	0.56763	0.00377
 17.0	 18.0	0.56962	0.00385
 18.0	 19.0	0.56090	0.00385
 19.0	 20.0	0.55409	0.00388
 20.0	 21.0	0.56162	0.00399
 21.0	 22.0	0.55508	0.00399
 22.0	 23.0	0.55015	0.00402
 23.0	 24.0	0.54045	0.00407
 24.0	 25.0	0.54113	0.00411
 25.0	 26.0	0.53453	0.00423
 26.0	 27.0	0.52866	0.00430
 27.0	 28.0	0.53014	0.00440
 28.0	 29.0	0.52919	0.00451
 29.0	 30.0	0.52132	0.00457
 30.0	 31.0	0.50320	0.00449
 31.0	 32.0	0.50083	0.00464
 32.0	 33.0	0.48973	0.00471
 33.0	 34.0	0.49098	0.00482
 34.0	 35.0	0.48057	0.00488
 35.0	 36.0	0.47637	0.00505
 36.0	 37.0	0.46817	0.00518
 37.0	 38.0	0.45219	0.00518
 38.0	 39.0	0.44581	0.00532
 39.0	 40.0	0.43666	0.00540
 40.0	 41.0	0.43217	0.00563
 41.0	 42.0	0.42139	0.00587
 42.0	 43.0	0.41010	0.00597
 43.0	 44.0	0.41848	0.00629
 44.0	 45.0	0.40116	0.00652
 45.0	 46.0	0.38018	0.00637
 46.0	 47.0	0.37659	0.00684
 47.0	 48.0	0.36455	0.00724
 48.0	 49.0	0.33350	0.00713
 49.0	 50.0	0.34798	0.00791
 50.0	 51.0	0.31313	0.00780
 51.0	 52.0	0.29950	0.00809
 52.0	 53.0	0.29822	0.00864
 53.0	 54.0	0.29322	0.00938
 54.0	 55.0	0.26739	0.00927
 55.0	 56.0	0.27802	0.01042
 56.0	 57.0	0.23119	0.00972
 57.0	 58.0	0.23480	0.01180
 58.0	 59.0	0.25146	0.01403
 59.0	 60.0	0.23192	0.01432
 60.0	 61.0	0.18007	0.01435
 61.0	 62.0	0.22390	0.01906
 62.0	 63.0	0.18139	0.01648
 63.0	 64.0	0.18990	0.02670
 64.0	 65.0	0.13037	0.01675
 65.0	 66.0	0.11999	0.02136
 66.0	 67.0	0.12123	0.02020
 67.0	 68.0	0.14262	0.03121
 68.0	 69.0	0.07317	0.02463
 69.0	 70.0	0.08274	0.02060
 70.0	 71.0	0.08380	0.03741
 71.0	 72.0	0.14570	0.11510
 72.0	 73.0	0.04667	0.02009
 73.0	 74.0	0.07613	0.05078
 74.0	 75.0	0.05243	0.05712
 75.0	 76.0	0.01958	0.04000
 76.0	 77.0	0.00751	0.06781
 77.0	 78.0	0.08542	0.08405
 78.0	 79.0	0.02263	0.05136
 79.0	 80.0	0.08579	0.13798
 80.0	 81.0	0.19609	3.37105
 81.0	 82.0	0.03052	0.08550
 82.0	 83.0	0.00451	0.04432
 83.0	 84.0	0.02347	0.04233
 84.0	 85.0	0.03898	0.05019
 85.0	 86.0	0.05837	0.07440
 86.0	 87.0	0.02161	0.04343
 87.0	 88.0	0.02114	0.03169
 88.0	 89.0	0.02143	0.08934
 89.0	 90.0	0.08645	0.12274
 90.0	 91.0	0.06626	0.05320
 91.0	 92.0	0.01018	0.05846
 92.0	 93.0	0.11442	1.50889
 93.0	 94.0	0.56331	74.48666
 94.0	 95.0	0.25503	2.44254
 95.0	 96.0	0.07680	0.42278
 96.0	 97.0	0.02985	0.33229
 97.0	 98.0	0.23169	0.87786
 98.0	 99.0	0.24484	0.13005
 99.0	100.0	0.39779	1.22907
