  0.0	  2.0	0.43155	0.00250
  2.0	  4.0	0.52960	0.00198
  4.0	  6.0	0.61096	0.00161
  6.0	  8.0	0.67213	0.00139
  8.0	 10.0	0.71205	0.00124
 10.0	 12.0	0.74552	0.00114
 12.0	 14.0	0.76934	0.00105
 14.0	 16.0	0.78255	0.00100
 16.0	 18.0	0.79388	0.00096
 18.0	 20.0	0.80266	0.00094
 20.0	 22.0	0.80688	0.00092
 22.0	 24.0	0.80959	0.00093
 24.0	 26.0	0.80938	0.00093
 26.0	 28.0	0.80835	0.00094
 28.0	 30.0	0.80398	0.00097
 30.0	 32.0	0.79889	0.00099
 32.0	 34.0	0.79017	0.00103
 34.0	 36.0	0.77983	0.00107
 36.0	 38.0	0.76788	0.00112
 38.0	 40.0	0.75631	0.00118
 40.0	 42.0	0.73940	0.00123
 42.0	 44.0	0.72269	0.00130
 44.0	 46.0	0.70117	0.00138
 46.0	 48.0	0.68412	0.00147
 48.0	 50.0	0.65819	0.00157
 50.0	 52.0	0.63079	0.00167
 52.0	 54.0	0.60395	0.00179
 54.0	 56.0	0.57568	0.00192
 56.0	 58.0	0.54266	0.00207
 58.0	 60.0	0.50956	0.00225
 60.0	 62.0	0.47168	0.00245
 62.0	 64.0	0.43547	0.00269
 64.0	 66.0	0.40090	0.00296
 66.0	 68.0	0.36656	0.00329
 68.0	 70.0	0.34022	0.00378
 70.0	 72.0	0.30074	0.00443
 72.0	 74.0	0.26513	0.00492
 74.0	 76.0	0.24939	0.00621
 76.0	 78.0	0.22057	0.00724
 78.0	 80.0	0.18804	0.00924
 80.0	 82.0	0.20252	0.01535
 82.0	 84.0	0.16827	0.01549
 84.0	 86.0	0.13276	0.02213
 86.0	 88.0	0.10733	0.02386
 88.0	 90.0	0.07851	0.05133
 90.0	 92.0	0.05369	0.06635
 92.0	 94.0	0.01937	0.21575
 94.0	 96.0	0.06385	0.04144
 96.0	 98.0	0.10015	0.06616
 98.0	100.0	0.07433	0.22251
