0-10 % centrality																				
																				
pt	0-10 %		10-20 %		20-30 %		30-40 %		40-50 %		50-60 %		60-70 %		70-80 %		80-90 %		90-100 %	
1.5	0.14639734	0.041118915	-0.029830011	0.034226251	0.019111481	0.026669333	-0.002534228	0.024503087	0.032054826	0.022862988	0.049417589	0.022562154	0.013679723	0.020446369	-0.020143635	0.019792834	-0.017014804	0.019274799	0.006812989	0.018323415
2.5	-0.009550819	0.043174457	-0.006346609	0.037853204	0.015138211	0.02771696	0.017635225	0.027085405	0.06852345	0.024208884	0.040836798	0.02365864	0.06673834	0.021535859	0.041468766	0.021450475	0.033139303	0.020285534	0.039808464	0.018595986
3.5	-0.091424914	0.067579406	0.029587376	0.055130401	0.06855965	0.042975775	0.030345497	0.039230968	0.034245419	0.035936552	0.056018398	0.036024122	0.083202149	0.03112556	0.093249204	0.031352518	0.043951224	0.030179323	0.09906505	0.028458648
4.5	-0.062192297	0.12254528	-0.065100438	0.098933944	0.13688812	0.072836648	0.16684978	0.063030466	0.019688889	0.061739686	-0.047064559	0.061642486	0.023588878	0.053919184	0.13291405	0.055986148	0.19180667	0.049577597	0.13816431	0.047781966
5.5	0.34319152	0.174855237	0.10935854	0.159010854	0.16073642	0.112576278	0.070631614	0.09918927	-0.10892846	0.099910812	0.099723489	0.091455228	0.090392578	0.085784469	0.055431817	0.087579568	0.11132491	0.081401361	0.13999787	0.080321602
7	0.49341547	0.218650522	-0.014431581	0.199940495	-0.000898011	0.140995263	0.13580907	0.143729483	0.18094538	0.142735862	-0.008978137	0.130112166	0.10909589	0.123169677	0.047264013	0.109161494	0.11081623	0.095017359	-0.066710525	0.116680021
9	0.42106404	0.518072733	-0.28759737	0.243304462	0.39074285	0.290233906	0.2974789	0.304685979	0.07933019	0.216619142	0.24859945	0.187267509	-0.095207901	0.152641979	-0.001662021	0.193023287	0.27748283	0.337677432	-0.085757874	0.176700629
12.5	0.66370757	0.516847715	-0.16846466	0.51105085	-0.3463991	0.244860651	0.16171899	0.269387428	0.20950571	0.528223097	-0.36674325	0.310178648	0.14031445	0.296457219	-0.11151308	0.274194871	0.14977982	0.243129104	0.06935889	0.23486727
																				
10-20 % centrality																				
																				
pt	0-10 %		10-20 %		20-30 %		30-40 %		40-50 %		50-60 %		60-70 %		70-80 %		80-90 %		90-100 %	
1.5	-0.020050622	0.018719238	0.013424866	0.016234116	0.009564984	0.015411051	0.031955663	0.01460235	-0.000148864	0.014334837	0.040957576	0.014373378	0.000975203	0.013876751	0.059370813	0.013836162	0.029904321	0.013263798	0.022433572	0.012850724
2.5	0.041726625	0.020504687	0.034023721	0.017547264	0.036288048	0.016809196	0.080185933	0.015863049	0.0336247	0.015832212	0.061140294	0.01539859	0.058203507	0.014421103	0.090386218	0.015008748	0.06257505	0.014889667	0.082277623	0.01379654
3.5	0.046647178	0.029810303	0.1014418	0.027664763	0.11199615	0.026447889	0.039505428	0.023802298	0.10985559	0.022752934	0.11625489	0.023130205	0.094688156	0.021470252	0.12902502	0.021460643	0.10602143	0.021321214	0.15792561	0.020671242
4.5	-0.011625191	0.048833932	0.067495333	0.045339493	0.05196615	0.043677269	-0.007804367	0.038749776	0.12624783	0.037802927	0.10377112	0.038236783	0.11347178	0.036825005	0.079500041	0.035279578	0.16524591	0.033926748	0.16387059	0.033785423
5.5	0.15934324	0.0827026	0.062701251	0.071365134	0.066415688	0.064656959	0.11337169	0.062972501	0.1426573	0.057800431	0.14810826	0.062111505	0.084175707	0.059314795	0.17827981	0.06123073	0.10703819	0.058268015	0.19831362	0.052688584
7	-0.079955794	0.096801913	0.076481679	0.080258012	0.13580352	0.087434824	0.16313563	0.075664319	0.040678284	0.072681933	0.11318426	0.079385635	0.019161794	0.069897112	0.13866135	0.072380161	0.055944618	0.071190334	0.068654674	0.071785876
9	0.17112934	0.164649985	0.31396435	0.167220313	0.1779804	0.122191666	0.102094	0.137527325	-0.019761373	0.139883789	-0.1437045	0.113514363	-0.086316281	0.13123359	0.047197062	0.120631645	-0.15304516	0.132159187	0.23227515	0.119286509
12.5	-0.20185003	0.229142838	0.057245132	0.14047051	-0.001890559	0.17457503	0.36072322	0.192692375	-0.13762404	0.176424827	-0.31869042	0.179066667	-0.21776534	0.162271805	0.049711918	0.15454278	0.27051184	0.15074776	0.24171469	0.168950688
																				
20-30 % centrality																				
																				
pt	0-10 %		10-20 %		20-30 %		30-40 %		40-50 %		50-60 %		60-70 %		70-80 %		80-90 %		90-100 %	
1.5	0.027766523	0.020724265	0.024168004	0.018344942	0.046880086	0.018049861	0.04195957	0.01732934	0.036544204	0.016864272	0.03762586	0.016442759	0.031788733	0.016131282	0.043058818	0.016654326	0.048651662	0.015924278	0.032904708	0.01562656
2.5	0.034200517	0.02312957	0.038909403	0.0204927	0.075937081	0.01997797	0.067449778	0.020406404	0.081726753	0.018780977	0.056686425	0.01899072	0.087830344	0.018368498	0.11622634	0.018064236	0.13318738	0.017573217	0.11025503	0.017147067
3.5	0.089325525	0.033452579	0.051756078	0.030143934	0.060798189	0.031103786	0.089573489	0.029596423	0.10806793	0.028481948	0.13073454	0.026886962	0.097532478	0.027462798	0.17392345	0.025964077	0.17120228	0.025824874	0.16973732	0.025460938
4.5	-0.008022764	0.056118849	0.1245918	0.047610364	0.071863794	0.048053941	0.055885019	0.052705351	0.14462153	0.047473101	0.087186366	0.045325139	0.10745601	0.044391551	0.18288367	0.042654848	0.12996356	0.041530148	0.19406504	0.039717742
5.5	0.10304102	0.086734784	0.10123799	0.073029765	0.19332256	0.06568325	0.14759566	0.071479302	-0.0117328	0.084731707	0.16972231	0.071729801	0.19792318	0.071440215	0.19080251	0.065604377	0.21578377	0.061524266	0.1000082	0.066297209
7	0.059898491	0.111003316	0.21324525	0.099516954	-0.097800893	0.092634103	-0.023516182	0.091879415	0.16485157	0.093253017	0.034421545	0.086835443	0.10391636	0.085490618	0.16224439	0.084056381	0.10649692	0.079563092	0.23908335	0.078116561
9	-0.35203857	0.190711001	-0.086522085	0.205144799	0.1604808	0.134889582	0.38144829	0.170695201	-0.005082048	0.153055698	-0.20946316	0.150426979	-0.047134355	0.175472186	0.099477772	0.140694139	0.083207161	0.144878801	-0.10100312	0.133987123
12.5	0.033596006	0.252711322	-0.10710009	0.194712417	0.13975428	0.204764841	-0.070787761	0.211900934	-0.25402858	0.217025988	0.20577416	0.176923764	-0.019393584	0.162030758	0.099635526	0.174252058	-0.009327356	0.17686184	-0.35156897	0.146998086
																				
30-40 % centrality																				
																				
pt	0-10 %		10-20 %		20-30 %		30-40 %		40-50 %		50-60 %		60-70 %		70-80 %		80-90 %		90-100 %	
1.5	0.034375366	0.017583703	0.013215764	0.015830372	0.025454705	0.015207695	0.017642266	0.014825012	0.03592404	0.014560994	0.046239077	0.014526513	0.018331515	0.013960841	0.042173644	0.013630121	0.041217343	0.014222906	0.05219172	0.013463718
2.5	0.06352349	0.020270522	0.057730775	0.018402613	0.076677556	0.017755829	0.083583418	0.017408491	0.10178618	0.01703863	0.0867118	0.01731933	0.13763453	0.016158971	0.10497885	0.015808857	0.12618526	0.016005381	0.15002333	0.015113019
3.5	0.077032	0.030123351	0.040146989	0.027891334	0.088877779	0.025774906	0.13303301	0.025859978	0.15339445	0.023955914	0.1728695	0.024304628	0.16258181	0.024438751	0.15750527	0.023842443	0.16335161	0.024162514	0.20673421	0.023026938
4.5	0.058584935	0.047887829	0.12991852	0.041594861	0.071211496	0.041139525	0.11701573	0.041713782	0.10167255	0.04097026	0.18027546	0.039653827	0.22959226	0.037346101	0.14951943	0.038853937	0.20025752	0.035990341	0.22758664	0.034920814
5.5	0.008195168	0.071329713	0.095231389	0.063825089	0.057707913	0.058263372	0.017672904	0.06194103	0.080970623	0.05740802	0.16812557	0.056926582	0.12706984	0.058558306	0.22220677	0.057066326	0.17574418	0.053681257	0.20080602	0.052329375
7	0.17366475	0.079630278	-0.069140987	0.070435189	-0.052329451	0.075917838	0.10961615	0.06941701	0.16334367	0.083884362	0.15713073	0.069902994	0.054508472	0.071289226	0.1460935	0.066782303	0.060613592	0.064155203	0.12064333	0.059063852
9	0.14248825	0.130206173	-0.11250889	0.10354371	0.002560533	0.096974032	0.16939112	0.121040306	-0.27245201	0.137144734	-0.090299082	0.119418415	0.14580823	0.125388053	0.12945944	0.103623184	0.19647909	0.092916446	0.13072475	0.120585083
12.5	-0.13789224	0.15889511	-0.040715423	0.186707473	0.18967007	0.180800602	-0.11574573	0.154774441	0.010986035	0.119682518	-0.056327624	0.162617336	-0.04636709	0.15245863	0.12811456	0.117559581	0.076810614	0.182478439	0.23106239	0.114212341
																				
40-50 % centrality																				
																				
pt	0-10 %		10-20 %		20-30 %		30-40 %		40-50 %		50-60 %		60-70 %		70-80 %		80-90 %		90-100 %	
1.5	-0.00290575	0.025015842	0.043312276	0.022424116	0.054754414	0.022305412	0.024031542	0.021025839	0.061735633	0.020455701	0.049851049	0.01995948	0.059830425	0.020265377	0.088034839	0.019824093	0.066321579	0.018803259	0.062952523	0.018420194
2.5	0.05508559	0.031226981	0.054304759	0.027588913	0.11274028	0.026886058	0.10289941	0.024056574	0.09909227	0.024641616	0.090954277	0.024063735	0.10112514	0.024562597	0.074943908	0.024154643	0.10280411	0.024184615	0.13630438	0.022543082
3.5	0.056651691	0.044799421	-0.006382472	0.042339914	0.096501599	0.038949611	0.098053919	0.037967322	0.09813733	0.035505725	0.18392564	0.036208479	0.14961425	0.036706061	0.19393152	0.038606981	0.22291147	0.032907841	0.16427269	0.035104183
4.5	0.075696919	0.075796644	0.18014198	0.056785903	0.049812064	0.05874019	0.044440265	0.054203551	0.15909909	0.05530825	0.19758425	0.058547936	0.11321087	0.054736436	0.18930857	0.053673677	0.088314366	0.049191278	0.20114915	0.053495848
5.5	0.11436783	0.099569577	0.090166325	0.095300821	0.047619072	0.085678763	0.019467623	0.076829446	0.16089327	0.091446062	0.20347758	0.078829279	0.069173179	0.074750251	-0.010977992	0.082452485	0.12001804	0.072168029	0.17603422	0.089096211
7	0.22024061	0.117967139	0.070147099	0.108493335	0.055834159	0.114597235	0.18998662	0.082866177	-0.027469519	0.087283179	0.086578948	0.080101684	0.24390311	0.099416034	-0.031917269	0.0857205	0.20090347	0.094599764	0.19503343	0.096274269
9	-0.31848714	0.180994828	-0.13205809	0.188688407	0.23731281	0.21248571	0.32651781	0.158997715	0.33960633	0.116308722	0.25745033	0.150753516	0.2454417	0.153874644	0.19570717	0.178182109	0.045783224	0.165851793	0.064612707	0.189222909
12.5	0.04378407	0.202878205	0.010948625	0.229502124	-0.16879035	0.192515711	0.098865572	0.205551552	-0.039603035	0.115142345	0.10751886	0.249853877	0.11370771	0.198350393	-0.26743028	0.206897421	0.03402879	0.146444669	0.34694684	0.242625396