0-10 % centrality																				
																				
pt	0-10 %		10-20 %		20-30 %		30-40 %		40-50 %		50-60 %		60-70 %		70-80 %		80-90 %		90-100 %	
3			0.07120993	0.057516228	0.017073378	0.037682504	0.039644493	0.031337267	0.027247864	0.033694009	-0.011027454	0.029103017	0.010371877	0.026042284	-0.019816028	0.022349575	0.025312992	0.020345383	0.038091747	0.018726488
5			0.084392332	0.148729988	0.083258343	0.100926456	0.1588481	0.084289461	0.084318191	0.083990963	0.061691937	0.07153675	0.13124741	0.062306214	0.058245374	0.056145466	0.03814943	0.05436609	0.056857385	0.049331952
7			-0.60144138	0.33195873	0.41435344	0.237924695	0.40174455	0.234542377	0.21996319	0.218438215	0.15869047	0.189567364	1.19215E-05	0.14416833	0.21710877	0.14879402	-0.20320537	0.109398661	0.29017902	0.113829505
9			-0.37820318	0.527485444	-0.34964845	0.25461791	0.46880914	0.41863999	-0.10057358	0.530466602	0.22534983	0.299545007	-0.16348146	0.254207231	-0.1141565	0.281705914	0.46854918	0.219000796	0.16391127	0.236009211
15			0.002592297	0.624523562	-0.40930114	0.369503346	0.21202635	0.565420035	-0.056194247	0.58150855	-0.047336539	0.521113395	-0.10972628	0.28475367	-0.008610484	0.294223721	-0.11662513	0.302127594	0.071956266	0.241479408
																				
10-20 % centrality																				
																				
pt	0-10 %		10-20 %		20-30 %		30-40 %		40-50 %		50-60 %		60-70 %		70-80 %		80-90 %		90-100 %	
3	0.048133131	0.05518648	-0.063119798	0.038030026	-0.008018957	0.032350019	-0.037675759	0.025979218	0.00033911	0.027212912	0.012473535	0.026111525	0.039401133	0.021557424	0.043961676	0.021722668	0.045013505	0.018246805	0.055360249	0.016495743
5	0.38135783	0.143183017	0.13689753	0.098228699	0.018161779	0.083578011	0.050791055	0.065639323	0.033766637	0.068285991	0.042371875	0.070922762	0.060023193	0.052601786	0.061149725	0.054229655	0.18938534	0.047628638	0.092287187	0.041131862
7	0.049560897	0.3269897	0.35016931	0.218564534	-0.026115483	0.175201818	-0.18291107	0.165007541	-0.12846413	0.183256204	0.40762965	0.153848299	0.000358063	0.128760608	0.15396401	0.137818358	0.14335459	0.110778119	0.032585005	0.103190218
9	0.56026126	0.533867152	-0.001997794	0.32809242	-0.12093761	0.282648545	-0.028319791	0.299530481	-0.45871671	0.249121095	-0.25980903	0.286049714	0.18321493	0.256344229	-0.20181502	0.278621737	0.16835027	0.164972135	0.27807784	0.169535742
15	-0.80357197	0.926318949	0.26780643	0.436741536	0.59035217	0.571659782	0.27787077	0.265234022	0.03093906	0.303996745	0.35891377	0.402917849	-0.19119971	0.300346698	0.35012563	0.192642245	-0.015736236	0.192923227	0.36059431	0.161961436
																				
20-30 % centrality																				
																				
pt	0-10 %		10-20 %		20-30 %		30-40 %		40-50 %		50-60 %		60-70 %		70-80 %		80-90 %		90-100 %	
3	-0.021411498	0.048385457	0.08733966	0.085602287	0.098210744	0.040697412	-0.042835732	0.034533134	0.030101334	0.030733338	0.046905297	0.028765062	0.004679884	0.027279833	0.008523003	0.025445218	0.019763312	0.022601721	0.028595037	0.020408609
5	-0.069647855	0.118768008	0.37291265	0.191908125	0.11211623	0.102877843	0.11638496	0.084897849	-0.11467445	0.071953322	0.017811449	0.073823822	0.010107087	0.064614295	0.022395626	0.060105063	0.15681771	0.0608993	0.15598768	0.048780393
7	-0.23167837	0.332305418	-0.4430472	0.520559603	-0.39453728	0.302636749	-0.005877342	0.189547815	-0.042481523	0.171981543	-0.11698397	0.165444444	0.06078902	0.152338963	-0.17182267	0.144184104	0.090694497	0.120685105	-0.067381387	0.11687793
9	0.69248515	0.370496725	0.83027548	0.860662934	0.25449731	0.32952661	-0.76967061	0.35620921	0.083399396	0.290153238	0.25514282	0.229038901	0.22045399	0.221844434	-0.26882618	0.259705713	0.21707891	0.185488459	-0.24877542	0.168051016
15	0.52364918	0.457298429	0.44099207	0.809778475	0.04932165	0.548590873	-0.021465636	0.420703563	0.353821	0.378137894	0.015796235	0.358293326	0.20261572	0.331954596	0.38392895	0.250655314	0.85547707	0.288393109	0.13570243	0.221817907
																				
30-40 % centrality																				
																				
pt	0-10 %		10-20 %		20-30 %		30-40 %		40-50 %		50-60 %		60-70 %		70-80 %		80-90 %		90-100 %	
3	0.052621663	0.041996684	-0.034462538	0.043185254	0.064624317	0.036412105	0.013427781	0.03535504	0.031197013	0.031034035	0.072317617	0.030716635	0.024549781	0.029071019	0.069861116	0.026320415	0.053161786	0.02367508	0.037016838	0.020353052
5	0.040783616	0.103176421	-0.20153702	0.101381101	0.051222439	0.085558266	0.07623501	0.081834966	0.091509196	0.072584159	0.062210079	0.068989623	0.093779968	0.063262422	0.11572538	0.05950297	0.028440585	0.055317984	0.10391477	0.04891442
7	0.13417717	0.192064272	0.146716	0.183253972	-0.13092868	0.186712112	-0.10902929	0.170233856	0.020976735	0.143733827	-0.47787749	0.146236439	0.19052021	0.131924072	-0.058930317	0.124349578	0.086347993	0.11289846	-0.14612976	0.091507969
9	0.018547653	0.388427464	0.18453888	0.394807504	0.11213809	0.33192225	-0.1213334	0.285020023	-0.1251386	0.242242923	-0.28170796	0.290280875	-0.2077422	0.247509489	-0.14456036	0.195892034	0.18520954	0.182656039	0.16289516	0.159968422
15	-0.6724021	0.395115567	0.57963941	0.370283798	0.011793817	0.415603317	0.067148537	0.300844321	-0.083239236	0.350157273	-0.6323595	0.34231505	-0.51565821	0.373574064	-0.14779483	0.288941895	-0.16871336	0.234441618	-0.020604932	0.194903224
																				
40-50 % centrality																				
																				
pt	0-10 %		10-20 %		20-30 %		30-40 %		40-50 %		50-60 %		60-70 %		70-80 %		80-90 %		90-100 %	
3	0.055876615	0.087683762	-0.017095245	0.075474797	0.12204291	0.070633159	0.057473289	0.059685455	0.063949698	0.049315011	0.050654431	0.053097655	0.085985282	0.047706195	0.000940332	0.04091031	0.10465533	0.038294013	0.095036454	0.031503899
5	0.19749107	0.209781305	0.032811651	0.172876095	0.025294919	0.166691875	0.045151071	0.133286272	-0.052958543	0.112307642	0.059554451	0.11583925	0.063118474	0.100657977	0.089587584	0.08982965	0.26152244	0.091527239	0.072183595	0.073966306
7	-0.67266907	0.365686353	0.086969888	0.305236399	0.14776947	0.302658254	-0.4247903	0.266847351	-0.047266898	0.222062373	-0.42765685	0.228864568	0.34951042	0.223000723	0.15889633	0.169484111	-0.04767882	0.18300632	0.099535449	0.144178121
9	0.34571206	0.697341499	0.94706847	0.760737888	0.22904639	0.550215461	0.61042114	0.430835056	0.095528731	0.441833402	-0.3627913	0.277604184	0.5497155	0.432535802	0.13046194	0.401705562	0.088100619	0.256323859	0.51154325	0.293350587
15	-0.40957782	0.644024165	0.13447261	0.727942829	-0.29339094	0.612077336	-0.77851485	0.489431963	0.42337439	0.522964847	0.59837903	0.588411847	0.29028347	0.343990717	-0.25716599	0.331714402	1.1889251	0.337251764	0.40892125	0.266926045