  0.0	  2.0	0.63896	0.00517
  2.0	  4.0	0.73985	0.00399
  4.0	  6.0	0.81098	0.00313
  6.0	  8.0	0.85866	0.00259
  8.0	 10.0	0.88510	0.00223
 10.0	 12.0	0.90409	0.00201
 12.0	 14.0	0.91673	0.00183
 14.0	 16.0	0.92372	0.00173
 16.0	 18.0	0.92885	0.00163
 18.0	 20.0	0.93062	0.00158
 20.0	 22.0	0.93442	0.00155
 22.0	 24.0	0.93448	0.00155
 24.0	 26.0	0.93235	0.00153
 26.0	 28.0	0.93047	0.00156
 28.0	 30.0	0.92987	0.00158
 30.0	 32.0	0.92436	0.00162
 32.0	 34.0	0.92007	0.00170
 34.0	 36.0	0.91476	0.00174
 36.0	 38.0	0.90664	0.00185
 38.0	 40.0	0.89858	0.00194
 40.0	 42.0	0.89019	0.00205
 42.0	 44.0	0.87487	0.00219
 44.0	 46.0	0.86244	0.00233
 46.0	 48.0	0.85000	0.00252
 48.0	 50.0	0.83170	0.00272
 50.0	 52.0	0.81428	0.00292
 52.0	 54.0	0.78992	0.00321
 54.0	 56.0	0.76746	0.00347
 56.0	 58.0	0.73324	0.00376
 58.0	 60.0	0.70118	0.00416
 60.0	 62.0	0.66456	0.00454
 62.0	 64.0	0.63621	0.00524
 64.0	 66.0	0.58425	0.00570
 66.0	 68.0	0.53851	0.00612
 68.0	 70.0	0.49912	0.00740
 70.0	 72.0	0.44951	0.00805
 72.0	 74.0	0.40513	0.00967
 74.0	 76.0	0.35299	0.01083
 76.0	 78.0	0.31331	0.01249
 78.0	 80.0	0.28962	0.01606
 80.0	 82.0	0.22376	0.01702
 82.0	 84.0	0.17709	0.01649
 84.0	 86.0	0.16403	0.02620
 86.0	 88.0	0.13443	0.02718
 88.0	 90.0	0.09664	0.02445
 90.0	 92.0	0.07774	0.02977
 92.0	 94.0	0.02590	0.05124
 94.0	 96.0	0.08809	0.08541
 96.0	 98.0	0.16435	0.13731
 98.0	100.0	0.11666	0.17405
