  0.0	  5.0	0.71261	0.00266
  5.0	 10.0	0.86296	0.00159
 10.0	 15.0	0.91301	0.00119
 15.0	 20.0	0.92859	0.00103
 20.0	 25.0	0.93389	0.00098
 25.0	 30.0	0.93074	0.00099
 30.0	 35.0	0.92090	0.00106
 35.0	 40.0	0.90488	0.00119
 40.0	 45.0	0.87909	0.00136
 45.0	 50.0	0.84465	0.00162
 50.0	 55.0	0.79644	0.00197
 55.0	 60.0	0.72640	0.00244
 60.0	 65.0	0.64083	0.00316
 65.0	 70.0	0.52877	0.00409
 70.0	 75.0	0.41609	0.00576
 75.0	 80.0	0.30978	0.00826
 80.0	 85.0	0.19877	0.01132
 85.0	 90.0	0.12922	0.01589
 90.0	 95.0	0.06383	0.02108
 95.0	100.0	0.04843	0.17251
