  0.0	  1.0	0.61028	0.00765
  1.0	  2.0	0.66629	0.00700
  2.0	  3.0	0.71794	0.00612
  3.0	  4.0	0.76118	0.00524
  4.0	  5.0	0.79424	0.00465
  5.0	  6.0	0.82749	0.00422
  6.0	  7.0	0.84804	0.00382
  7.0	  8.0	0.86922	0.00350
  8.0	  9.0	0.88103	0.00327
  9.0	 10.0	0.88923	0.00303
 10.0	 11.0	0.89757	0.00289
 11.0	 12.0	0.91053	0.00278
 12.0	 13.0	0.91405	0.00264
 13.0	 14.0	0.91946	0.00252
 14.0	 15.0	0.92350	0.00248
 15.0	 16.0	0.92396	0.00241
 16.0	 17.0	0.92940	0.00234
 17.0	 18.0	0.92831	0.00228
 18.0	 19.0	0.92997	0.00225
 19.0	 20.0	0.93126	0.00222
 20.0	 21.0	0.93339	0.00221
 21.0	 22.0	0.93544	0.00218
 22.0	 23.0	0.93407	0.00220
 23.0	 24.0	0.93488	0.00219
 24.0	 25.0	0.93170	0.00217
 25.0	 26.0	0.93300	0.00217
 26.0	 27.0	0.93174	0.00221
 27.0	 28.0	0.92921	0.00221
 28.0	 29.0	0.93130	0.00222
 29.0	 30.0	0.92844	0.00225
 30.0	 31.0	0.92475	0.00226
 31.0	 32.0	0.92398	0.00233
 32.0	 33.0	0.92256	0.00238
 33.0	 34.0	0.91753	0.00243
 34.0	 35.0	0.91559	0.00243
 35.0	 36.0	0.91395	0.00251
 36.0	 37.0	0.90885	0.00257
 37.0	 38.0	0.90440	0.00267
 38.0	 39.0	0.89888	0.00271
 39.0	 40.0	0.89830	0.00279
 40.0	 41.0	0.89402	0.00283
 41.0	 42.0	0.88634	0.00297
 42.0	 43.0	0.87767	0.00306
 43.0	 44.0	0.87207	0.00315
 44.0	 45.0	0.86496	0.00321
 45.0	 46.0	0.85994	0.00338
 46.0	 47.0	0.85505	0.00347
 47.0	 48.0	0.84494	0.00364
 48.0	 49.0	0.83393	0.00378
 49.0	 50.0	0.82948	0.00390
 50.0	 51.0	0.82394	0.00407
 51.0	 52.0	0.80455	0.00417
 52.0	 53.0	0.79532	0.00441
 53.0	 54.0	0.78456	0.00466
 54.0	 55.0	0.77333	0.00480
 55.0	 56.0	0.76160	0.00503
 56.0	 57.0	0.73934	0.00520
 57.0	 58.0	0.72701	0.00543
 58.0	 59.0	0.70934	0.00577
 59.0	 60.0	0.69291	0.00599
 60.0	 61.0	0.66895	0.00618
 61.0	 62.0	0.66035	0.00669
 62.0	 63.0	0.66021	0.00736
 63.0	 64.0	0.61141	0.00745
 64.0	 65.0	0.60119	0.00793
 65.0	 66.0	0.56677	0.00820
 66.0	 67.0	0.55301	0.00855
 67.0	 68.0	0.52373	0.00877
 68.0	 69.0	0.51590	0.01047
 69.0	 70.0	0.48221	0.01044
 70.0	 71.0	0.46339	0.01112
 71.0	 72.0	0.43494	0.01167
 72.0	 73.0	0.41945	0.01318
 73.0	 74.0	0.39021	0.01422
 74.0	 75.0	0.36583	0.01559
 75.0	 76.0	0.34043	0.01505
 76.0	 77.0	0.32836	0.01692
 77.0	 78.0	0.29762	0.01853
 78.0	 79.0	0.30082	0.02253
 79.0	 80.0	0.27806	0.02289
 80.0	 81.0	0.22937	0.02361
 81.0	 82.0	0.21776	0.02454
 82.0	 83.0	0.18426	0.02248
 83.0	 84.0	0.16888	0.02426
 84.0	 85.0	0.17539	0.03730
 85.0	 86.0	0.15108	0.03659
 86.0	 87.0	0.11909	0.03044
 87.0	 88.0	0.15791	0.05498
 88.0	 89.0	0.11641	0.02642
 89.0	 90.0	0.03917	0.10939
 90.0	 91.0	0.10883	0.04760
 91.0	 92.0	0.00703	0.30507
 92.0	 93.0	0.03768	0.04597
 93.0	 94.0	0.03962	0.07393
 94.0	 95.0	0.11067	0.08625
 95.0	 96.0	0.21353	0.16690
 96.0	 97.0	0.22944	0.15255
 97.0	 98.0	0.15012	0.53503
 98.0	 99.0	0.07041	0.19138
 99.0	100.0	0.27224	0.67204
