  0.0	  5.0	0.66721	0.00277
  5.0	 10.0	0.67922	0.00261
 10.0	 15.0	0.67114	0.00259
 15.0	 20.0	0.65598	0.00263
 20.0	 25.0	0.63849	0.00277
 25.0	 30.0	0.61302	0.00296
 30.0	 35.0	0.57294	0.00314
 35.0	 40.0	0.52798	0.00346
 40.0	 45.0	0.47886	0.00387
 45.0	 50.0	0.41867	0.00458
 50.0	 55.0	0.34983	0.00548
 55.0	 60.0	0.27547	0.00709
 60.0	 65.0	0.21445	0.01029
 65.0	 70.0	0.12968	0.01440
 70.0	 75.0	0.06034	0.01935
 75.0	 80.0	0.02353	0.02737
 80.0	 85.0	0.09006	0.11723
 85.0	 90.0	0.07854	0.24639
 90.0	 95.0	0.01686	0.03351
 95.0	100.0	0.13856	0.28916
