  0.0	  2.0	0.65409	0.00448
  2.0	  4.0	0.67213	0.00437
  4.0	  6.0	0.67741	0.00416
  6.0	  8.0	0.68190	0.00412
  8.0	 10.0	0.68023	0.00412
 10.0	 12.0	0.67254	0.00404
 12.0	 14.0	0.67426	0.00415
 14.0	 16.0	0.66639	0.00418
 16.0	 18.0	0.65744	0.00413
 18.0	 20.0	0.64721	0.00415
 20.0	 22.0	0.64852	0.00437
 22.0	 24.0	0.63847	0.00439
 24.0	 26.0	0.62271	0.00448
 26.0	 28.0	0.61761	0.00468
 28.0	 30.0	0.60103	0.00473
 30.0	 32.0	0.58940	0.00488
 32.0	 34.0	0.56795	0.00499
 34.0	 36.0	0.54608	0.00513
 36.0	 38.0	0.53706	0.00548
 38.0	 40.0	0.51088	0.00561
 40.0	 42.0	0.50287	0.00599
 42.0	 44.0	0.46633	0.00606
 44.0	 46.0	0.44902	0.00678
 46.0	 48.0	0.42267	0.00698
 48.0	 50.0	0.40135	0.00764
 50.0	 52.0	0.37007	0.00809
 52.0	 54.0	0.33280	0.00854
 54.0	 56.0	0.33140	0.01072
 56.0	 58.0	0.27341	0.01069
 58.0	 60.0	0.25366	0.01211
 60.0	 62.0	0.21831	0.01351
 62.0	 64.0	0.21982	0.01675
 64.0	 66.0	0.19149	0.02485
 66.0	 68.0	0.10923	0.01592
 68.0	 70.0	0.15742	0.06701
 70.0	 72.0	0.04842	0.03081
 72.0	 74.0	0.03310	0.03943
 74.0	 76.0	0.35076	1.63326
 76.0	 78.0	0.04783	0.09097
 78.0	 80.0	0.02203	0.03919
 80.0	 82.0	0.02272	0.04807
 82.0	 84.0	0.04850	0.14863
 84.0	 86.0	0.07957	0.05057
 86.0	 88.0	0.16272	2.43560
 88.0	 90.0	0.00944	0.08508
 90.0	 92.0	0.01069	0.27461
 92.0	 94.0	0.01778	0.02923
 94.0	 96.0	0.25193	1.72721
 96.0	 98.0	0.15977	0.29417
 98.0	100.0	0.29476	0.79409
