  0.0	  1.0	0.65844	0.00657
  1.0	  2.0	0.65012	0.00613
  2.0	  3.0	0.66791	0.00627
  3.0	  4.0	0.67627	0.00608
  4.0	  5.0	0.68307	0.00592
  5.0	  6.0	0.67176	0.00584
  6.0	  7.0	0.67948	0.00581
  7.0	  8.0	0.68432	0.00584
  8.0	  9.0	0.67583	0.00576
  9.0	 10.0	0.68467	0.00589
 10.0	 11.0	0.67935	0.00581
 11.0	 12.0	0.66587	0.00562
 12.0	 13.0	0.67780	0.00594
 13.0	 14.0	0.67078	0.00579
 14.0	 15.0	0.66213	0.00586
 15.0	 16.0	0.67071	0.00596
 16.0	 17.0	0.65822	0.00588
 17.0	 18.0	0.65666	0.00580
 18.0	 19.0	0.65361	0.00587
 19.0	 20.0	0.64082	0.00587
 20.0	 21.0	0.66007	0.00633
 21.0	 22.0	0.63731	0.00604
 22.0	 23.0	0.63323	0.00604
 23.0	 24.0	0.64400	0.00637
 24.0	 25.0	0.61829	0.00616
 25.0	 26.0	0.62741	0.00653
 26.0	 27.0	0.61973	0.00671
 27.0	 28.0	0.61555	0.00654
 28.0	 29.0	0.60376	0.00663
 29.0	 30.0	0.59829	0.00674
 30.0	 31.0	0.59481	0.00690
 31.0	 32.0	0.58397	0.00691
 32.0	 33.0	0.57559	0.00701
 33.0	 34.0	0.56007	0.00712
 34.0	 35.0	0.54896	0.00715
 35.0	 36.0	0.54321	0.00735
 36.0	 37.0	0.54521	0.00770
 37.0	 38.0	0.52873	0.00781
 38.0	 39.0	0.51820	0.00788
 39.0	 40.0	0.50341	0.00798
 40.0	 41.0	0.50904	0.00843
 41.0	 42.0	0.49659	0.00852
 42.0	 43.0	0.47296	0.00839
 43.0	 44.0	0.45953	0.00876
 44.0	 45.0	0.45388	0.00924
 45.0	 46.0	0.44420	0.00998
 46.0	 47.0	0.43281	0.01012
 47.0	 48.0	0.41274	0.00964
 48.0	 49.0	0.41409	0.01058
 49.0	 50.0	0.38809	0.01105
 50.0	 51.0	0.36995	0.01063
 51.0	 52.0	0.37129	0.01244
 52.0	 53.0	0.33847	0.01157
 53.0	 54.0	0.32716	0.01264
 54.0	 55.0	0.34424	0.01513
 55.0	 56.0	0.31829	0.01519
 56.0	 57.0	0.29116	0.01479
 57.0	 58.0	0.25439	0.01547
 58.0	 59.0	0.25970	0.01681
 59.0	 60.0	0.24743	0.01746
 60.0	 61.0	0.23408	0.01833
 61.0	 62.0	0.20008	0.02005
 62.0	 63.0	0.28328	0.03400
 63.0	 64.0	0.17074	0.01826
 64.0	 65.0	0.20425	0.04254
 65.0	 66.0	0.17002	0.03049
 66.0	 67.0	0.12416	0.02507
 67.0	 68.0	0.09573	0.02057
 68.0	 69.0	0.21082	0.22919
 69.0	 70.0	0.13374	0.05953
 70.0	 71.0	0.01055	0.25787
 71.0	 72.0	0.05727	0.03165
 72.0	 73.0	0.01657	0.04586
 73.0	 74.0	0.11366	0.19950
 74.0	 75.0	0.13549	0.11854
 75.0	 76.0	0.09625	0.07681
 76.0	 77.0	0.03214	0.05453
 77.0	 78.0	0.02221	0.04202
 78.0	 79.0	0.01195	0.04349
 79.0	 80.0	0.03013	0.09248
 80.0	 81.0	0.01583	0.03104
 81.0	 82.0	0.03265	0.12813
 82.0	 83.0	0.08820	0.22485
 83.0	 84.0	0.00812	0.08168
 84.0	 85.0	0.07982	0.05393
 85.0	 86.0	0.07850	0.12146
 86.0	 87.0	0.37790	23.25631
 87.0	 88.0	0.40828	5.00456
 88.0	 89.0	0.04199	0.06315
 89.0	 90.0	0.02989	0.20826
 90.0	 91.0	0.05021	0.09446
 91.0	 92.0	0.07415	0.12117
 92.0	 93.0	0.01999	0.03851
 93.0	 94.0	0.02039	0.12811
 94.0	 95.0	0.06762	0.34079
 95.0	 96.0	0.17467	1.04241
 96.0	 97.0	0.22890	0.70116
 97.0	 98.0	0.33426	0.18403
 98.0	 99.0	0.12988	0.75483
 99.0	100.0	0.54959	0.27745
