  0.0	  2.0	0.50263	0.00394
  2.0	  4.0	0.61461	0.00305
  4.0	  6.0	0.70294	0.00245
  6.0	  8.0	0.76147	0.00206
  8.0	 10.0	0.79909	0.00180
 10.0	 12.0	0.82351	0.00162
 12.0	 14.0	0.84351	0.00149
 14.0	 16.0	0.85310	0.00140
 16.0	 18.0	0.86152	0.00133
 18.0	 20.0	0.86522	0.00129
 20.0	 22.0	0.86992	0.00127
 22.0	 24.0	0.86793	0.00126
 24.0	 26.0	0.86643	0.00127
 26.0	 28.0	0.86411	0.00129
 28.0	 30.0	0.85929	0.00131
 30.0	 32.0	0.85233	0.00136
 32.0	 34.0	0.84639	0.00141
 34.0	 36.0	0.83529	0.00147
 36.0	 38.0	0.82458	0.00154
 38.0	 40.0	0.81170	0.00162
 40.0	 42.0	0.79503	0.00170
 42.0	 44.0	0.77667	0.00181
 44.0	 46.0	0.75994	0.00193
 46.0	 48.0	0.73714	0.00205
 48.0	 50.0	0.71296	0.00221
 50.0	 52.0	0.68760	0.00234
 52.0	 54.0	0.65817	0.00255
 54.0	 56.0	0.62475	0.00270
 56.0	 58.0	0.59282	0.00292
 58.0	 60.0	0.56017	0.00318
 60.0	 62.0	0.52170	0.00345
 62.0	 64.0	0.48376	0.00379
 64.0	 66.0	0.44724	0.00423
 66.0	 68.0	0.40359	0.00468
 68.0	 70.0	0.35097	0.00506
 70.0	 72.0	0.31670	0.00594
 72.0	 74.0	0.27176	0.00655
 74.0	 76.0	0.23911	0.00738
 76.0	 78.0	0.18972	0.00836
 78.0	 80.0	0.16206	0.00954
 80.0	 82.0	0.13746	0.01255
 82.0	 84.0	0.10625	0.01621
 84.0	 86.0	0.03404	0.03444
 86.0	 88.0	0.07192	0.02658
 88.0	 90.0	0.06434	0.04248
 90.0	 92.0	0.08852	0.05886
 92.0	 94.0	0.03303	0.05206
 94.0	 96.0	0.06681	0.05547
 96.0	 98.0	0.14736	0.21519
 98.0	100.0	0.13202	0.81778
