  0.0	  5.0	0.58753	0.00205
  5.0	 10.0	0.76945	0.00127
 10.0	 15.0	0.83672	0.00097
 15.0	 20.0	0.86211	0.00084
 20.0	 25.0	0.86861	0.00080
 25.0	 30.0	0.86247	0.00082
 30.0	 35.0	0.84723	0.00089
 35.0	 40.0	0.82095	0.00099
 40.0	 45.0	0.78182	0.00113
 45.0	 50.0	0.73112	0.00132
 50.0	 55.0	0.66526	0.00157
 55.0	 60.0	0.58486	0.00189
 60.0	 65.0	0.49429	0.00234
 65.0	 70.0	0.39060	0.00300
 70.0	 75.0	0.28889	0.00405
 75.0	 80.0	0.18487	0.00539
 80.0	 85.0	0.11470	0.00929
 85.0	 90.0	0.02216	0.04950
 90.0	 95.0	0.04817	0.03093
 95.0	100.0	0.29388	0.50629
