  0.0	  1.0	0.47750	0.00595
  1.0	  2.0	0.52646	0.00525
  2.0	  3.0	0.58718	0.00459
  3.0	  4.0	0.64056	0.00407
  4.0	  5.0	0.68171	0.00360
  5.0	  6.0	0.72360	0.00332
  6.0	  7.0	0.75124	0.00302
  7.0	  8.0	0.77158	0.00282
  8.0	  9.0	0.79030	0.00262
  9.0	 10.0	0.80777	0.00248
 10.0	 11.0	0.81945	0.00236
 11.0	 12.0	0.82753	0.00223
 12.0	 13.0	0.83798	0.00212
 13.0	 14.0	0.84906	0.00209
 14.0	 15.0	0.84926	0.00201
 15.0	 16.0	0.85697	0.00195
 16.0	 17.0	0.86244	0.00190
 17.0	 18.0	0.86062	0.00187
 18.0	 19.0	0.86151	0.00186
 19.0	 20.0	0.86888	0.00180
 20.0	 21.0	0.86769	0.00182
 21.0	 22.0	0.87212	0.00178
 22.0	 23.0	0.86585	0.00180
 23.0	 24.0	0.87000	0.00178
 24.0	 25.0	0.86734	0.00180
 25.0	 26.0	0.86552	0.00180
 26.0	 27.0	0.86474	0.00183
 27.0	 28.0	0.86348	0.00183
 28.0	 29.0	0.85939	0.00184
 29.0	 30.0	0.85920	0.00187
 30.0	 31.0	0.85312	0.00190
 31.0	 32.0	0.85153	0.00194
 32.0	 33.0	0.84887	0.00197
 33.0	 34.0	0.84384	0.00203
 34.0	 35.0	0.83860	0.00205
 35.0	 36.0	0.83199	0.00210
 36.0	 37.0	0.82435	0.00215
 37.0	 38.0	0.82482	0.00221
 38.0	 39.0	0.81408	0.00227
 39.0	 40.0	0.80933	0.00231
 40.0	 41.0	0.79970	0.00239
 41.0	 42.0	0.79030	0.00243
 42.0	 43.0	0.78011	0.00254
 43.0	 44.0	0.77321	0.00259
 44.0	 45.0	0.76506	0.00269
 45.0	 46.0	0.75475	0.00277
 46.0	 47.0	0.74155	0.00284
 47.0	 48.0	0.73270	0.00295
 48.0	 49.0	0.71533	0.00306
 49.0	 50.0	0.71059	0.00318
 50.0	 51.0	0.69380	0.00325
 51.0	 52.0	0.68137	0.00338
 52.0	 53.0	0.66507	0.00352
 53.0	 54.0	0.65126	0.00369
 54.0	 55.0	0.63307	0.00375
 55.0	 56.0	0.61633	0.00389
 56.0	 57.0	0.59929	0.00405
 57.0	 58.0	0.58619	0.00422
 58.0	 59.0	0.56621	0.00439
 59.0	 60.0	0.55409	0.00460
 60.0	 61.0	0.53378	0.00482
 61.0	 62.0	0.50935	0.00494
 62.0	 63.0	0.49242	0.00524
 63.0	 64.0	0.47485	0.00549
 64.0	 65.0	0.45691	0.00582
 65.0	 66.0	0.43731	0.00615
 66.0	 67.0	0.41545	0.00641
 67.0	 68.0	0.39126	0.00684
 68.0	 69.0	0.36383	0.00706
 69.0	 70.0	0.33788	0.00726
 70.0	 71.0	0.33437	0.00813
 71.0	 72.0	0.29782	0.00868
 72.0	 73.0	0.27578	0.00880
 73.0	 74.0	0.26791	0.00981
 74.0	 75.0	0.26271	0.01036
 75.0	 76.0	0.21423	0.01054
 76.0	 77.0	0.18821	0.01134
 77.0	 78.0	0.19149	0.01237
 78.0	 79.0	0.15570	0.01294
 79.0	 80.0	0.16854	0.01421
 80.0	 81.0	0.16789	0.01817
 81.0	 82.0	0.10240	0.01869
 82.0	 83.0	0.10087	0.02026
 83.0	 84.0	0.11059	0.02688
 84.0	 85.0	0.06594	0.02991
 85.0	 86.0	0.03938	0.03900
 86.0	 87.0	0.00973	0.19946
 87.0	 88.0	0.13192	0.05456
 88.0	 89.0	0.07099	0.05115
 89.0	 90.0	0.05556	0.07558
 90.0	 91.0	0.04714	0.10345
 91.0	 92.0	0.11227	0.08594
 92.0	 93.0	0.00583	0.04535
 93.0	 94.0	0.07402	0.10384
 94.0	 95.0	0.06447	0.05465
 95.0	 96.0	0.06865	0.17301
 96.0	 97.0	0.17789	0.25654
 97.0	 98.0	0.38375	0.57174
 98.0	 99.0	0.12514	0.37737
 99.0	100.0	0.10100	0.57690
