  0.0	  1.0	0.50511	0.00507
  1.0	  2.0	0.50404	0.00488
  2.0	  3.0	0.51545	0.00477
  3.0	  4.0	0.52591	0.00473
  4.0	  5.0	0.53451	0.00467
  5.0	  6.0	0.52542	0.00456
  6.0	  7.0	0.52276	0.00458
  7.0	  8.0	0.53510	0.00459
  8.0	  9.0	0.52782	0.00457
  9.0	 10.0	0.52958	0.00451
 10.0	 11.0	0.53052	0.00459
 11.0	 12.0	0.51756	0.00461
 12.0	 13.0	0.51763	0.00456
 13.0	 14.0	0.51865	0.00463
 14.0	 15.0	0.51186	0.00459
 15.0	 16.0	0.51389	0.00468
 16.0	 17.0	0.50907	0.00468
 17.0	 18.0	0.50648	0.00464
 18.0	 19.0	0.50026	0.00467
 19.0	 20.0	0.48581	0.00471
 20.0	 21.0	0.49497	0.00484
 21.0	 22.0	0.48578	0.00477
 22.0	 23.0	0.47743	0.00483
 23.0	 24.0	0.47373	0.00494
 24.0	 25.0	0.47631	0.00502
 25.0	 26.0	0.46786	0.00493
 26.0	 27.0	0.45394	0.00513
 27.0	 28.0	0.45735	0.00517
 28.0	 29.0	0.45289	0.00531
 29.0	 30.0	0.44607	0.00537
 30.0	 31.0	0.43262	0.00532
 31.0	 32.0	0.43314	0.00553
 32.0	 33.0	0.42458	0.00560
 33.0	 34.0	0.41086	0.00568
 34.0	 35.0	0.40700	0.00583
 35.0	 36.0	0.40712	0.00590
 36.0	 37.0	0.40101	0.00611
 37.0	 38.0	0.39554	0.00614
 38.0	 39.0	0.38425	0.00637
 39.0	 40.0	0.36359	0.00628
 40.0	 41.0	0.36009	0.00657
 41.0	 42.0	0.34401	0.00653
 42.0	 43.0	0.34833	0.00679
 43.0	 44.0	0.33406	0.00694
 44.0	 45.0	0.31383	0.00720
 45.0	 46.0	0.31779	0.00750
 46.0	 47.0	0.29180	0.00757
 47.0	 48.0	0.29538	0.00795
 48.0	 49.0	0.28513	0.00828
 49.0	 50.0	0.28688	0.00903
 50.0	 51.0	0.26563	0.00919
 51.0	 52.0	0.23870	0.00903
 52.0	 53.0	0.23920	0.00987
 53.0	 54.0	0.20365	0.00980
 54.0	 55.0	0.22692	0.01071
 55.0	 56.0	0.20725	0.01166
 56.0	 57.0	0.20785	0.01294
 57.0	 58.0	0.17691	0.01247
 58.0	 59.0	0.14897	0.01162
 59.0	 60.0	0.17644	0.01515
 60.0	 61.0	0.13051	0.01322
 61.0	 62.0	0.13507	0.01467
 62.0	 63.0	0.14037	0.01998
 63.0	 64.0	0.13415	0.02230
 64.0	 65.0	0.14236	0.02328
 65.0	 66.0	0.09464	0.02443
 66.0	 67.0	0.12172	0.02356
 67.0	 68.0	0.06942	0.02512
 68.0	 69.0	0.08148	0.02445
 69.0	 70.0	0.04157	0.11537
 70.0	 71.0	0.07010	0.02531
 71.0	 72.0	0.05903	0.21725
 72.0	 73.0	0.02986	0.03902
 73.0	 74.0	9.62578	333083.39440
 74.0	 75.0	0.06170	0.06816
 75.0	 76.0	0.00792	0.03652
 76.0	 77.0	0.01053	0.06383
 77.0	 78.0	0.03706	0.04999
 78.0	 79.0	0.02625	0.03854
 79.0	 80.0	0.07011	0.28862
 80.0	 81.0	0.04189	0.10517
 81.0	 82.0	0.01934	0.07725
 82.0	 83.0	0.02532	0.09791
 83.0	 84.0	0.00869	0.03233
 84.0	 85.0	0.15649	24.56073
 85.0	 86.0	0.21921	0.46981
 86.0	 87.0	0.04285	0.04465
 87.0	 88.0	0.06951	0.24647
 88.0	 89.0	0.01283	0.04133
 89.0	 90.0	0.24064	0.60176
 90.0	 91.0	0.05427	0.11978
 91.0	 92.0	0.13683	0.81088
 92.0	 93.0	0.20163	0.53294
 93.0	 94.0	0.01072	0.05330
 94.0	 95.0	0.25518	1.48791
 95.0	 96.0	0.05535	0.08662
 96.0	 97.0	0.14584	0.11093
 97.0	 98.0	0.23759	0.16411
 98.0	 99.0	0.12270	1.57249
 99.0	100.0	0.22215	0.17117
