  0.0	  2.0	0.50453	0.00352
  2.0	  4.0	0.52072	0.00336
  4.0	  6.0	0.52993	0.00327
  6.0	  8.0	0.52893	0.00324
  8.0	 10.0	0.52874	0.00321
 10.0	 12.0	0.52406	0.00325
 12.0	 14.0	0.51814	0.00325
 14.0	 16.0	0.51286	0.00327
 16.0	 18.0	0.50778	0.00330
 18.0	 20.0	0.49303	0.00331
 20.0	 22.0	0.49034	0.00340
 22.0	 24.0	0.47559	0.00346
 24.0	 26.0	0.47207	0.00352
 26.0	 28.0	0.45565	0.00364
 28.0	 30.0	0.44948	0.00377
 30.0	 32.0	0.43286	0.00384
 32.0	 34.0	0.41782	0.00399
 34.0	 36.0	0.40706	0.00415
 36.0	 38.0	0.39830	0.00433
 38.0	 40.0	0.37392	0.00447
 40.0	 42.0	0.35216	0.00463
 42.0	 44.0	0.34128	0.00485
 44.0	 46.0	0.31576	0.00519
 46.0	 48.0	0.29352	0.00548
 48.0	 50.0	0.28587	0.00610
 50.0	 52.0	0.25225	0.00644
 52.0	 54.0	0.22169	0.00695
 54.0	 56.0	0.21733	0.00789
 56.0	 58.0	0.19262	0.00898
 58.0	 60.0	0.16086	0.00922
 60.0	 62.0	0.13286	0.00977
 62.0	 64.0	0.13729	0.01487
 64.0	 66.0	0.11990	0.01688
 66.0	 68.0	0.09751	0.01716
 68.0	 70.0	0.06662	0.02637
 70.0	 72.0	0.06555	0.02774
 72.0	 74.0	0.01161	0.08065
 74.0	 76.0	0.02545	0.02953
 76.0	 78.0	0.02222	0.03061
 78.0	 80.0	0.02549	0.03553
 80.0	 82.0	0.04467	0.45762
 82.0	 84.0	0.03265	0.08019
 84.0	 86.0	0.12081	0.37918
 86.0	 88.0	0.05135	0.05152
 88.0	 90.0	0.07356	0.06923
 90.0	 92.0	0.04071	0.12059
 92.0	 94.0	0.08116	0.10208
 94.0	 96.0	0.06116	0.19810
 96.0	 98.0	0.14205	0.32559
 98.0	100.0	0.21808	0.28348
