  0.0	  5.0	0.51715	0.00216
  5.0	 10.0	0.52816	0.00204
 10.0	 15.0	0.51926	0.00206
 15.0	 20.0	0.50312	0.00209
 20.0	 25.0	0.48167	0.00218
 25.0	 30.0	0.45569	0.00231
 30.0	 35.0	0.42183	0.00250
 35.0	 40.0	0.39053	0.00275
 40.0	 45.0	0.34045	0.00304
 45.0	 50.0	0.29543	0.00358
 50.0	 55.0	0.23537	0.00432
 55.0	 60.0	0.18352	0.00563
 60.0	 65.0	0.13436	0.00773
 65.0	 70.0	0.08817	0.01205
 70.0	 75.0	0.05756	0.02603
 75.0	 80.0	0.01888	0.01849
 80.0	 85.0	0.03851	0.17454
 85.0	 90.0	0.04128	0.03836
 90.0	 95.0	0.03902	0.05809
 95.0	100.0	0.08391	0.25400
