  0.0	  2.0	0.50570	0.00397
  2.0	  4.0	0.61799	0.00307
  4.0	  6.0	0.70448	0.00245
  6.0	  8.0	0.76227	0.00207
  8.0	 10.0	0.79942	0.00181
 10.0	 12.0	0.82706	0.00163
 12.0	 14.0	0.84232	0.00149
 14.0	 16.0	0.85536	0.00140
 16.0	 18.0	0.86203	0.00133
 18.0	 20.0	0.86774	0.00130
 20.0	 22.0	0.86950	0.00127
 22.0	 24.0	0.87059	0.00127
 24.0	 26.0	0.86979	0.00128
 26.0	 28.0	0.86435	0.00129
 28.0	 30.0	0.86267	0.00132
 30.0	 32.0	0.85573	0.00136
 32.0	 34.0	0.84675	0.00142
 34.0	 36.0	0.84027	0.00148
 36.0	 38.0	0.82631	0.00155
 38.0	 40.0	0.81647	0.00163
 40.0	 42.0	0.79836	0.00171
 42.0	 44.0	0.78455	0.00183
 44.0	 46.0	0.76487	0.00194
 46.0	 48.0	0.74355	0.00206
 48.0	 50.0	0.71729	0.00222
 50.0	 52.0	0.69241	0.00236
 52.0	 54.0	0.66020	0.00255
 54.0	 56.0	0.63558	0.00275
 56.0	 58.0	0.59846	0.00295
 58.0	 60.0	0.56414	0.00320
 60.0	 62.0	0.52093	0.00344
 62.0	 64.0	0.48348	0.00379
 64.0	 66.0	0.43801	0.00414
 66.0	 68.0	0.39139	0.00454
 68.0	 70.0	0.35541	0.00512
 70.0	 72.0	0.30881	0.00579
 72.0	 74.0	0.27386	0.00660
 74.0	 76.0	0.23484	0.00725
 76.0	 78.0	0.19515	0.00860
 78.0	 80.0	0.16731	0.00985
 80.0	 82.0	0.11780	0.01075
 82.0	 84.0	0.09208	0.01405
 84.0	 86.0	0.03350	0.03389
 86.0	 88.0	0.04959	0.01833
 88.0	 90.0	0.03298	0.02177
 90.0	 92.0	0.04743	0.03154
 92.0	 94.0	0.03649	0.05753
 94.0	 96.0	0.05524	0.04586
 96.0	 98.0	0.20521	0.29967
 98.0	100.0	0.33512	2.07589
