  0.0	  5.0	0.59235	0.00206
  5.0	 10.0	0.76871	0.00127
 10.0	 15.0	0.83850	0.00097
 15.0	 20.0	0.86339	0.00084
 20.0	 25.0	0.86988	0.00080
 25.0	 30.0	0.86489	0.00082
 30.0	 35.0	0.84983	0.00089
 35.0	 40.0	0.82444	0.00099
 40.0	 45.0	0.78745	0.00114
 45.0	 50.0	0.73621	0.00133
 50.0	 55.0	0.66993	0.00158
 55.0	 60.0	0.59119	0.00191
 60.0	 65.0	0.49221	0.00233
 65.0	 70.0	0.38525	0.00296
 70.0	 75.0	0.28070	0.00393
 75.0	 80.0	0.19446	0.00567
 80.0	 85.0	0.09914	0.00803
 85.0	 90.0	0.01588	0.03549
 90.0	 95.0	0.04053	0.02602
 95.0	100.0	0.04708	0.08110
