  0.0	  1.0	0.47907	0.00597
  1.0	  2.0	0.53088	0.00529
  2.0	  3.0	0.59294	0.00464
  3.0	  4.0	0.64181	0.00407
  4.0	  5.0	0.69174	0.00365
  5.0	  6.0	0.71714	0.00329
  6.0	  7.0	0.75059	0.00302
  7.0	  8.0	0.77379	0.00282
  8.0	  9.0	0.79121	0.00262
  9.0	 10.0	0.80754	0.00248
 10.0	 11.0	0.82255	0.00237
 11.0	 12.0	0.83151	0.00224
 12.0	 13.0	0.83955	0.00212
 13.0	 14.0	0.84510	0.00208
 14.0	 15.0	0.85349	0.00202
 15.0	 16.0	0.85724	0.00195
 16.0	 17.0	0.86070	0.00189
 17.0	 18.0	0.86335	0.00187
 18.0	 19.0	0.86793	0.00187
 19.0	 20.0	0.86757	0.00180
 20.0	 21.0	0.86904	0.00182
 21.0	 22.0	0.86995	0.00177
 22.0	 23.0	0.87063	0.00181
 23.0	 24.0	0.87055	0.00178
 24.0	 25.0	0.86921	0.00181
 25.0	 26.0	0.87037	0.00181
 26.0	 27.0	0.86471	0.00183
 27.0	 28.0	0.86399	0.00183
 28.0	 29.0	0.86390	0.00185
 29.0	 30.0	0.86144	0.00187
 30.0	 31.0	0.85795	0.00191
 31.0	 32.0	0.85350	0.00194
 32.0	 33.0	0.84814	0.00197
 33.0	 34.0	0.84532	0.00204
 34.0	 35.0	0.84408	0.00207
 35.0	 36.0	0.83648	0.00211
 36.0	 37.0	0.82987	0.00217
 37.0	 38.0	0.82270	0.00221
 38.0	 39.0	0.81766	0.00228
 39.0	 40.0	0.81529	0.00233
 40.0	 41.0	0.80114	0.00239
 41.0	 42.0	0.79556	0.00245
 42.0	 43.0	0.78981	0.00257
 43.0	 44.0	0.77927	0.00261
 44.0	 45.0	0.77093	0.00271
 45.0	 46.0	0.75872	0.00278
 46.0	 47.0	0.75252	0.00288
 47.0	 48.0	0.73451	0.00296
 48.0	 49.0	0.72352	0.00310
 49.0	 50.0	0.71097	0.00318
 50.0	 51.0	0.70029	0.00328
 51.0	 52.0	0.68447	0.00339
 52.0	 53.0	0.66891	0.00354
 53.0	 54.0	0.65141	0.00369
 54.0	 55.0	0.64284	0.00381
 55.0	 56.0	0.62826	0.00396
 56.0	 57.0	0.60729	0.00410
 57.0	 58.0	0.58939	0.00425
 58.0	 59.0	0.57292	0.00445
 59.0	 60.0	0.55520	0.00461
 60.0	 61.0	0.52696	0.00476
 61.0	 62.0	0.51480	0.00499
 62.0	 63.0	0.49393	0.00526
 63.0	 64.0	0.47272	0.00546
 64.0	 65.0	0.44797	0.00571
 65.0	 66.0	0.42777	0.00601
 66.0	 67.0	0.41132	0.00635
 67.0	 68.0	0.37088	0.00649
 68.0	 69.0	0.36333	0.00705
 69.0	 70.0	0.34741	0.00746
 70.0	 71.0	0.31369	0.00763
 71.0	 72.0	0.30440	0.00888
 72.0	 73.0	0.28298	0.00903
 73.0	 74.0	0.26433	0.00968
 74.0	 75.0	0.23296	0.00919
 75.0	 76.0	0.23952	0.01178
 76.0	 77.0	0.20414	0.01230
 77.0	 78.0	0.18615	0.01203
 78.0	 79.0	0.16439	0.01366
 79.0	 80.0	0.16969	0.01431
 80.0	 81.0	0.13441	0.01454
 81.0	 82.0	0.09474	0.01729
 82.0	 83.0	0.11093	0.02229
 83.0	 84.0	0.07502	0.01824
 84.0	 85.0	0.05872	0.02664
 85.0	 86.0	0.04243	0.04202
 86.0	 87.0	0.00849	0.17393
 87.0	 88.0	0.05677	0.02348
 88.0	 89.0	0.03850	0.02774
 89.0	 90.0	0.02629	0.03576
 90.0	 91.0	0.02163	0.04746
 91.0	 92.0	0.06931	0.05305
 92.0	 93.0	0.06780	0.52779
 93.0	 94.0	0.03079	0.04319
 94.0	 95.0	0.10637	0.09016
 95.0	 96.0	0.02647	0.06670
 96.0	 97.0	0.16560	0.23883
 97.0	 98.0	0.08389	0.12499
 98.0	 99.0	0.38062	1.14778
 99.0	100.0	0.11493	0.65649
