  0.0	  5.0	0.51699	0.00216
  5.0	 10.0	0.52993	0.00205
 10.0	 15.0	0.51938	0.00206
 15.0	 20.0	0.50486	0.00210
 20.0	 25.0	0.48463	0.00220
 25.0	 30.0	0.45812	0.00233
 30.0	 35.0	0.42542	0.00252
 35.0	 40.0	0.38915	0.00274
 40.0	 45.0	0.34985	0.00312
 45.0	 50.0	0.29544	0.00358
 50.0	 55.0	0.24329	0.00447
 55.0	 60.0	0.18474	0.00567
 60.0	 65.0	0.12467	0.00717
 65.0	 70.0	0.08041	0.01099
 70.0	 75.0	0.04389	0.01985
 75.0	 80.0	0.06063	0.05937
 80.0	 85.0	0.00445	0.02016
 85.0	 90.0	0.04287	0.03984
 90.0	 95.0	0.03056	0.04550
 95.0	100.0	0.01996	0.06042
