  0.0	  2.0	0.50717	0.00354
  2.0	  4.0	0.52315	0.00337
  4.0	  6.0	0.53011	0.00327
  6.0	  8.0	0.52658	0.00323
  8.0	 10.0	0.53023	0.00322
 10.0	 12.0	0.51788	0.00322
 12.0	 14.0	0.52029	0.00326
 14.0	 16.0	0.51784	0.00331
 16.0	 18.0	0.50636	0.00329
 18.0	 20.0	0.49824	0.00335
 20.0	 22.0	0.49042	0.00340
 22.0	 24.0	0.48407	0.00352
 24.0	 26.0	0.47802	0.00356
 26.0	 28.0	0.45985	0.00367
 28.0	 30.0	0.44397	0.00373
 30.0	 32.0	0.43934	0.00389
 32.0	 34.0	0.42254	0.00403
 34.0	 36.0	0.40300	0.00410
 36.0	 38.0	0.39235	0.00427
 38.0	 40.0	0.37841	0.00453
 40.0	 42.0	0.36054	0.00474
 42.0	 44.0	0.34779	0.00494
 44.0	 46.0	0.32725	0.00538
 46.0	 48.0	0.30207	0.00564
 48.0	 50.0	0.27400	0.00585
 50.0	 52.0	0.25966	0.00663
 52.0	 54.0	0.23984	0.00752
 54.0	 56.0	0.21008	0.00762
 56.0	 58.0	0.18509	0.00863
 58.0	 60.0	0.17343	0.00994
 60.0	 62.0	0.15457	0.01136
 62.0	 64.0	0.10250	0.01110
 64.0	 66.0	0.09575	0.01348
 66.0	 68.0	0.10600	0.01866
 68.0	 70.0	0.04710	0.01864
 70.0	 72.0	0.05058	0.02140
 72.0	 74.0	0.13668	0.94935
 74.0	 76.0	0.04671	0.05420
 76.0	 78.0	0.06876	0.09471
 78.0	 80.0	0.05983	0.08340
 80.0	 82.0	0.00264	0.02703
 82.0	 84.0	0.01537	0.03776
 84.0	 86.0	0.02436	0.07647
 86.0	 88.0	0.03069	0.03080
 88.0	 90.0	0.03923	0.03692
 90.0	 92.0	0.05344	0.15829
 92.0	 94.0	0.03620	0.04554
 94.0	 96.0	0.14717	0.47666
 96.0	 98.0	0.02367	0.05425
 98.0	100.0	0.07323	0.09520
