  0.0	  1.0	0.50029	0.00502
  1.0	  2.0	0.51396	0.00498
  2.0	  3.0	0.52441	0.00485
  3.0	  4.0	0.52195	0.00470
  4.0	  5.0	0.52411	0.00458
  5.0	  6.0	0.53615	0.00466
  6.0	  7.0	0.52755	0.00462
  7.0	  8.0	0.52565	0.00451
  8.0	  9.0	0.52259	0.00453
  9.0	 10.0	0.53791	0.00458
 10.0	 11.0	0.52430	0.00454
 11.0	 12.0	0.51142	0.00456
 12.0	 13.0	0.51984	0.00458
 13.0	 14.0	0.52073	0.00465
 14.0	 15.0	0.52064	0.00467
 15.0	 16.0	0.51501	0.00469
 16.0	 17.0	0.50860	0.00468
 17.0	 18.0	0.50414	0.00462
 18.0	 19.0	0.50386	0.00470
 19.0	 20.0	0.49261	0.00477
 20.0	 21.0	0.48889	0.00478
 21.0	 22.0	0.49195	0.00483
 22.0	 23.0	0.49009	0.00496
 23.0	 24.0	0.47801	0.00499
 24.0	 25.0	0.47405	0.00500
 25.0	 26.0	0.48203	0.00508
 26.0	 27.0	0.46267	0.00523
 27.0	 28.0	0.45707	0.00517
 28.0	 29.0	0.44598	0.00523
 29.0	 30.0	0.44197	0.00532
 30.0	 31.0	0.45067	0.00554
 31.0	 32.0	0.42799	0.00547
 32.0	 33.0	0.42332	0.00559
 33.0	 34.0	0.42175	0.00583
 34.0	 35.0	0.40234	0.00576
 35.0	 36.0	0.40366	0.00585
 36.0	 37.0	0.39409	0.00601
 37.0	 38.0	0.39057	0.00607
 38.0	 39.0	0.38106	0.00631
 39.0	 40.0	0.37567	0.00649
 40.0	 41.0	0.35540	0.00648
 41.0	 42.0	0.36613	0.00695
 42.0	 43.0	0.35621	0.00694
 43.0	 44.0	0.33919	0.00704
 44.0	 45.0	0.33173	0.00761
 45.0	 46.0	0.32271	0.00761
 46.0	 47.0	0.30609	0.00794
 47.0	 48.0	0.29795	0.00802
 48.0	 49.0	0.28493	0.00827
 49.0	 50.0	0.26280	0.00827
 50.0	 51.0	0.25758	0.00891
 51.0	 52.0	0.26221	0.00992
 52.0	 53.0	0.23947	0.00988
 53.0	 54.0	0.24101	0.01160
 54.0	 55.0	0.21556	0.01017
 55.0	 56.0	0.20463	0.01152
 56.0	 57.0	0.18169	0.01131
 57.0	 58.0	0.18944	0.01335
 58.0	 59.0	0.18704	0.01459
 59.0	 60.0	0.15830	0.01359
 60.0	 61.0	0.15107	0.01530
 61.0	 62.0	0.15814	0.01717
 62.0	 63.0	0.10524	0.01498
 63.0	 64.0	0.09963	0.01656
 64.0	 65.0	0.10158	0.01661
 65.0	 66.0	0.08969	0.02316
 66.0	 67.0	0.11075	0.02144
 67.0	 68.0	0.10382	0.03757
 68.0	 69.0	0.08458	0.02538
 69.0	 70.0	0.01361	0.03779
 70.0	 71.0	0.08725	0.03150
 71.0	 72.0	0.00833	0.03064
 72.0	 73.0	0.05098	0.06661
 73.0	 74.0	0.00017	5.93706
 74.0	 75.0	0.04558	0.05036
 75.0	 76.0	0.04654	0.21454
 76.0	 77.0	0.14251	0.86405
 77.0	 78.0	0.04197	0.05661
 78.0	 79.0	0.09050	0.13288
 79.0	 80.0	0.00989	0.04070
 80.0	 81.0	0.01497	0.03760
 81.0	 82.0	0.02073	0.08283
 82.0	 83.0	0.01588	0.06143
 83.0	 84.0	0.06996	0.26041
 84.0	 85.0	0.00072	0.11245
 85.0	 86.0	0.02777	0.05952
 86.0	 87.0	0.05549	0.05782
 87.0	 88.0	0.01028	0.03646
 88.0	 89.0	0.07625	0.24556
 89.0	 90.0	0.02939	0.07349
 90.0	 91.0	0.04080	0.09004
 91.0	 92.0	0.01558	0.09232
 92.0	 93.0	0.02874	0.07596
 93.0	 94.0	0.07902	0.39304
 94.0	 95.0	0.04247	0.24765
 95.0	 96.0	0.10492	0.16421
 96.0	 97.0	0.11844	0.09009
 97.0	 98.0	0.13208	0.09123
 98.0	 99.0	0.01283	0.16445
 99.0	100.0	0.69565	0.53600
