  0.0	  5.0	0.52554	0.00183
  5.0	 10.0	0.71280	0.00118
 10.0	 15.0	0.79539	0.00092
 15.0	 20.0	0.83057	0.00081
 20.0	 25.0	0.84239	0.00078
 25.0	 30.0	0.84027	0.00080
 30.0	 35.0	0.82725	0.00086
 35.0	 40.0	0.80215	0.00096
 40.0	 45.0	0.76664	0.00111
 45.0	 50.0	0.71797	0.00130
 50.0	 55.0	0.65396	0.00154
 55.0	 60.0	0.57631	0.00186
 60.0	 65.0	0.49124	0.00233
 65.0	 70.0	0.39909	0.00307
 70.0	 75.0	0.30522	0.00428
 75.0	 80.0	0.22387	0.00653
 80.0	 85.0	0.17158	0.01389
 85.0	 90.0	0.64077	1.43154
 90.0	 95.0	0.10705	0.06874
 95.0	100.0	0.04277	0.07368
