  0.0	  2.0	0.43384	0.00347
  2.0	  4.0	0.52337	0.00270
  4.0	  6.0	0.60702	0.00223
  6.0	  8.0	0.67102	0.00191
  8.0	 10.0	0.71486	0.00171
 10.0	 12.0	0.74479	0.00156
 12.0	 14.0	0.76951	0.00145
 14.0	 16.0	0.78399	0.00138
 16.0	 18.0	0.79580	0.00132
 18.0	 20.0	0.80206	0.00129
 20.0	 22.0	0.80697	0.00127
 22.0	 24.0	0.80832	0.00127
 24.0	 26.0	0.81007	0.00127
 26.0	 28.0	0.80765	0.00130
 28.0	 30.0	0.80541	0.00132
 30.0	 32.0	0.79850	0.00137
 32.0	 34.0	0.78901	0.00142
 34.0	 36.0	0.78367	0.00146
 36.0	 38.0	0.76860	0.00154
 38.0	 40.0	0.75498	0.00161
 40.0	 42.0	0.74198	0.00170
 42.0	 44.0	0.72322	0.00180
 44.0	 46.0	0.70459	0.00190
 46.0	 48.0	0.68412	0.00203
 48.0	 50.0	0.65688	0.00216
 50.0	 52.0	0.63576	0.00230
 52.0	 54.0	0.60291	0.00248
 54.0	 56.0	0.57320	0.00264
 56.0	 58.0	0.54411	0.00285
 58.0	 60.0	0.50054	0.00306
 60.0	 62.0	0.47179	0.00336
 62.0	 64.0	0.43899	0.00369
 64.0	 66.0	0.40483	0.00406
 66.0	 68.0	0.37379	0.00460
 68.0	 70.0	0.33307	0.00523
 70.0	 72.0	0.30924	0.00600
 72.0	 74.0	0.25808	0.00683
 74.0	 76.0	0.24347	0.00801
 76.0	 78.0	0.21067	0.00998
 78.0	 80.0	0.19806	0.01241
 80.0	 82.0	0.15828	0.01574
 82.0	 84.0	0.13533	0.02328
 84.0	 86.0	0.11272	0.04449
 86.0	 88.0	0.13002	0.06475
 88.0	 90.0	0.12998	0.09246
 90.0	 92.0	1.48622	191.18305
 92.0	 94.0	0.08432	0.04996
 94.0	 96.0	0.06221	0.13892
 96.0	 98.0	0.06702	0.07949
 98.0	100.0	0.01005	0.26657
