  0.0	  2.0	0.44390	0.00348
  2.0	  4.0	0.54864	0.00273
  4.0	  6.0	0.63983	0.00223
  6.0	  8.0	0.70215	0.00190
  8.0	 10.0	0.74842	0.00169
 10.0	 12.0	0.77735	0.00153
 12.0	 14.0	0.80347	0.00142
 14.0	 16.0	0.81890	0.00134
 16.0	 18.0	0.82969	0.00128
 18.0	 20.0	0.83512	0.00125
 20.0	 22.0	0.84138	0.00123
 22.0	 24.0	0.84343	0.00123
 24.0	 26.0	0.84192	0.00124
 26.0	 28.0	0.84172	0.00126
 28.0	 30.0	0.83820	0.00128
 30.0	 32.0	0.83301	0.00133
 32.0	 34.0	0.82580	0.00138
 34.0	 36.0	0.81679	0.00144
 36.0	 38.0	0.80586	0.00151
 38.0	 40.0	0.79184	0.00158
 40.0	 42.0	0.78090	0.00167
 42.0	 44.0	0.76264	0.00178
 44.0	 46.0	0.74353	0.00189
 46.0	 48.0	0.72605	0.00202
 48.0	 50.0	0.69762	0.00216
 50.0	 52.0	0.67569	0.00230
 52.0	 54.0	0.64657	0.00250
 54.0	 56.0	0.61587	0.00266
 56.0	 58.0	0.58701	0.00289
 58.0	 60.0	0.54859	0.00311
 60.0	 62.0	0.51958	0.00343
 62.0	 64.0	0.48159	0.00377
 64.0	 66.0	0.44002	0.00416
 66.0	 68.0	0.40603	0.00471
 68.0	 70.0	0.37570	0.00542
 70.0	 72.0	0.32409	0.00607
 72.0	 74.0	0.29530	0.00712
 74.0	 76.0	0.26197	0.00809
 76.0	 78.0	0.23338	0.01029
 78.0	 80.0	0.20874	0.01229
 80.0	 82.0	0.18903	0.01726
 82.0	 84.0	0.15122	0.02307
 84.0	 86.0	0.39426	0.39891
 86.0	 88.0	0.21041	0.07777
 88.0	 90.0	0.20908	0.13803
 90.0	 92.0	0.06307	0.04194
 92.0	 94.0	0.13318	0.20995
 94.0	 96.0	0.15447	0.12825
 96.0	 98.0	0.03195	0.04665
 98.0	100.0	0.02572	0.15934
