  0.0	  1.0	0.41239	0.00522
  1.0	  2.0	0.45413	0.00463
  2.0	  3.0	0.49830	0.00405
  3.0	  4.0	0.54703	0.00361
  4.0	  5.0	0.58650	0.00327
  5.0	  6.0	0.62698	0.00302
  6.0	  7.0	0.65541	0.00278
  7.0	  8.0	0.68633	0.00262
  8.0	  9.0	0.70750	0.00248
  9.0	 10.0	0.72213	0.00235
 10.0	 11.0	0.73647	0.00225
 11.0	 12.0	0.75300	0.00216
 12.0	 13.0	0.76299	0.00209
 13.0	 14.0	0.77603	0.00202
 14.0	 15.0	0.78069	0.00198
 15.0	 16.0	0.78732	0.00193
 16.0	 17.0	0.79321	0.00188
 17.0	 18.0	0.79837	0.00186
 18.0	 19.0	0.80002	0.00186
 19.0	 20.0	0.80408	0.00180
 20.0	 21.0	0.80500	0.00182
 21.0	 22.0	0.80891	0.00178
 22.0	 23.0	0.80729	0.00181
 23.0	 24.0	0.80934	0.00179
 24.0	 25.0	0.81000	0.00180
 25.0	 26.0	0.81013	0.00180
 26.0	 27.0	0.80958	0.00184
 27.0	 28.0	0.80573	0.00185
 28.0	 29.0	0.80687	0.00186
 29.0	 30.0	0.80396	0.00186
 30.0	 31.0	0.80204	0.00191
 31.0	 32.0	0.79494	0.00196
 32.0	 33.0	0.79039	0.00198
 33.0	 34.0	0.78759	0.00204
 34.0	 35.0	0.78547	0.00204
 35.0	 36.0	0.78189	0.00209
 36.0	 37.0	0.77244	0.00215
 37.0	 38.0	0.76469	0.00220
 38.0	 39.0	0.75832	0.00226
 39.0	 40.0	0.75164	0.00229
 40.0	 41.0	0.75212	0.00236
 41.0	 42.0	0.73169	0.00244
 42.0	 43.0	0.72729	0.00251
 43.0	 44.0	0.71914	0.00258
 44.0	 45.0	0.70882	0.00263
 45.0	 46.0	0.70032	0.00273
 46.0	 47.0	0.69190	0.00281
 47.0	 48.0	0.67626	0.00292
 48.0	 49.0	0.66165	0.00302
 49.0	 50.0	0.65204	0.00309
 50.0	 51.0	0.64218	0.00319
 51.0	 52.0	0.62930	0.00330
 52.0	 53.0	0.60853	0.00345
 53.0	 54.0	0.59725	0.00357
 54.0	 55.0	0.58177	0.00367
 55.0	 56.0	0.56452	0.00379
 56.0	 57.0	0.55103	0.00395
 57.0	 58.0	0.53700	0.00413
 58.0	 59.0	0.50781	0.00426
 59.0	 60.0	0.49316	0.00439
 60.0	 61.0	0.48146	0.00466
 61.0	 62.0	0.46183	0.00485
 62.0	 63.0	0.45179	0.00510
 63.0	 64.0	0.42571	0.00534
 64.0	 65.0	0.41081	0.00560
 65.0	 66.0	0.39877	0.00590
 66.0	 67.0	0.37567	0.00619
 67.0	 68.0	0.37240	0.00687
 68.0	 69.0	0.34548	0.00722
 69.0	 70.0	0.32034	0.00759
 70.0	 71.0	0.31349	0.00813
 71.0	 72.0	0.30505	0.00890
 72.0	 73.0	0.27361	0.00953
 73.0	 74.0	0.24196	0.00979
 74.0	 75.0	0.25056	0.01081
 75.0	 76.0	0.23575	0.01196
 76.0	 77.0	0.23397	0.01440
 77.0	 78.0	0.18697	0.01384
 78.0	 79.0	0.21481	0.01865
 79.0	 80.0	0.18202	0.01656
 80.0	 81.0	0.14601	0.01755
 81.0	 82.0	0.17923	0.03217
 82.0	 83.0	0.15103	0.03062
 83.0	 84.0	0.11440	0.03705
 84.0	 85.0	0.09721	0.05209
 85.0	 86.0	0.13906	0.09377
 86.0	 87.0	0.28444	0.74427
 87.0	 88.0	0.09261	0.04882
 88.0	 89.0	0.12261	0.07813
 89.0	 90.0	0.11447	0.33919
 90.0	 91.0	0.22573	0.61573
 91.0	 92.0	0.29869	0.76970
 92.0	 93.0	0.08683	0.05205
 93.0	 94.0	0.08263	0.13065
 94.0	 95.0	0.14902	0.12707
 95.0	 96.0	0.11828	0.12576
 96.0	 97.0	0.03977	0.16238
 97.0	 98.0	0.13265	0.09489
 98.0	 99.0	0.01931	0.18107
 99.0	100.0	0.21757	0.35133
