  0.0	  2.0	0.48845	0.00355
  2.0	  4.0	0.50385	0.00342
  4.0	  6.0	0.51499	0.00336
  6.0	  8.0	0.52347	0.00339
  8.0	 10.0	0.52023	0.00338
 10.0	 12.0	0.52467	0.00347
 12.0	 14.0	0.51987	0.00349
 14.0	 16.0	0.51388	0.00352
 16.0	 18.0	0.51199	0.00357
 18.0	 20.0	0.51153	0.00370
 20.0	 22.0	0.49659	0.00374
 22.0	 24.0	0.49469	0.00385
 24.0	 26.0	0.47632	0.00386
 26.0	 28.0	0.47433	0.00407
 28.0	 30.0	0.46666	0.00418
 30.0	 32.0	0.45713	0.00431
 32.0	 34.0	0.44352	0.00452
 34.0	 36.0	0.42276	0.00466
 36.0	 38.0	0.40299	0.00473
 38.0	 40.0	0.38899	0.00502
 40.0	 42.0	0.37757	0.00534
 42.0	 44.0	0.35802	0.00551
 44.0	 46.0	0.33646	0.00595
 46.0	 48.0	0.31994	0.00650
 48.0	 50.0	0.30294	0.00694
 50.0	 52.0	0.28116	0.00760
 52.0	 54.0	0.26812	0.00868
 54.0	 56.0	0.24621	0.00928
 56.0	 58.0	0.19387	0.01010
 58.0	 60.0	0.18825	0.01181
 60.0	 62.0	0.18559	0.01455
 62.0	 64.0	0.19028	0.01995
 64.0	 66.0	0.14106	0.01975
 66.0	 68.0	0.08186	0.01775
 68.0	 70.0	0.10048	0.04457
 70.0	 72.0	0.06802	0.03782
 72.0	 74.0	0.08233	0.07426
 74.0	 76.0	0.09124	0.08782
 76.0	 78.0	0.03031	0.04699
 78.0	 80.0	0.03004	0.04881
 80.0	 82.0	0.02221	0.12364
 82.0	 84.0	0.23379	2.37290
 84.0	 86.0	0.02772	0.06735
 86.0	 88.0	0.08626	0.06975
 88.0	 90.0	0.04937	0.07003
 90.0	 92.0	0.01023	0.03805
 92.0	 94.0	0.00749	0.12777
 94.0	 96.0	0.12524	0.07854
 96.0	 98.0	0.11220	0.13780
 98.0	100.0	0.17735	0.16907
