  0.0	  5.0	0.49118	0.00218
  5.0	 10.0	0.51327	0.00213
 10.0	 15.0	0.51439	0.00220
 15.0	 20.0	0.50931	0.00228
 20.0	 25.0	0.49468	0.00241
 25.0	 30.0	0.46608	0.00256
 30.0	 35.0	0.44192	0.00281
 35.0	 40.0	0.40156	0.00305
 40.0	 45.0	0.36114	0.00348
 45.0	 50.0	0.31216	0.00411
 50.0	 55.0	0.26780	0.00519
 55.0	 60.0	0.21471	0.00687
 60.0	 65.0	0.15510	0.00991
 65.0	 70.0	0.10851	0.01588
 70.0	 75.0	0.04191	0.02462
 75.0	 80.0	0.01780	0.05154
 80.0	 85.0	0.11460	0.33408
 85.0	 90.0	0.04533	0.22318
 90.0	 95.0	0.00255	0.07199
 95.0	100.0	0.06902	0.67524
