  0.0	  2.0	0.51846	0.00362
  2.0	  4.0	0.54029	0.00349
  4.0	  6.0	0.55687	0.00343
  6.0	  8.0	0.56564	0.00347
  8.0	 10.0	0.57032	0.00346
 10.0	 12.0	0.57316	0.00356
 12.0	 14.0	0.57147	0.00358
 14.0	 16.0	0.56551	0.00361
 16.0	 18.0	0.56646	0.00368
 18.0	 20.0	0.56783	0.00382
 20.0	 22.0	0.55898	0.00387
 22.0	 24.0	0.54683	0.00397
 24.0	 26.0	0.53594	0.00399
 26.0	 28.0	0.52834	0.00422
 28.0	 30.0	0.51420	0.00432
 30.0	 32.0	0.50097	0.00444
 32.0	 34.0	0.48982	0.00468
 34.0	 36.0	0.47642	0.00485
 36.0	 38.0	0.45379	0.00494
 38.0	 40.0	0.43631	0.00522
 40.0	 42.0	0.42408	0.00557
 42.0	 44.0	0.40501	0.00576
 44.0	 46.0	0.37593	0.00618
 46.0	 48.0	0.36546	0.00683
 48.0	 50.0	0.33818	0.00722
 50.0	 52.0	0.30831	0.00787
 52.0	 54.0	0.28235	0.00886
 54.0	 56.0	0.26301	0.00954
 56.0	 58.0	0.23143	0.01079
 58.0	 60.0	0.21936	0.01257
 60.0	 62.0	0.21186	0.01557
 62.0	 64.0	0.17683	0.01916
 64.0	 66.0	0.14062	0.01979
 66.0	 68.0	0.10788	0.01899
 68.0	 70.0	0.15105	0.05978
 70.0	 72.0	0.10190	0.04312
 72.0	 74.0	0.01368	0.09502
 74.0	 76.0	0.06549	0.07600
 76.0	 78.0	0.04236	0.05834
 78.0	 80.0	0.03766	0.05249
 80.0	 82.0	0.08417	0.86231
 82.0	 84.0	0.06932	0.17026
 84.0	 86.0	0.01540	0.04833
 86.0	 88.0	0.07214	0.07238
 88.0	 90.0	0.04652	0.04378
 90.0	 92.0	0.01590	0.04709
 92.0	 94.0	0.04892	0.06154
 94.0	 96.0	0.01468	0.04754
 96.0	 98.0	0.15005	0.34391
 98.0	100.0	0.52769	0.68593
