  0.0	  1.0	0.48222	0.00506
  1.0	  2.0	0.49459	0.00500
  2.0	  3.0	0.50018	0.00488
  3.0	  4.0	0.50745	0.00481
  4.0	  5.0	0.51604	0.00477
  5.0	  6.0	0.51393	0.00475
  6.0	  7.0	0.52482	0.00484
  7.0	  8.0	0.52214	0.00476
  8.0	  9.0	0.51879	0.00484
  9.0	 10.0	0.52166	0.00472
 10.0	 11.0	0.52532	0.00483
 11.0	 12.0	0.52409	0.00499
 12.0	 13.0	0.51997	0.00494
 13.0	 14.0	0.51975	0.00493
 14.0	 15.0	0.51257	0.00494
 15.0	 16.0	0.51521	0.00501
 16.0	 17.0	0.51260	0.00504
 17.0	 18.0	0.51139	0.00507
 18.0	 19.0	0.51758	0.00516
 19.0	 20.0	0.50543	0.00530
 20.0	 21.0	0.49665	0.00527
 21.0	 22.0	0.49651	0.00530
 22.0	 23.0	0.49648	0.00538
 23.0	 24.0	0.49289	0.00551
 24.0	 25.0	0.47604	0.00547
 25.0	 26.0	0.47660	0.00544
 26.0	 27.0	0.47416	0.00575
 27.0	 28.0	0.47449	0.00576
 28.0	 29.0	0.47199	0.00590
 29.0	 30.0	0.46129	0.00593
 30.0	 31.0	0.45695	0.00598
 31.0	 32.0	0.45733	0.00621
 32.0	 33.0	0.44854	0.00630
 33.0	 34.0	0.43829	0.00650
 34.0	 35.0	0.43432	0.00667
 35.0	 36.0	0.41130	0.00651
 36.0	 37.0	0.41293	0.00667
 37.0	 38.0	0.39283	0.00672
 38.0	 39.0	0.39740	0.00699
 39.0	 40.0	0.38041	0.00722
 40.0	 41.0	0.38431	0.00756
 41.0	 42.0	0.37072	0.00756
 42.0	 43.0	0.36097	0.00759
 43.0	 44.0	0.35510	0.00801
 44.0	 45.0	0.35370	0.00851
 45.0	 46.0	0.31897	0.00832
 46.0	 47.0	0.32842	0.00923
 47.0	 48.0	0.31134	0.00917
 48.0	 49.0	0.32336	0.00979
 49.0	 50.0	0.28173	0.00985
 50.0	 51.0	0.29284	0.01060
 51.0	 52.0	0.26906	0.01090
 52.0	 53.0	0.27926	0.01185
 53.0	 54.0	0.25655	0.01273
 54.0	 55.0	0.24852	0.01258
 55.0	 56.0	0.24392	0.01377
 56.0	 57.0	0.20913	0.01405
 57.0	 58.0	0.17758	0.01454
 58.0	 59.0	0.19775	0.01713
 59.0	 60.0	0.17822	0.01630
 60.0	 61.0	0.21809	0.02296
 61.0	 62.0	0.15398	0.01862
 62.0	 63.0	0.19624	0.02770
 63.0	 64.0	0.18375	0.02874
 64.0	 65.0	0.14265	0.02369
 65.0	 66.0	0.13961	0.03548
 66.0	 67.0	0.08544	0.02123
 67.0	 68.0	0.07380	0.03453
 68.0	 69.0	0.05433	0.02908
 69.0	 70.0	0.29321	0.86823
 70.0	 71.0	0.06691	0.03294
 71.0	 72.0	0.08599	0.30254
 72.0	 73.0	0.07790	0.11654
 73.0	 74.0	0.13490	0.13024
 74.0	 75.0	0.05027	0.05305
 75.0	 76.0	0.25770	1.82490
 76.0	 77.0	0.04003	0.07452
 77.0	 78.0	0.05245	0.08127
 78.0	 79.0	0.01970	0.06779
 79.0	 80.0	0.03820	0.66292
 80.0	 81.0	0.13082	0.19098
 81.0	 82.0	0.03315	0.14982
 82.0	 83.0	0.15460	0.55052
 83.0	 84.0	0.01507	0.48517
 84.0	 85.0	0.10899	0.19743
 85.0	 86.0	0.07199	0.03980
 86.0	 87.0	0.18381	0.39156
 87.0	 88.0	0.03746	0.05089
 88.0	 89.0	0.02677	0.06297
 89.0	 90.0	0.08821	0.20554
 90.0	 91.0	0.06790	1.53063
 91.0	 92.0	0.00427	0.08100
 92.0	 93.0	0.01780	0.12446
 93.0	 94.0	0.05013	0.05331
 94.0	 95.0	0.09480	0.13677
 95.0	 96.0	0.16478	0.09605
 96.0	 97.0	0.19817	0.17646
 97.0	 98.0	0.16313	0.17408
 98.0	 99.0	0.12453	0.17918
 99.0	100.0	0.48528	0.48371
