  0.0	  1.0	0.51319	0.00515
  1.0	  2.0	0.52364	0.00507
  2.0	  3.0	0.53717	0.00497
  3.0	  4.0	0.54334	0.00489
  4.0	  5.0	0.55525	0.00486
  5.0	  6.0	0.55844	0.00485
  6.0	  7.0	0.56432	0.00494
  7.0	  8.0	0.56695	0.00487
  8.0	  9.0	0.57545	0.00498
  9.0	 10.0	0.56528	0.00482
 10.0	 11.0	0.57047	0.00494
 11.0	 12.0	0.57598	0.00513
 12.0	 13.0	0.57659	0.00508
 13.0	 14.0	0.56631	0.00505
 14.0	 15.0	0.56734	0.00508
 15.0	 16.0	0.56366	0.00513
 16.0	 17.0	0.56281	0.00517
 17.0	 18.0	0.57011	0.00523
 18.0	 19.0	0.56912	0.00531
 19.0	 20.0	0.56661	0.00549
 20.0	 21.0	0.55943	0.00547
 21.0	 22.0	0.55853	0.00548
 22.0	 23.0	0.54748	0.00554
 23.0	 24.0	0.54618	0.00570
 24.0	 25.0	0.53816	0.00567
 25.0	 26.0	0.53369	0.00562
 26.0	 27.0	0.52799	0.00596
 27.0	 28.0	0.52867	0.00598
 28.0	 29.0	0.51855	0.00608
 29.0	 30.0	0.50984	0.00613
 30.0	 31.0	0.50224	0.00618
 31.0	 32.0	0.49967	0.00638
 32.0	 33.0	0.49235	0.00650
 33.0	 34.0	0.48719	0.00673
 34.0	 35.0	0.48438	0.00694
 35.0	 36.0	0.46854	0.00679
 36.0	 37.0	0.45258	0.00690
 37.0	 38.0	0.45505	0.00707
 38.0	 39.0	0.43436	0.00720
 39.0	 40.0	0.43841	0.00758
 40.0	 41.0	0.43306	0.00790
 41.0	 42.0	0.41482	0.00787
 42.0	 43.0	0.40565	0.00791
 43.0	 44.0	0.40455	0.00840
 44.0	 45.0	0.37962	0.00871
 45.0	 46.0	0.37215	0.00878
 46.0	 47.0	0.37383	0.00970
 47.0	 48.0	0.35701	0.00961
 48.0	 49.0	0.34446	0.01000
 49.0	 50.0	0.33157	0.01043
 50.0	 51.0	0.31476	0.01088
 51.0	 52.0	0.30145	0.01140
 52.0	 53.0	0.29248	0.01207
 53.0	 54.0	0.27140	0.01306
 54.0	 55.0	0.27943	0.01318
 55.0	 56.0	0.24574	0.01383
 56.0	 57.0	0.23811	0.01482
 57.0	 58.0	0.22385	0.01578
 58.0	 59.0	0.23910	0.01866
 59.0	 60.0	0.19810	0.01701
 60.0	 61.0	0.23972	0.02428
 61.0	 62.0	0.18504	0.02010
 62.0	 63.0	0.18990	0.02704
 63.0	 64.0	0.16308	0.02711
 64.0	 65.0	0.15062	0.02463
 65.0	 66.0	0.12956	0.03345
 66.0	 67.0	0.12090	0.02340
 67.0	 68.0	0.09142	0.03308
 68.0	 69.0	0.13278	0.03984
 69.0	 70.0	0.22418	0.62222
 70.0	 71.0	0.10845	0.03915
 71.0	 72.0	0.09739	0.35840
 72.0	 73.0	0.07341	0.09592
 73.0	 74.0	0.00026	9.01016
 74.0	 75.0	0.04340	0.04795
 75.0	 76.0	0.08800	0.40564
 76.0	 77.0	0.02410	0.14612
 77.0	 78.0	0.05714	0.07708
 78.0	 79.0	0.04548	0.06677
 79.0	 80.0	0.04372	0.17999
 80.0	 81.0	0.14077	0.35343
 81.0	 82.0	0.08192	0.32730
 82.0	 83.0	0.15188	0.58732
 83.0	 84.0	0.06785	0.25256
 84.0	 85.0	0.01439	2.25854
 85.0	 86.0	0.02779	0.05957
 86.0	 87.0	0.06545	0.06820
 87.0	 88.0	0.06720	0.23830
 88.0	 89.0	0.05543	0.17851
 89.0	 90.0	0.02642	0.06607
 90.0	 91.0	0.03117	0.06879
 91.0	 92.0	0.02399	0.14217
 92.0	 93.0	0.03184	0.08417
 93.0	 94.0	0.06746	0.33557
 94.0	 95.0	0.01379	0.08038
 95.0	 96.0	0.06610	0.10345
 96.0	 97.0	0.10809	0.08222
 97.0	 98.0	0.14804	0.10226
 98.0	 99.0	1.10931	14.21656
 99.0	100.0	0.39329	0.30303
