  0.0	  5.0	0.53475	0.00223
  5.0	 10.0	0.56607	0.00219
 10.0	 15.0	0.57133	0.00226
 15.0	 20.0	0.56638	0.00235
 20.0	 25.0	0.55001	0.00249
 25.0	 30.0	0.52381	0.00266
 30.0	 35.0	0.49321	0.00292
 35.0	 40.0	0.44992	0.00317
 40.0	 45.0	0.40793	0.00364
 45.0	 50.0	0.35611	0.00432
 50.0	 55.0	0.29252	0.00537
 55.0	 60.0	0.22958	0.00705
 60.0	 65.0	0.18805	0.01082
 65.0	 70.0	0.12118	0.01656
 70.0	 75.0	0.05474	0.02476
 75.0	 80.0	0.04763	0.04665
 80.0	 85.0	0.07496	0.33977
 85.0	 90.0	0.03231	0.03002
 90.0	 95.0	0.03799	0.05657
 95.0	100.0	0.07802	0.23619
