  0.0	  1.0	0.41990	0.00523
  1.0	  2.0	0.46657	0.00465
  2.0	  3.0	0.52309	0.00409
  3.0	  4.0	0.57278	0.00364
  4.0	  5.0	0.62007	0.00327
  5.0	  6.0	0.65905	0.00303
  6.0	  7.0	0.68964	0.00277
  7.0	  8.0	0.71446	0.00261
  8.0	  9.0	0.74111	0.00246
  9.0	 10.0	0.75565	0.00232
 10.0	 11.0	0.76798	0.00221
 11.0	 12.0	0.78659	0.00212
 12.0	 13.0	0.80185	0.00203
 13.0	 14.0	0.80511	0.00198
 14.0	 15.0	0.81475	0.00193
 15.0	 16.0	0.82308	0.00187
 16.0	 17.0	0.82705	0.00182
 17.0	 18.0	0.83231	0.00181
 18.0	 19.0	0.83295	0.00180
 19.0	 20.0	0.83725	0.00174
 20.0	 21.0	0.83992	0.00176
 21.0	 22.0	0.84282	0.00172
 22.0	 23.0	0.84212	0.00175
 23.0	 24.0	0.84473	0.00173
 24.0	 25.0	0.84234	0.00175
 25.0	 26.0	0.84149	0.00175
 26.0	 27.0	0.84233	0.00178
 27.0	 28.0	0.84112	0.00178
 28.0	 29.0	0.84119	0.00180
 29.0	 30.0	0.83523	0.00182
 30.0	 31.0	0.83401	0.00186
 31.0	 32.0	0.83201	0.00190
 32.0	 33.0	0.82918	0.00192
 33.0	 34.0	0.82233	0.00198
 34.0	 35.0	0.81847	0.00201
 35.0	 36.0	0.81511	0.00205
 36.0	 37.0	0.80765	0.00211
 37.0	 38.0	0.80404	0.00216
 38.0	 39.0	0.79608	0.00222
 39.0	 40.0	0.78762	0.00225
 40.0	 41.0	0.78169	0.00233
 41.0	 42.0	0.78012	0.00240
 42.0	 43.0	0.76435	0.00248
 43.0	 44.0	0.76094	0.00255
 44.0	 45.0	0.74533	0.00262
 45.0	 46.0	0.74174	0.00272
 46.0	 47.0	0.73036	0.00280
 47.0	 48.0	0.72172	0.00290
 48.0	 49.0	0.70390	0.00301
 49.0	 50.0	0.69124	0.00309
 50.0	 51.0	0.68317	0.00320
 51.0	 52.0	0.66815	0.00331
 52.0	 53.0	0.65789	0.00348
 53.0	 54.0	0.63513	0.00360
 54.0	 55.0	0.62369	0.00370
 55.0	 56.0	0.60797	0.00383
 56.0	 57.0	0.59294	0.00401
 57.0	 58.0	0.58094	0.00418
 58.0	 59.0	0.55909	0.00434
 59.0	 60.0	0.53789	0.00447
 60.0	 61.0	0.52557	0.00474
 61.0	 62.0	0.51349	0.00498
 62.0	 63.0	0.48852	0.00520
 63.0	 64.0	0.47450	0.00548
 64.0	 65.0	0.44981	0.00573
 65.0	 66.0	0.42996	0.00604
 66.0	 67.0	0.41010	0.00633
 67.0	 68.0	0.40229	0.00703
 68.0	 69.0	0.38324	0.00743
 69.0	 70.0	0.36812	0.00790
 70.0	 71.0	0.34228	0.00833
 71.0	 72.0	0.30467	0.00888
 72.0	 73.0	0.31127	0.00993
 73.0	 74.0	0.27870	0.01020
 74.0	 75.0	0.28616	0.01129
 75.0	 76.0	0.23626	0.01162
 76.0	 77.0	0.23823	0.01436
 77.0	 78.0	0.22834	0.01476
 78.0	 79.0	0.22946	0.01907
 79.0	 80.0	0.18969	0.01600
 80.0	 81.0	0.16802	0.01818
 81.0	 82.0	0.23161	0.04228
 82.0	 83.0	0.13844	0.02781
 83.0	 84.0	0.16542	0.04021
 84.0	 85.0	0.20022	0.09082
 85.0	 86.0	0.34640	0.34303
 86.0	 87.0	1.76092	36.08038
 87.0	 88.0	0.09836	0.04068
 88.0	 89.0	0.20797	0.14985
 89.0	 90.0	0.21658	0.29462
 90.0	 91.0	0.11496	0.25230
 91.0	 92.0	0.05137	0.03933
 92.0	 93.0	0.08134	0.63319
 93.0	 94.0	0.12969	0.18195
 94.0	 95.0	0.08800	0.07459
 95.0	 96.0	0.26801	0.67539
 96.0	 97.0	0.03785	0.05459
 97.0	 98.0	0.08673	0.12922
 98.0	 99.0	0.05785	0.17446
 99.0	100.0	1.04721	5.98180
