  0.0	  5.0	0.50371	0.00182
  5.0	 10.0	0.68050	0.00119
 10.0	 15.0	0.76197	0.00094
 15.0	 20.0	0.79666	0.00084
 20.0	 25.0	0.80812	0.00081
 25.0	 30.0	0.80725	0.00082
 30.0	 35.0	0.79213	0.00089
 35.0	 40.0	0.76587	0.00098
 40.0	 45.0	0.72799	0.00112
 45.0	 50.0	0.67663	0.00130
 50.0	 55.0	0.61221	0.00153
 55.0	 60.0	0.53136	0.00183
 60.0	 65.0	0.44716	0.00227
 65.0	 70.0	0.36342	0.00299
 70.0	 75.0	0.27822	0.00416
 75.0	 80.0	0.21091	0.00652
 80.0	 85.0	0.14137	0.01268
 85.0	 90.0	0.22663	0.17973
 90.0	 95.0	0.11773	0.09631
 95.0	100.0	0.00964	0.53911
