  0.0	  5.0	0.50025	0.00219
  5.0	 10.0	0.52027	0.00214
 10.0	 15.0	0.52035	0.00220
 15.0	 20.0	0.51241	0.00229
 20.0	 25.0	0.49174	0.00241
 25.0	 30.0	0.47171	0.00257
 30.0	 35.0	0.44723	0.00283
 35.0	 40.0	0.39916	0.00305
 40.0	 45.0	0.36510	0.00350
 45.0	 50.0	0.31290	0.00412
 50.0	 55.0	0.26962	0.00521
 55.0	 60.0	0.20244	0.00671
 60.0	 65.0	0.17917	0.01056
 65.0	 70.0	0.09807	0.01502
 70.0	 75.0	0.07237	0.02783
 75.0	 80.0	0.00662	0.16744
 80.0	 85.0	0.08041	0.08988
 85.0	 90.0	0.07932	0.17383
 90.0	 95.0	0.17260	2.65319
 95.0	100.0	0.27827	0.30323
