  0.0	  2.0	0.43504	0.00347
  2.0	  4.0	0.51992	0.00270
  4.0	  6.0	0.60371	0.00222
  6.0	  8.0	0.66579	0.00191
  8.0	 10.0	0.71148	0.00171
 10.0	 12.0	0.74002	0.00156
 12.0	 14.0	0.76604	0.00146
 14.0	 16.0	0.77947	0.00139
 16.0	 18.0	0.79135	0.00133
 18.0	 20.0	0.79945	0.00129
 20.0	 22.0	0.80418	0.00127
 22.0	 24.0	0.80456	0.00128
 24.0	 26.0	0.80590	0.00128
 26.0	 28.0	0.80345	0.00131
 28.0	 30.0	0.80149	0.00132
 30.0	 32.0	0.79503	0.00137
 32.0	 34.0	0.78637	0.00142
 34.0	 36.0	0.77631	0.00147
 36.0	 38.0	0.76346	0.00155
 38.0	 40.0	0.75183	0.00161
 40.0	 42.0	0.73885	0.00170
 42.0	 44.0	0.71805	0.00180
 44.0	 46.0	0.69907	0.00190
 46.0	 48.0	0.67892	0.00203
 48.0	 50.0	0.65597	0.00216
 50.0	 52.0	0.63023	0.00230
 52.0	 54.0	0.59866	0.00248
 54.0	 56.0	0.57550	0.00264
 56.0	 58.0	0.53861	0.00285
 58.0	 60.0	0.49960	0.00305
 60.0	 62.0	0.47220	0.00336
 62.0	 64.0	0.43119	0.00367
 64.0	 66.0	0.39096	0.00403
 66.0	 68.0	0.36856	0.00458
 68.0	 70.0	0.32649	0.00519
 70.0	 72.0	0.30144	0.00594
 72.0	 74.0	0.26363	0.00689
 74.0	 76.0	0.22473	0.00776
 76.0	 78.0	0.20157	0.00982
 78.0	 80.0	0.18750	0.01228
 80.0	 82.0	0.16300	0.01537
 82.0	 84.0	0.14142	0.02227
 84.0	 86.0	0.27171	0.12686
 86.0	 88.0	0.15456	0.06595
 88.0	 90.0	0.32056	0.79078
 90.0	 92.0	0.09184	0.07523
 92.0	 94.0	0.04394	0.09199
 94.0	 96.0	0.06925	0.04334
 96.0	 98.0	0.18502	0.25459
 98.0	100.0	0.15521	0.29287
