  0.0	  5.0	0.50204	0.00181
  5.0	 10.0	0.67630	0.00119
 10.0	 15.0	0.75797	0.00094
 15.0	 20.0	0.79274	0.00084
 20.0	 25.0	0.80461	0.00081
 25.0	 30.0	0.80323	0.00083
 30.0	 35.0	0.78852	0.00089
 35.0	 40.0	0.76077	0.00099
 40.0	 45.0	0.72387	0.00112
 45.0	 50.0	0.67273	0.00130
 50.0	 55.0	0.60815	0.00153
 55.0	 60.0	0.52987	0.00183
 60.0	 65.0	0.44299	0.00227
 65.0	 70.0	0.35420	0.00296
 70.0	 75.0	0.27285	0.00414
 75.0	 80.0	0.20046	0.00638
 80.0	 85.0	0.16214	0.01318
 85.0	 90.0	0.21685	0.10321
 90.0	 95.0	0.01502	0.37857
 95.0	100.0	0.33108	0.69103
