  0.0	  1.0	0.47695	0.00505
  1.0	  2.0	0.48462	0.00497
  2.0	  3.0	0.48862	0.00485
  3.0	  4.0	0.49431	0.00477
  4.0	  5.0	0.51066	0.00475
  5.0	  6.0	0.50608	0.00473
  6.0	  7.0	0.51414	0.00481
  7.0	  8.0	0.51828	0.00475
  8.0	  9.0	0.51937	0.00484
  9.0	 10.0	0.50856	0.00470
 10.0	 11.0	0.51511	0.00481
 11.0	 12.0	0.52298	0.00499
 12.0	 13.0	0.51300	0.00491
 13.0	 14.0	0.51170	0.00491
 14.0	 15.0	0.50917	0.00494
 15.0	 16.0	0.51549	0.00501
 16.0	 17.0	0.50429	0.00502
 17.0	 18.0	0.51220	0.00507
 18.0	 19.0	0.50847	0.00514
 19.0	 20.0	0.50633	0.00529
 20.0	 21.0	0.50913	0.00532
 21.0	 22.0	0.49544	0.00528
 22.0	 23.0	0.49474	0.00538
 23.0	 24.0	0.49179	0.00550
 24.0	 25.0	0.48204	0.00549
 25.0	 26.0	0.46780	0.00541
 26.0	 27.0	0.47128	0.00575
 27.0	 28.0	0.47581	0.00576
 28.0	 29.0	0.45982	0.00585
 29.0	 30.0	0.45589	0.00591
 30.0	 31.0	0.45132	0.00596
 31.0	 32.0	0.44927	0.00616
 32.0	 33.0	0.44470	0.00628
 33.0	 34.0	0.43321	0.00645
 34.0	 35.0	0.43061	0.00667
 35.0	 36.0	0.42064	0.00656
 36.0	 37.0	0.41114	0.00667
 37.0	 38.0	0.39721	0.00676
 38.0	 39.0	0.38660	0.00691
 39.0	 40.0	0.39110	0.00727
 40.0	 41.0	0.37857	0.00753
 41.0	 42.0	0.37210	0.00755
 42.0	 43.0	0.36736	0.00763
 43.0	 44.0	0.34423	0.00793
 44.0	 45.0	0.34139	0.00840
 45.0	 46.0	0.32268	0.00833
 46.0	 47.0	0.33015	0.00923
 47.0	 48.0	0.32539	0.00929
 48.0	 49.0	0.29958	0.00949
 49.0	 50.0	0.28134	0.00980
 50.0	 51.0	0.28725	0.01051
 51.0	 52.0	0.28014	0.01105
 52.0	 53.0	0.26564	0.01162
 53.0	 54.0	0.25696	0.01272
 54.0	 55.0	0.24649	0.01255
 55.0	 56.0	0.22255	0.01330
 56.0	 57.0	0.23792	0.01479
 57.0	 58.0	0.21150	0.01569
 58.0	 59.0	0.21051	0.01753
 59.0	 60.0	0.18769	0.01664
 60.0	 61.0	0.18196	0.02099
 61.0	 62.0	0.14652	0.01875
 62.0	 63.0	0.19182	0.02699
 63.0	 64.0	0.14301	0.02556
 64.0	 65.0	0.10777	0.02161
 65.0	 66.0	0.16203	0.03785
 66.0	 67.0	0.09679	0.02190
 67.0	 68.0	0.08630	0.03443
 68.0	 69.0	0.05644	0.03141
 69.0	 70.0	0.28298	0.73632
 70.0	 71.0	0.02176	0.04052
 71.0	 72.0	0.15941	0.39988
 72.0	 73.0	0.02374	0.05938
 73.0	 74.0	0.02192	0.07920
 74.0	 75.0	0.02365	0.20049
 75.0	 76.0	0.26233	1.35492
 76.0	 77.0	0.00566	0.86802
 77.0	 78.0	0.05167	0.06443
 78.0	 79.0	0.02296	0.05540
 79.0	 80.0	0.07196	0.10475
 80.0	 81.0	0.04451	0.14162
 81.0	 82.0	0.01436	0.12027
 82.0	 83.0	0.07587	0.13330
 83.0	 84.0	0.08093	0.21528
 84.0	 85.0	0.08986	0.17566
 85.0	 86.0	0.07038	0.06876
 86.0	 87.0	0.02484	0.04426
 87.0	 88.0	0.00586	0.05834
 88.0	 89.0	0.02908	0.30839
 89.0	 90.0	0.08662	0.10976
 90.0	 91.0	0.03529	0.06174
 91.0	 92.0	0.04295	0.18187
 92.0	 93.0	0.04401	0.17161
 93.0	 94.0	0.07453	0.07099
 94.0	 95.0	0.13238	0.59370
 95.0	 96.0	0.01690	0.09741
 96.0	 97.0	0.03259	0.09846
 97.0	 98.0	0.09454	0.18285
 98.0	 99.0	0.14745	0.33087
 99.0	100.0	0.27676	0.53945
