  0.0	  2.0	0.48082	0.00354
  2.0	  4.0	0.49149	0.00340
  4.0	  6.0	0.50838	0.00335
  6.0	  8.0	0.51622	0.00338
  8.0	 10.0	0.51390	0.00337
 10.0	 12.0	0.51897	0.00347
 12.0	 14.0	0.51238	0.00347
 14.0	 16.0	0.51231	0.00352
 16.0	 18.0	0.50825	0.00357
 18.0	 20.0	0.50737	0.00369
 20.0	 22.0	0.50226	0.00375
 22.0	 24.0	0.49329	0.00385
 24.0	 26.0	0.47490	0.00385
 26.0	 28.0	0.47355	0.00407
 28.0	 30.0	0.45785	0.00416
 30.0	 32.0	0.45027	0.00428
 32.0	 34.0	0.43906	0.00450
 34.0	 36.0	0.42561	0.00468
 36.0	 38.0	0.40425	0.00475
 38.0	 40.0	0.38883	0.00501
 40.0	 42.0	0.37539	0.00533
 42.0	 44.0	0.35607	0.00550
 44.0	 46.0	0.33220	0.00591
 46.0	 48.0	0.32778	0.00655
 48.0	 50.0	0.29060	0.00682
 50.0	 52.0	0.28371	0.00761
 52.0	 54.0	0.26127	0.00858
 54.0	 56.0	0.23489	0.00912
 56.0	 58.0	0.22556	0.01074
 58.0	 60.0	0.19922	0.01207
 60.0	 62.0	0.16497	0.01389
 62.0	 64.0	0.16819	0.01859
 64.0	 66.0	0.13017	0.01904
 66.0	 68.0	0.09222	0.01848
 68.0	 70.0	0.10418	0.04739
 70.0	 72.0	0.04487	0.03134
 72.0	 74.0	0.01178	0.08224
 74.0	 76.0	0.10181	0.08588
 76.0	 78.0	0.01997	0.04125
 78.0	 80.0	0.04558	0.04323
 80.0	 82.0	0.03864	0.07910
 82.0	 84.0	0.07866	0.11703
 84.0	 86.0	0.11948	0.18307
 86.0	 88.0	0.01667	0.03476
 88.0	 90.0	0.05036	0.06324
 90.0	 92.0	0.10615	0.53161
 92.0	 94.0	0.04445	0.04814
 94.0	 96.0	0.05891	0.12181
 96.0	 98.0	0.01912	0.15659
 98.0	100.0	0.15669	0.62710
