  0.0	  1.0	0.61819	0.00942
  1.0	  2.0	0.67460	0.00878
  2.0	  3.0	0.71711	0.00729
  3.0	  4.0	0.76393	0.00640
  4.0	  5.0	0.79856	0.00573
  5.0	  6.0	0.82472	0.00499
  6.0	  7.0	0.85237	0.00457
  7.0	  8.0	0.87230	0.00426
  8.0	  9.0	0.87639	0.00391
  9.0	 10.0	0.88742	0.00371
 10.0	 11.0	0.89817	0.00346
 11.0	 12.0	0.90574	0.00331
 12.0	 13.0	0.91145	0.00318
 13.0	 14.0	0.91881	0.00308
 14.0	 15.0	0.92332	0.00297
 15.0	 16.0	0.92689	0.00288
 16.0	 17.0	0.92652	0.00278
 17.0	 18.0	0.92935	0.00277
 18.0	 19.0	0.93349	0.00272
 19.0	 20.0	0.92956	0.00264
 20.0	 21.0	0.93623	0.00267
 21.0	 22.0	0.93411	0.00263
 22.0	 23.0	0.93175	0.00264
 23.0	 24.0	0.93374	0.00263
 24.0	 25.0	0.93329	0.00263
 25.0	 26.0	0.93257	0.00259
 26.0	 27.0	0.93029	0.00262
 27.0	 28.0	0.92941	0.00260
 28.0	 29.0	0.93172	0.00267
 29.0	 30.0	0.92697	0.00271
 30.0	 31.0	0.92456	0.00271
 31.0	 32.0	0.92378	0.00280
 32.0	 33.0	0.91941	0.00284
 33.0	 34.0	0.91612	0.00288
 34.0	 35.0	0.91703	0.00289
 35.0	 36.0	0.91119	0.00304
 36.0	 37.0	0.90951	0.00310
 37.0	 38.0	0.90320	0.00320
 38.0	 39.0	0.90055	0.00327
 39.0	 40.0	0.90100	0.00335
 40.0	 41.0	0.89108	0.00342
 41.0	 42.0	0.88492	0.00353
 42.0	 43.0	0.88138	0.00362
 43.0	 44.0	0.87449	0.00375
 44.0	 45.0	0.87186	0.00395
 45.0	 46.0	0.86394	0.00406
 46.0	 47.0	0.85016	0.00420
 47.0	 48.0	0.84449	0.00440
 48.0	 49.0	0.83344	0.00449
 49.0	 50.0	0.82644	0.00464
 50.0	 51.0	0.81788	0.00481
 51.0	 52.0	0.81234	0.00508
 52.0	 53.0	0.79264	0.00530
 53.0	 54.0	0.77682	0.00549
 54.0	 55.0	0.76934	0.00565
 55.0	 56.0	0.75519	0.00598
 56.0	 57.0	0.73328	0.00612
 57.0	 58.0	0.72612	0.00659
 58.0	 59.0	0.71171	0.00685
 59.0	 60.0	0.69228	0.00722
 60.0	 61.0	0.66997	0.00738
 61.0	 62.0	0.66752	0.00811
 62.0	 63.0	0.63646	0.00848
 63.0	 64.0	0.63319	0.00932
 64.0	 65.0	0.59680	0.00928
 65.0	 66.0	0.56806	0.00960
 66.0	 67.0	0.55619	0.01042
 67.0	 68.0	0.54918	0.01212
 68.0	 69.0	0.51667	0.01200
 69.0	 70.0	0.50188	0.01326
 70.0	 71.0	0.49150	0.01558
 71.0	 72.0	0.44790	0.01447
 72.0	 73.0	0.42618	0.01670
 73.0	 74.0	0.41130	0.01756
 74.0	 75.0	0.35550	0.01618
 75.0	 76.0	0.34680	0.01936
 76.0	 77.0	0.33647	0.02054
 77.0	 78.0	0.30445	0.02170
 78.0	 79.0	0.29401	0.02514
 79.0	 80.0	0.24891	0.02309
 80.0	 81.0	0.26591	0.03271
 81.0	 82.0	0.25191	0.03630
 82.0	 83.0	0.20473	0.03127
 83.0	 84.0	0.23128	0.05604
 84.0	 85.0	0.18021	0.03883
 85.0	 86.0	0.13405	0.04098
 86.0	 87.0	0.15988	0.04806
 87.0	 88.0	0.12265	0.07642
 88.0	 89.0	0.10787	0.04111
 89.0	 90.0	0.16764	0.14446
 90.0	 91.0	0.23910	0.32298
 91.0	 92.0	0.05838	0.10312
 92.0	 93.0	0.05491	0.05720
 93.0	 94.0	0.10539	0.10631
 94.0	 95.0	0.11900	0.04826
 95.0	 96.0	0.11998	0.19804
 96.0	 97.0	0.00913	0.97873
 97.0	 98.0	0.17806	0.15331
 98.0	 99.0	0.14278	0.25931
 99.0	100.0	0.52670	0.86024
