  0.0	  2.0	0.64698	0.00642
  2.0	  4.0	0.74098	0.00482
  4.0	  6.0	0.81154	0.00378
  6.0	  8.0	0.86236	0.00312
  8.0	 10.0	0.88193	0.00269
 10.0	 12.0	0.90197	0.00239
 12.0	 14.0	0.91513	0.00222
 14.0	 16.0	0.92511	0.00207
 16.0	 18.0	0.92794	0.00196
 18.0	 20.0	0.93151	0.00190
 20.0	 22.0	0.93516	0.00187
 22.0	 24.0	0.93274	0.00186
 24.0	 26.0	0.93293	0.00185
 26.0	 28.0	0.92985	0.00185
 28.0	 30.0	0.92934	0.00190
 30.0	 32.0	0.92416	0.00195
 32.0	 34.0	0.91777	0.00202
 34.0	 36.0	0.91413	0.00209
 36.0	 38.0	0.90637	0.00223
 38.0	 40.0	0.90076	0.00234
 40.0	 42.0	0.88803	0.00246
 42.0	 44.0	0.87792	0.00261
 44.0	 46.0	0.86791	0.00283
 46.0	 48.0	0.84730	0.00304
 48.0	 50.0	0.82994	0.00323
 50.0	 52.0	0.81506	0.00349
 52.0	 54.0	0.78474	0.00381
 54.0	 56.0	0.76227	0.00411
 56.0	 58.0	0.72964	0.00449
 58.0	 60.0	0.70214	0.00497
 60.0	 62.0	0.66856	0.00546
 62.0	 64.0	0.63459	0.00628
 64.0	 66.0	0.58261	0.00667
 66.0	 68.0	0.55219	0.00791
 68.0	 70.0	0.50926	0.00890
 70.0	 72.0	0.46960	0.01061
 72.0	 74.0	0.41884	0.01210
 74.0	 76.0	0.35062	0.01243
 76.0	 78.0	0.32107	0.01492
 78.0	 80.0	0.27160	0.01704
 80.0	 82.0	0.25922	0.02430
 82.0	 84.0	0.21417	0.02786
 84.0	 86.0	0.15906	0.02801
 86.0	 88.0	0.15093	0.04005
 88.0	 90.0	0.12349	0.04237
 90.0	 92.0	0.43996	2.93382
 92.0	 94.0	0.07769	0.04984
 94.0	 96.0	0.10851	0.05134
 96.0	 98.0	0.21362	0.62002
 98.0	100.0	0.20525	0.19505
