  0.0	  5.0	0.71683	0.00325
  5.0	 10.0	0.86271	0.00191
 10.0	 15.0	0.91148	0.00143
 15.0	 20.0	0.92915	0.00123
 20.0	 25.0	0.93382	0.00118
 25.0	 30.0	0.93019	0.00118
 30.0	 35.0	0.92018	0.00126
 35.0	 40.0	0.90509	0.00143
 40.0	 45.0	0.88073	0.00163
 45.0	 50.0	0.84372	0.00195
 50.0	 55.0	0.79394	0.00235
 55.0	 60.0	0.72398	0.00292
 60.0	 65.0	0.64117	0.00377
 65.0	 70.0	0.53847	0.00504
 70.0	 75.0	0.42794	0.00717
 75.0	 80.0	0.30843	0.00971
 80.0	 85.0	0.23125	0.01656
 85.0	 90.0	0.14534	0.02303
 90.0	 95.0	0.11161	0.04054
 95.0	100.0	0.10722	0.11183
