  0.0	  5.0	0.66471	0.00333
  5.0	 10.0	0.67752	0.00309
 10.0	 15.0	0.67670	0.00314
 15.0	 20.0	0.65787	0.00318
 20.0	 25.0	0.63389	0.00331
 25.0	 30.0	0.60873	0.00353
 30.0	 35.0	0.57139	0.00377
 35.0	 40.0	0.52943	0.00409
 40.0	 45.0	0.47565	0.00457
 45.0	 50.0	0.41168	0.00528
 50.0	 55.0	0.35162	0.00667
 55.0	 60.0	0.29500	0.00913
 60.0	 65.0	0.20748	0.01204
 65.0	 70.0	0.11587	0.01391
 70.0	 75.0	0.05147	0.02658
 75.0	 80.0	0.07964	0.07600
 80.0	 85.0	0.03104	0.04225
 85.0	 90.0	0.01394	0.08016
 90.0	 95.0	0.05148	0.06006
 95.0	100.0	0.01912	0.07556
