  0.0	  2.0	0.65311	0.00549
  2.0	  4.0	0.67116	0.00520
  4.0	  6.0	0.67273	0.00500
  6.0	  8.0	0.68024	0.00491
  8.0	 10.0	0.67820	0.00483
 10.0	 12.0	0.67648	0.00493
 12.0	 14.0	0.67884	0.00497
 14.0	 16.0	0.67064	0.00504
 16.0	 18.0	0.65470	0.00488
 18.0	 20.0	0.65600	0.00519
 20.0	 22.0	0.64059	0.00516
 22.0	 24.0	0.63211	0.00527
 24.0	 26.0	0.62206	0.00536
 26.0	 28.0	0.61207	0.00562
 28.0	 30.0	0.59945	0.00562
 30.0	 32.0	0.58521	0.00590
 32.0	 34.0	0.56528	0.00590
 34.0	 36.0	0.55339	0.00630
 36.0	 38.0	0.52875	0.00625
 38.0	 40.0	0.51911	0.00674
 40.0	 42.0	0.48410	0.00686
 42.0	 44.0	0.48055	0.00744
 44.0	 46.0	0.44770	0.00780
 46.0	 48.0	0.42388	0.00853
 48.0	 50.0	0.38061	0.00837
 50.0	 52.0	0.37032	0.00991
 52.0	 54.0	0.34709	0.01070
 54.0	 56.0	0.31486	0.01173
 56.0	 58.0	0.30006	0.01399
 58.0	 60.0	0.28486	0.01759
 60.0	 62.0	0.22372	0.01792
 62.0	 64.0	0.20127	0.01935
 64.0	 66.0	0.16070	0.02054
 66.0	 68.0	0.10996	0.01792
 68.0	 70.0	0.11667	0.03580
 70.0	 72.0	0.05972	0.06895
 72.0	 74.0	0.03054	0.02595
 74.0	 76.0	0.10363	0.34514
 76.0	 78.0	0.05517	0.04769
 78.0	 80.0	0.25138	1.43309
 80.0	 82.0	0.00050	0.89795
 82.0	 84.0	0.00686	0.21985
 84.0	 86.0	0.12190	0.25072
 86.0	 88.0	0.05178	0.05505
 88.0	 90.0	0.04960	0.20149
 90.0	 92.0	0.09533	0.11378
 92.0	 94.0	0.03255	0.08527
 94.0	 96.0	0.25297	0.66184
 96.0	 98.0	0.05606	0.24232
 98.0	100.0	0.07365	0.34480
