  0.0	  5.0	0.58927	0.00249
  5.0	 10.0	0.76805	0.00153
 10.0	 15.0	0.83623	0.00116
 15.0	 20.0	0.86080	0.00101
 20.0	 25.0	0.86773	0.00096
 25.0	 30.0	0.86269	0.00098
 30.0	 35.0	0.84674	0.00106
 35.0	 40.0	0.82167	0.00119
 40.0	 45.0	0.78500	0.00136
 45.0	 50.0	0.73443	0.00159
 50.0	 55.0	0.66890	0.00190
 55.0	 60.0	0.58480	0.00227
 60.0	 65.0	0.48821	0.00278
 65.0	 70.0	0.38791	0.00358
 70.0	 75.0	0.28417	0.00472
 75.0	 80.0	0.19152	0.00666
 80.0	 85.0	0.12258	0.01083
 85.0	 90.0	0.05344	0.01419
 90.0	 95.0	0.05727	0.03621
 95.0	100.0	0.02686	0.08476
