  0.0	  1.0	0.48629	0.00740
  1.0	  2.0	0.53012	0.00636
  2.0	  3.0	0.58397	0.00553
  3.0	  4.0	0.64182	0.00489
  4.0	  5.0	0.68184	0.00442
  5.0	  6.0	0.71651	0.00399
  6.0	  7.0	0.75101	0.00363
  7.0	  8.0	0.77101	0.00337
  8.0	  9.0	0.79065	0.00317
  9.0	 10.0	0.80734	0.00297
 10.0	 11.0	0.82461	0.00276
 11.0	 12.0	0.82759	0.00268
 12.0	 13.0	0.83477	0.00258
 13.0	 14.0	0.84222	0.00250
 14.0	 15.0	0.85180	0.00244
 15.0	 16.0	0.85497	0.00233
 16.0	 17.0	0.85768	0.00228
 17.0	 18.0	0.85960	0.00224
 18.0	 19.0	0.86451	0.00222
 19.0	 20.0	0.86716	0.00220
 20.0	 21.0	0.86588	0.00216
 21.0	 22.0	0.86733	0.00214
 22.0	 23.0	0.86631	0.00214
 23.0	 24.0	0.86963	0.00216
 24.0	 25.0	0.86950	0.00213
 25.0	 26.0	0.86655	0.00218
 26.0	 27.0	0.86499	0.00218
 27.0	 28.0	0.86379	0.00217
 28.0	 29.0	0.85631	0.00221
 29.0	 30.0	0.86179	0.00225
 30.0	 31.0	0.85607	0.00226
 31.0	 32.0	0.84989	0.00233
 32.0	 33.0	0.84845	0.00242
 33.0	 34.0	0.84104	0.00243
 34.0	 35.0	0.83818	0.00244
 35.0	 36.0	0.83524	0.00254
 36.0	 37.0	0.83002	0.00259
 37.0	 38.0	0.81986	0.00265
 38.0	 39.0	0.81194	0.00277
 39.0	 40.0	0.81087	0.00280
 40.0	 41.0	0.80345	0.00284
 41.0	 42.0	0.79277	0.00295
 42.0	 43.0	0.78101	0.00303
 43.0	 44.0	0.77867	0.00310
 44.0	 45.0	0.76844	0.00328
 45.0	 46.0	0.75733	0.00333
 46.0	 47.0	0.74588	0.00341
 47.0	 48.0	0.74129	0.00356
 48.0	 49.0	0.72016	0.00365
 49.0	 50.0	0.70676	0.00380
 50.0	 51.0	0.70118	0.00394
 51.0	 52.0	0.68607	0.00409
 52.0	 53.0	0.66319	0.00428
 53.0	 54.0	0.65946	0.00441
 54.0	 55.0	0.63289	0.00450
 55.0	 56.0	0.62609	0.00468
 56.0	 57.0	0.59850	0.00490
 57.0	 58.0	0.57715	0.00504
 58.0	 59.0	0.56330	0.00523
 59.0	 60.0	0.55582	0.00557
 60.0	 61.0	0.52776	0.00565
 61.0	 62.0	0.50867	0.00597
 62.0	 63.0	0.48776	0.00632
 63.0	 64.0	0.46810	0.00650
 64.0	 65.0	0.44348	0.00682
 65.0	 66.0	0.43398	0.00735
 66.0	 67.0	0.40595	0.00760
 67.0	 68.0	0.38298	0.00805
 68.0	 69.0	0.36642	0.00850
 69.0	 70.0	0.34366	0.00878
 70.0	 71.0	0.32560	0.00941
 71.0	 72.0	0.29738	0.00966
 72.0	 73.0	0.27916	0.01067
 73.0	 74.0	0.26473	0.01122
 74.0	 75.0	0.24791	0.01263
 75.0	 76.0	0.19507	0.01248
 76.0	 77.0	0.25138	0.01623
 77.0	 78.0	0.20185	0.01580
 78.0	 79.0	0.18131	0.01607
 79.0	 80.0	0.12343	0.01505
 80.0	 81.0	0.12644	0.01942
 81.0	 82.0	0.15554	0.02171
 82.0	 83.0	0.10301	0.02061
 83.0	 84.0	0.10913	0.04026
 84.0	 85.0	0.10874	0.03742
 85.0	 86.0	0.05342	0.02956
 86.0	 87.0	0.04461	0.03386
 87.0	 88.0	0.05717	0.03296
 88.0	 89.0	0.06549	0.03665
 89.0	 90.0	0.04058	0.03318
 90.0	 91.0	0.17784	0.17956
 91.0	 92.0	0.05948	0.06034
 92.0	 93.0	0.08042	0.06972
 93.0	 94.0	0.03989	0.18716
 94.0	 95.0	0.02315	1.00250
 95.0	 96.0	0.07941	0.04309
 96.0	 97.0	0.38015	1.83585
 97.0	 98.0	0.02180	0.30033
 98.0	 99.0	0.04717	0.20598
 99.0	100.0	0.19396	0.18536
