  0.0	  2.0	0.50861	0.00483
  2.0	  4.0	0.61370	0.00367
  4.0	  6.0	0.69938	0.00297
  6.0	  8.0	0.76105	0.00247
  8.0	 10.0	0.79905	0.00217
 10.0	 12.0	0.82610	0.00193
 12.0	 14.0	0.83849	0.00180
 14.0	 16.0	0.85338	0.00168
 16.0	 18.0	0.85864	0.00160
 18.0	 20.0	0.86583	0.00156
 20.0	 22.0	0.86662	0.00152
 22.0	 24.0	0.86795	0.00152
 24.0	 26.0	0.86802	0.00152
 26.0	 28.0	0.86439	0.00154
 28.0	 30.0	0.85905	0.00158
 30.0	 32.0	0.85298	0.00162
 32.0	 34.0	0.84476	0.00171
 34.0	 36.0	0.83672	0.00176
 36.0	 38.0	0.82496	0.00185
 38.0	 40.0	0.81140	0.00197
 40.0	 42.0	0.79816	0.00204
 42.0	 44.0	0.77983	0.00217
 44.0	 46.0	0.76291	0.00234
 46.0	 48.0	0.74358	0.00246
 48.0	 50.0	0.71349	0.00263
 50.0	 52.0	0.69365	0.00284
 52.0	 54.0	0.66131	0.00307
 54.0	 56.0	0.62948	0.00324
 56.0	 58.0	0.58797	0.00352
 58.0	 60.0	0.55959	0.00381
 60.0	 62.0	0.51836	0.00410
 62.0	 64.0	0.47801	0.00453
 64.0	 66.0	0.43869	0.00500
 66.0	 68.0	0.39463	0.00553
 68.0	 70.0	0.35525	0.00611
 70.0	 72.0	0.31175	0.00674
 72.0	 74.0	0.27218	0.00773
 74.0	 76.0	0.22177	0.00887
 76.0	 78.0	0.22713	0.01133
 78.0	 80.0	0.15271	0.01094
 80.0	 82.0	0.14069	0.01447
 82.0	 84.0	0.10580	0.01879
 84.0	 86.0	0.08028	0.02292
 86.0	 88.0	0.05100	0.02367
 88.0	 90.0	0.05322	0.02404
 90.0	 92.0	0.07291	0.05634
 92.0	 94.0	0.06127	0.06802
 94.0	 96.0	0.05567	0.04210
 96.0	 98.0	0.06907	0.12122
 98.0	100.0	0.11076	0.15668
