  0.0	  5.0	0.51297	0.00256
  5.0	 10.0	0.52677	0.00245
 10.0	 15.0	0.51698	0.00245
 15.0	 20.0	0.50160	0.00251
 20.0	 25.0	0.48149	0.00264
 25.0	 30.0	0.45933	0.00278
 30.0	 35.0	0.41923	0.00297
 35.0	 40.0	0.38469	0.00328
 40.0	 45.0	0.33936	0.00364
 45.0	 50.0	0.29187	0.00430
 50.0	 55.0	0.24546	0.00527
 55.0	 60.0	0.18249	0.00684
 60.0	 65.0	0.14540	0.01006
 65.0	 70.0	0.07352	0.01222
 70.0	 75.0	0.12041	0.05908
 75.0	 80.0	0.12157	0.22763
 80.0	 85.0	0.05349	0.06773
 85.0	 90.0	0.03410	0.03461
 90.0	 95.0	0.07497	0.13684
 95.0	100.0	0.01798	0.07377
