  0.0	  1.0	0.50414	0.00594
  1.0	  2.0	0.50998	0.00592
  2.0	  3.0	0.50770	0.00567
  3.0	  4.0	0.52071	0.00556
  4.0	  5.0	0.52197	0.00559
  5.0	  6.0	0.52319	0.00550
  6.0	  7.0	0.52869	0.00543
  7.0	  8.0	0.52166	0.00540
  8.0	  9.0	0.52807	0.00553
  9.0	 10.0	0.53221	0.00549
 10.0	 11.0	0.51692	0.00533
 11.0	 12.0	0.52413	0.00549
 12.0	 13.0	0.51884	0.00548
 13.0	 14.0	0.51377	0.00556
 14.0	 15.0	0.51114	0.00554
 15.0	 16.0	0.50417	0.00554
 16.0	 17.0	0.51449	0.00556
 17.0	 18.0	0.50387	0.00563
 18.0	 19.0	0.49330	0.00564
 19.0	 20.0	0.49189	0.00571
 20.0	 21.0	0.48615	0.00577
 21.0	 22.0	0.48586	0.00577
 22.0	 23.0	0.48387	0.00591
 23.0	 24.0	0.47942	0.00598
 24.0	 25.0	0.47195	0.00606
 25.0	 26.0	0.46818	0.00601
 26.0	 27.0	0.47108	0.00617
 27.0	 28.0	0.45878	0.00620
 28.0	 29.0	0.45173	0.00626
 29.0	 30.0	0.44647	0.00642
 30.0	 31.0	0.43389	0.00653
 31.0	 32.0	0.42318	0.00660
 32.0	 33.0	0.43040	0.00664
 33.0	 34.0	0.40478	0.00661
 34.0	 35.0	0.40322	0.00690
 35.0	 36.0	0.38858	0.00685
 36.0	 37.0	0.40235	0.00723
 37.0	 38.0	0.38646	0.00741
 38.0	 39.0	0.38233	0.00761
 39.0	 40.0	0.36311	0.00769
 40.0	 41.0	0.35602	0.00788
 41.0	 42.0	0.34076	0.00795
 42.0	 43.0	0.34045	0.00804
 43.0	 44.0	0.33737	0.00826
 44.0	 45.0	0.32091	0.00869
 45.0	 46.0	0.30416	0.00894
 46.0	 47.0	0.29820	0.00925
 47.0	 48.0	0.29530	0.00973
 48.0	 49.0	0.27708	0.00964
 49.0	 50.0	0.28465	0.01087
 50.0	 51.0	0.26408	0.01066
 51.0	 52.0	0.26657	0.01165
 52.0	 53.0	0.24078	0.01197
 53.0	 54.0	0.23381	0.01240
 54.0	 55.0	0.21922	0.01254
 55.0	 56.0	0.19994	0.01263
 56.0	 57.0	0.18962	0.01533
 57.0	 58.0	0.18656	0.01706
 58.0	 59.0	0.18674	0.01588
 59.0	 60.0	0.14579	0.01712
 60.0	 61.0	0.15687	0.01928
 61.0	 62.0	0.15635	0.02000
 62.0	 63.0	0.16495	0.02292
 63.0	 64.0	0.12066	0.02649
 64.0	 65.0	0.12097	0.02746
 65.0	 66.0	0.11968	0.02593
 66.0	 67.0	0.08088	0.02782
 67.0	 68.0	0.06392	0.02523
 68.0	 69.0	0.05841	0.02726
 69.0	 70.0	0.03116	0.05450
 70.0	 71.0	0.22040	1.09628
 71.0	 72.0	0.66146	35.33538
 72.0	 73.0	0.06783	0.04660
 73.0	 74.0	0.05567	0.03611
 74.0	 75.0	0.09790	0.05571
 75.0	 76.0	0.12324	0.23220
 76.0	 77.0	0.30361	0.77482
 77.0	 78.0	0.05349	0.08197
 78.0	 79.0	0.02104	0.05198
 79.0	 80.0	0.01569	0.08015
 80.0	 81.0	0.04975	0.20943
 81.0	 82.0	0.10996	0.32615
 82.0	 83.0	0.05456	0.38281
 83.0	 84.0	0.11536	0.17491
 84.0	 85.0	0.01069	0.06115
 85.0	 86.0	0.00249	0.14998
 86.0	 87.0	0.03415	0.06412
 87.0	 88.0	0.02749	0.64951
 88.0	 89.0	0.15449	0.24357
 89.0	 90.0	0.04003	0.04630
 90.0	 91.0	0.01927	0.11721
 91.0	 92.0	0.12689	0.19954
 92.0	 93.0	0.10429	0.08525
 93.0	 94.0	0.07861	0.07455
 94.0	 95.0	0.01907	0.05975
 95.0	 96.0	0.08548	0.21656
 96.0	 97.0	0.09785	0.08572
 97.0	 98.0	0.14129	0.15412
 98.0	 99.0	0.18661	0.33883
 99.0	100.0	0.26933	0.27245
