  0.0	  2.0	0.50706	0.00419
  2.0	  4.0	0.51428	0.00397
  4.0	  6.0	0.52257	0.00392
  6.0	  8.0	0.52518	0.00383
  8.0	 10.0	0.53016	0.00390
 10.0	 12.0	0.52052	0.00382
 12.0	 14.0	0.51632	0.00390
 14.0	 16.0	0.50766	0.00392
 16.0	 18.0	0.50919	0.00396
 18.0	 20.0	0.49260	0.00401
 20.0	 22.0	0.48600	0.00408
 22.0	 24.0	0.48167	0.00420
 24.0	 26.0	0.47006	0.00427
 26.0	 28.0	0.46494	0.00437
 28.0	 30.0	0.44909	0.00448
 30.0	 32.0	0.42858	0.00464
 32.0	 34.0	0.41770	0.00468
 34.0	 36.0	0.39596	0.00486
 36.0	 38.0	0.39455	0.00517
 38.0	 40.0	0.37271	0.00541
 40.0	 42.0	0.34854	0.00559
 42.0	 44.0	0.33889	0.00576
 44.0	 46.0	0.31264	0.00623
 46.0	 48.0	0.29672	0.00671
 48.0	 50.0	0.28063	0.00720
 50.0	 52.0	0.26514	0.00787
 52.0	 54.0	0.23731	0.00861
 54.0	 56.0	0.20967	0.00890
 56.0	 58.0	0.18800	0.01140
 58.0	 60.0	0.16727	0.01162
 60.0	 62.0	0.15660	0.01388
 62.0	 64.0	0.14442	0.01729
 64.0	 66.0	0.12050	0.01883
 66.0	 68.0	0.07291	0.01862
 68.0	 70.0	0.04487	0.02180
 70.0	 72.0	0.28622	1.82987
 72.0	 74.0	0.06672	0.02690
 74.0	 76.0	0.13033	0.10998
 76.0	 78.0	0.08195	0.10202
 78.0	 80.0	0.07100	0.28157
 80.0	 82.0	0.15122	1.03749
 82.0	 84.0	0.05262	0.19426
 84.0	 86.0	0.00894	0.02907
 86.0	 88.0	0.04718	0.05569
 88.0	 90.0	0.01396	0.04417
 90.0	 92.0	0.07065	0.06277
 92.0	 94.0	0.06684	0.29442
 94.0	 96.0	0.02940	0.04521
 96.0	 98.0	0.06257	0.13901
 98.0	100.0	0.05224	0.23536
