  0.0	  2.0	0.49990	0.00475
  2.0	  4.0	0.61332	0.00367
  4.0	  6.0	0.69916	0.00297
  6.0	  8.0	0.76444	0.00248
  8.0	 10.0	0.79944	0.00217
 10.0	 12.0	0.82892	0.00193
 12.0	 14.0	0.84499	0.00181
 14.0	 16.0	0.85764	0.00169
 16.0	 18.0	0.86329	0.00161
 18.0	 20.0	0.86695	0.00156
 20.0	 22.0	0.87134	0.00153
 22.0	 24.0	0.87098	0.00152
 24.0	 26.0	0.86993	0.00153
 26.0	 28.0	0.86514	0.00154
 28.0	 30.0	0.86124	0.00158
 30.0	 32.0	0.85598	0.00163
 32.0	 34.0	0.84693	0.00172
 34.0	 36.0	0.83794	0.00176
 36.0	 38.0	0.82725	0.00186
 38.0	 40.0	0.81431	0.00198
 40.0	 42.0	0.79743	0.00204
 42.0	 44.0	0.78398	0.00218
 44.0	 46.0	0.76229	0.00233
 46.0	 48.0	0.74102	0.00246
 48.0	 50.0	0.71842	0.00265
 50.0	 52.0	0.69182	0.00283
 52.0	 54.0	0.65969	0.00307
 54.0	 56.0	0.63051	0.00325
 56.0	 58.0	0.59533	0.00356
 58.0	 60.0	0.55884	0.00381
 60.0	 62.0	0.52487	0.00416
 62.0	 64.0	0.48724	0.00462
 64.0	 66.0	0.43770	0.00499
 66.0	 68.0	0.38681	0.00542
 68.0	 70.0	0.35997	0.00619
 70.0	 72.0	0.30661	0.00663
 72.0	 74.0	0.27649	0.00785
 74.0	 76.0	0.22924	0.00917
 76.0	 78.0	0.18338	0.00915
 78.0	 80.0	0.18382	0.01317
 80.0	 82.0	0.13930	0.01432
 82.0	 84.0	0.08806	0.01564
 84.0	 86.0	0.08928	0.02549
 86.0	 88.0	0.06653	0.03088
 88.0	 90.0	0.09363	0.04229
 90.0	 92.0	0.03421	0.02644
 92.0	 94.0	0.14782	0.16409
 94.0	 96.0	0.10682	0.08079
 96.0	 98.0	0.04930	0.08652
 98.0	100.0	0.17107	0.24200
