  0.0	  1.0	0.47219	0.00718
  1.0	  2.0	0.52609	0.00632
  2.0	  3.0	0.58467	0.00554
  3.0	  4.0	0.64046	0.00487
  4.0	  5.0	0.67790	0.00440
  5.0	  6.0	0.71980	0.00401
  6.0	  7.0	0.75279	0.00364
  7.0	  8.0	0.77596	0.00339
  8.0	  9.0	0.79193	0.00317
  9.0	 10.0	0.80689	0.00297
 10.0	 11.0	0.82413	0.00276
 11.0	 12.0	0.83368	0.00270
 12.0	 13.0	0.84215	0.00260
 13.0	 14.0	0.84784	0.00252
 14.0	 15.0	0.85353	0.00244
 15.0	 16.0	0.86171	0.00235
 16.0	 17.0	0.86208	0.00229
 17.0	 18.0	0.86448	0.00225
 18.0	 19.0	0.86700	0.00222
 19.0	 20.0	0.86689	0.00220
 20.0	 21.0	0.86888	0.00217
 21.0	 22.0	0.87375	0.00215
 22.0	 23.0	0.87085	0.00215
 23.0	 24.0	0.87111	0.00216
 24.0	 25.0	0.87141	0.00214
 25.0	 26.0	0.86846	0.00218
 26.0	 27.0	0.86595	0.00219
 27.0	 28.0	0.86433	0.00217
 28.0	 29.0	0.86371	0.00223
 29.0	 30.0	0.85878	0.00224
 30.0	 31.0	0.85840	0.00227
 31.0	 32.0	0.85356	0.00234
 32.0	 33.0	0.84766	0.00242
 33.0	 34.0	0.84620	0.00244
 34.0	 35.0	0.84227	0.00245
 35.0	 36.0	0.83357	0.00253
 36.0	 37.0	0.82960	0.00258
 37.0	 38.0	0.82488	0.00267
 38.0	 39.0	0.82052	0.00280
 39.0	 40.0	0.80821	0.00279
 40.0	 41.0	0.80187	0.00283
 41.0	 42.0	0.79290	0.00295
 42.0	 43.0	0.78887	0.00306
 43.0	 44.0	0.77911	0.00310
 44.0	 45.0	0.76327	0.00325
 45.0	 46.0	0.76133	0.00335
 46.0	 47.0	0.74988	0.00343
 47.0	 48.0	0.73210	0.00351
 48.0	 49.0	0.72597	0.00368
 49.0	 50.0	0.71079	0.00382
 50.0	 51.0	0.70002	0.00393
 51.0	 52.0	0.68356	0.00407
 52.0	 53.0	0.66470	0.00429
 53.0	 54.0	0.65465	0.00438
 54.0	 55.0	0.63959	0.00455
 55.0	 56.0	0.62136	0.00464
 56.0	 57.0	0.59987	0.00491
 57.0	 58.0	0.59074	0.00516
 58.0	 59.0	0.57369	0.00533
 59.0	 60.0	0.54354	0.00545
 60.0	 61.0	0.53189	0.00569
 61.0	 62.0	0.51770	0.00608
 62.0	 63.0	0.49444	0.00640
 63.0	 64.0	0.47996	0.00667
 64.0	 65.0	0.45413	0.00699
 65.0	 66.0	0.42086	0.00713
 66.0	 67.0	0.40126	0.00752
 67.0	 68.0	0.37194	0.00782
 68.0	 69.0	0.36768	0.00852
 69.0	 70.0	0.35201	0.00900
 70.0	 71.0	0.31711	0.00917
 71.0	 72.0	0.29560	0.00961
 72.0	 73.0	0.29339	0.01122
 73.0	 74.0	0.25939	0.01099
 74.0	 75.0	0.24164	0.01231
 75.0	 76.0	0.21563	0.01380
 76.0	 77.0	0.18700	0.01207
 77.0	 78.0	0.17961	0.01406
 78.0	 79.0	0.19488	0.01727
 79.0	 80.0	0.16946	0.02066
 80.0	 81.0	0.13763	0.02114
 81.0	 82.0	0.14024	0.01957
 82.0	 83.0	0.11969	0.02395
 83.0	 84.0	0.05621	0.02073
 84.0	 85.0	0.08994	0.03095
 85.0	 86.0	0.08455	0.04679
 86.0	 87.0	0.06516	0.04946
 87.0	 88.0	0.06844	0.03946
 88.0	 89.0	0.09856	0.05516
 89.0	 90.0	0.08379	0.06851
 90.0	 91.0	0.04017	0.04056
 91.0	 92.0	0.04415	0.04479
 92.0	 93.0	0.10837	0.09394
 93.0	 94.0	0.23761	1.11474
 94.0	 95.0	0.00356	0.15400
 95.0	 96.0	0.19386	0.10520
 96.0	 97.0	0.03509	0.16946
 97.0	 98.0	0.79782	10.99035
 98.0	 99.0	0.60191	2.62833
 99.0	100.0	0.28518	0.27254
