  0.0	  5.0	0.58527	0.00247
  5.0	 10.0	0.77015	0.00153
 10.0	 15.0	0.84030	0.00117
 15.0	 20.0	0.86444	0.00101
 20.0	 25.0	0.87121	0.00096
 25.0	 30.0	0.86425	0.00098
 30.0	 35.0	0.84962	0.00107
 35.0	 40.0	0.82339	0.00120
 40.0	 45.0	0.78536	0.00136
 45.0	 50.0	0.73616	0.00159
 50.0	 55.0	0.66880	0.00190
 55.0	 60.0	0.58647	0.00227
 60.0	 65.0	0.49652	0.00283
 65.0	 70.0	0.38355	0.00354
 70.0	 75.0	0.28245	0.00469
 75.0	 80.0	0.18952	0.00659
 80.0	 85.0	0.11166	0.00987
 85.0	 90.0	0.07893	0.02096
 90.0	 95.0	0.03890	0.02460
 95.0	100.0	0.40001	1.26248
