  0.0	  2.0	0.51610	0.00427
  2.0	  4.0	0.53007	0.00409
  4.0	  6.0	0.52870	0.00396
  6.0	  8.0	0.53327	0.00389
  8.0	 10.0	0.52676	0.00387
 10.0	 12.0	0.52435	0.00385
 12.0	 14.0	0.52091	0.00394
 14.0	 16.0	0.51500	0.00398
 16.0	 18.0	0.51088	0.00397
 18.0	 20.0	0.49888	0.00406
 20.0	 22.0	0.49301	0.00414
 22.0	 24.0	0.47668	0.00416
 24.0	 26.0	0.46633	0.00424
 26.0	 28.0	0.46295	0.00435
 28.0	 30.0	0.44802	0.00447
 30.0	 32.0	0.42748	0.00463
 32.0	 34.0	0.42105	0.00472
 34.0	 36.0	0.40303	0.00495
 36.0	 38.0	0.39248	0.00514
 38.0	 40.0	0.38002	0.00551
 40.0	 42.0	0.34853	0.00559
 42.0	 44.0	0.34570	0.00588
 44.0	 46.0	0.31968	0.00637
 46.0	 48.0	0.29508	0.00667
 48.0	 50.0	0.27339	0.00701
 50.0	 52.0	0.25555	0.00758
 52.0	 54.0	0.23302	0.00845
 54.0	 56.0	0.20906	0.00887
 56.0	 58.0	0.15840	0.00960
 58.0	 60.0	0.16118	0.01120
 60.0	 62.0	0.16007	0.01419
 62.0	 64.0	0.12167	0.01456
 64.0	 66.0	0.10805	0.01688
 66.0	 68.0	0.09465	0.02417
 68.0	 70.0	0.07219	0.03508
 70.0	 72.0	0.01636	0.10457
 72.0	 74.0	0.06519	0.02628
 74.0	 76.0	0.03200	0.02700
 76.0	 78.0	0.02329	0.02899
 78.0	 80.0	0.00778	0.03086
 80.0	 82.0	0.02745	0.18832
 82.0	 84.0	0.01010	0.03728
 84.0	 86.0	0.12848	0.41764
 86.0	 88.0	0.03752	0.04428
 88.0	 90.0	0.03811	0.12057
 90.0	 92.0	0.05149	0.04575
 92.0	 94.0	0.01555	0.06850
 94.0	 96.0	0.06278	0.09655
 96.0	 98.0	0.05096	0.11321
 98.0	100.0	0.36419	1.64077
