  0.0	  1.0	0.51509	0.00607
  1.0	  2.0	0.51709	0.00601
  2.0	  3.0	0.52989	0.00592
  3.0	  4.0	0.53034	0.00566
  4.0	  5.0	0.52495	0.00562
  5.0	  6.0	0.53243	0.00559
  6.0	  7.0	0.53417	0.00549
  7.0	  8.0	0.53235	0.00551
  8.0	  9.0	0.52930	0.00554
  9.0	 10.0	0.52428	0.00541
 10.0	 11.0	0.53501	0.00552
 11.0	 12.0	0.51384	0.00538
 12.0	 13.0	0.52326	0.00553
 13.0	 14.0	0.51855	0.00561
 14.0	 15.0	0.51307	0.00557
 15.0	 16.0	0.51697	0.00568
 16.0	 17.0	0.51613	0.00557
 17.0	 18.0	0.50561	0.00565
 18.0	 19.0	0.49939	0.00570
 19.0	 20.0	0.49837	0.00578
 20.0	 21.0	0.49639	0.00589
 21.0	 22.0	0.48969	0.00581
 22.0	 23.0	0.47891	0.00585
 23.0	 24.0	0.47440	0.00592
 24.0	 25.0	0.46720	0.00600
 25.0	 26.0	0.46546	0.00598
 26.0	 27.0	0.46501	0.00609
 27.0	 28.0	0.46092	0.00623
 28.0	 29.0	0.45416	0.00630
 29.0	 30.0	0.44187	0.00635
 30.0	 31.0	0.43476	0.00654
 31.0	 32.0	0.42014	0.00655
 32.0	 33.0	0.41915	0.00646
 33.0	 34.0	0.42322	0.00692
 34.0	 35.0	0.39971	0.00684
 35.0	 36.0	0.40655	0.00717
 36.0	 37.0	0.40330	0.00724
 37.0	 38.0	0.38141	0.00731
 38.0	 39.0	0.38590	0.00768
 39.0	 40.0	0.37416	0.00792
 40.0	 41.0	0.34498	0.00763
 41.0	 42.0	0.35249	0.00822
 42.0	 43.0	0.34985	0.00826
 43.0	 44.0	0.34154	0.00836
 44.0	 45.0	0.32647	0.00884
 45.0	 46.0	0.31272	0.00919
 46.0	 47.0	0.29987	0.00931
 47.0	 48.0	0.29019	0.00957
 48.0	 49.0	0.27415	0.00954
 49.0	 50.0	0.27221	0.01040
 50.0	 51.0	0.26243	0.01060
 51.0	 52.0	0.24840	0.01086
 52.0	 53.0	0.23690	0.01177
 53.0	 54.0	0.22910	0.01215
 54.0	 55.0	0.21111	0.01208
 55.0	 56.0	0.20703	0.01308
 56.0	 57.0	0.16271	0.01316
 57.0	 58.0	0.15380	0.01407
 58.0	 59.0	0.17274	0.01469
 59.0	 60.0	0.14799	0.01738
 60.0	 61.0	0.16116	0.01981
 61.0	 62.0	0.15896	0.02033
 62.0	 63.0	0.13832	0.01922
 63.0	 64.0	0.10232	0.02247
 64.0	 65.0	0.10071	0.02286
 65.0	 66.0	0.11577	0.02508
 66.0	 67.0	0.08514	0.02929
 67.0	 68.0	0.10822	0.04271
 68.0	 69.0	0.12903	0.06021
 69.0	 70.0	0.03517	0.06152
 70.0	 71.0	0.02423	0.12054
 71.0	 72.0	0.00608	0.32473
 72.0	 73.0	0.04548	0.03124
 73.0	 74.0	0.10066	0.06530
 74.0	 75.0	0.06040	0.03437
 75.0	 76.0	0.02015	0.03797
 76.0	 77.0	0.01862	0.04753
 77.0	 78.0	0.03486	0.05341
 78.0	 79.0	0.03585	0.08857
 79.0	 80.0	0.02254	0.11511
 80.0	 81.0	0.10609	0.44658
 81.0	 82.0	0.02740	0.08128
 82.0	 83.0	0.04694	0.32935
 83.0	 84.0	0.03293	0.04993
 84.0	 85.0	0.03401	0.19449
 85.0	 86.0	0.77982	46.88494
 86.0	 87.0	0.09792	0.18382
 87.0	 88.0	0.00322	0.07603
 88.0	 89.0	0.05013	0.07904
 89.0	 90.0	0.18050	0.20877
 90.0	 91.0	0.18361	1.11666
 91.0	 92.0	0.02953	0.04643
 92.0	 93.0	0.06469	0.05287
 93.0	 94.0	0.13586	0.12884
 94.0	 95.0	0.05834	0.18276
 95.0	 96.0	0.03541	0.08971
 96.0	 97.0	0.10979	0.09618
 97.0	 98.0	0.22903	0.24982
 98.0	 99.0	0.08202	0.14892
 99.0	100.0	0.17925	0.18133
