  0.0	  5.0	0.52349	0.00261
  5.0	 10.0	0.53048	0.00246
 10.0	 15.0	0.52074	0.00247
 15.0	 20.0	0.50734	0.00254
 20.0	 25.0	0.48139	0.00264
 25.0	 30.0	0.45755	0.00277
 30.0	 35.0	0.41944	0.00298
 35.0	 40.0	0.39047	0.00333
 40.0	 45.0	0.34309	0.00368
 45.0	 50.0	0.29022	0.00428
 50.0	 55.0	0.23818	0.00511
 55.0	 60.0	0.16982	0.00637
 60.0	 65.0	0.13424	0.00928
 65.0	 70.0	0.09294	0.01544
 70.0	 75.0	0.03988	0.01957
 75.0	 80.0	0.01218	0.02281
 80.0	 85.0	0.02713	0.03436
 85.0	 90.0	0.04014	0.04074
 90.0	 95.0	0.01692	0.03087
 95.0	100.0	0.06813	0.27953
