  0.0	  1.0	0.46668	0.00590
  1.0	  2.0	0.48477	0.00590
  2.0	  3.0	0.49775	0.00587
  3.0	  4.0	0.48783	0.00571
  4.0	  5.0	0.51539	0.00582
  5.0	  6.0	0.50725	0.00573
  6.0	  7.0	0.50988	0.00569
  7.0	  8.0	0.52519	0.00579
  8.0	  9.0	0.52306	0.00574
  9.0	 10.0	0.52320	0.00576
 10.0	 11.0	0.51600	0.00580
 11.0	 12.0	0.52028	0.00590
 12.0	 13.0	0.51534	0.00586
 13.0	 14.0	0.51689	0.00597
 14.0	 15.0	0.50870	0.00600
 15.0	 16.0	0.51140	0.00604
 16.0	 17.0	0.51111	0.00593
 17.0	 18.0	0.50849	0.00607
 18.0	 19.0	0.50587	0.00624
 19.0	 20.0	0.50173	0.00626
 20.0	 21.0	0.50230	0.00637
 21.0	 22.0	0.50026	0.00634
 22.0	 23.0	0.48929	0.00644
 23.0	 24.0	0.47778	0.00654
 24.0	 25.0	0.48688	0.00670
 25.0	 26.0	0.47239	0.00668
 26.0	 27.0	0.46735	0.00668
 27.0	 28.0	0.46076	0.00679
 28.0	 29.0	0.45848	0.00696
 29.0	 30.0	0.46553	0.00714
 30.0	 31.0	0.44942	0.00732
 31.0	 32.0	0.45175	0.00764
 32.0	 33.0	0.44273	0.00749
 33.0	 34.0	0.43042	0.00773
 34.0	 35.0	0.43071	0.00801
 35.0	 36.0	0.42667	0.00812
 36.0	 37.0	0.40757	0.00789
 37.0	 38.0	0.41101	0.00847
 38.0	 39.0	0.39694	0.00842
 39.0	 40.0	0.39451	0.00879
 40.0	 41.0	0.38554	0.00935
 41.0	 42.0	0.38099	0.00949
 42.0	 43.0	0.35737	0.00931
 43.0	 44.0	0.34767	0.00944
 44.0	 45.0	0.34861	0.01014
 45.0	 46.0	0.34747	0.01083
 46.0	 47.0	0.33354	0.01116
 47.0	 48.0	0.32324	0.01138
 48.0	 49.0	0.32054	0.01227
 49.0	 50.0	0.29103	0.01167
 50.0	 51.0	0.27871	0.01243
 51.0	 52.0	0.25154	0.01235
 52.0	 53.0	0.28122	0.01433
 53.0	 54.0	0.24924	0.01424
 54.0	 55.0	0.23516	0.01537
 55.0	 56.0	0.23588	0.01658
 56.0	 57.0	0.27456	0.02214
 57.0	 58.0	0.23656	0.02176
 58.0	 59.0	0.22010	0.01923
 59.0	 60.0	0.20740	0.02528
 60.0	 61.0	0.15864	0.02020
 61.0	 62.0	0.13753	0.01956
 62.0	 63.0	0.12258	0.02046
 63.0	 64.0	0.18517	0.03657
 64.0	 65.0	0.14354	0.03244
 65.0	 66.0	0.07369	0.02931
 66.0	 67.0	0.08656	0.05827
 67.0	 68.0	0.09792	0.04149
 68.0	 69.0	0.07976	0.03826
 69.0	 70.0	0.06950	0.13772
 70.0	 71.0	0.03020	0.10952
 71.0	 72.0	0.02972	0.07953
 72.0	 73.0	0.09946	0.07641
 73.0	 74.0	0.03942	0.04803
 74.0	 75.0	0.02116	0.04043
 75.0	 76.0	0.01684	0.08918
 76.0	 77.0	0.03424	0.04069
 77.0	 78.0	0.03556	0.08723
 78.0	 79.0	0.22355	2.27456
 79.0	 80.0	0.15178	0.24330
 80.0	 81.0	0.01939	0.04574
 81.0	 82.0	0.09216	0.08920
 82.0	 83.0	0.10237	0.22973
 83.0	 84.0	0.01834	0.21387
 84.0	 85.0	0.03349	0.23338
 85.0	 86.0	0.06484	0.34035
 86.0	 87.0	0.37039	62.66425
 87.0	 88.0	0.14274	0.74852
 88.0	 89.0	0.03668	0.04686
 89.0	 90.0	0.05024	0.05018
 90.0	 91.0	0.03770	0.09787
 91.0	 92.0	0.07002	0.11099
 92.0	 93.0	0.07321	0.09043
 93.0	 94.0	0.10350	0.30945
 94.0	 95.0	0.07583	0.54232
 95.0	 96.0	0.03182	0.04678
 96.0	 97.0	0.03210	0.19379
 97.0	 98.0	0.00502	0.19583
 98.0	 99.0	0.08412	0.11821
 99.0	100.0	0.39433	0.79792
