  0.0	  5.0	0.50560	0.00220
  5.0	 10.0	0.68317	0.00143
 10.0	 15.0	0.76175	0.00113
 15.0	 20.0	0.79659	0.00100
 20.0	 25.0	0.80826	0.00097
 25.0	 30.0	0.80731	0.00099
 30.0	 35.0	0.79366	0.00106
 35.0	 40.0	0.76512	0.00118
 40.0	 45.0	0.72871	0.00134
 45.0	 50.0	0.67624	0.00156
 50.0	 55.0	0.61206	0.00184
 55.0	 60.0	0.53423	0.00222
 60.0	 65.0	0.45056	0.00275
 65.0	 70.0	0.36496	0.00362
 70.0	 75.0	0.28552	0.00508
 75.0	 80.0	0.21038	0.00777
 80.0	 85.0	0.15057	0.01488
 85.0	 90.0	0.16250	0.04991
 90.0	 95.0	0.10571	0.06397
 95.0	100.0	0.03063	0.08161
