  0.0	  2.0	0.44095	0.00419
  2.0	  4.0	0.55087	0.00330
  4.0	  6.0	0.63712	0.00271
  6.0	  8.0	0.70431	0.00229
  8.0	 10.0	0.74679	0.00203
 10.0	 12.0	0.78150	0.00182
 12.0	 14.0	0.80148	0.00172
 14.0	 16.0	0.81684	0.00161
 16.0	 18.0	0.82948	0.00154
 18.0	 20.0	0.83498	0.00150
 20.0	 22.0	0.84241	0.00148
 22.0	 24.0	0.84302	0.00148
 24.0	 26.0	0.84287	0.00148
 26.0	 28.0	0.84269	0.00150
 28.0	 30.0	0.83878	0.00154
 30.0	 32.0	0.83348	0.00159
 32.0	 34.0	0.82145	0.00167
 34.0	 36.0	0.81649	0.00172
 36.0	 38.0	0.80515	0.00181
 38.0	 40.0	0.78955	0.00192
 40.0	 42.0	0.78184	0.00200
 42.0	 44.0	0.76310	0.00212
 44.0	 46.0	0.74082	0.00227
 46.0	 48.0	0.72695	0.00241
 48.0	 50.0	0.70145	0.00259
 50.0	 52.0	0.67296	0.00275
 52.0	 54.0	0.64370	0.00299
 54.0	 56.0	0.62126	0.00320
 56.0	 58.0	0.58760	0.00351
 58.0	 60.0	0.55475	0.00378
 60.0	 62.0	0.52159	0.00413
 62.0	 64.0	0.47946	0.00455
 64.0	 66.0	0.44703	0.00510
 66.0	 68.0	0.41616	0.00583
 68.0	 70.0	0.37107	0.00638
 70.0	 72.0	0.35311	0.00764
 72.0	 74.0	0.30210	0.00858
 74.0	 76.0	0.25898	0.01036
 76.0	 78.0	0.22707	0.01133
 78.0	 80.0	0.19579	0.01403
 80.0	 82.0	0.16298	0.01676
 82.0	 84.0	0.17839	0.03168
 84.0	 86.0	0.10807	0.03085
 86.0	 88.0	0.19605	0.09099
 88.0	 90.0	0.10323	0.04663
 90.0	 92.0	0.15236	0.11774
 92.0	 94.0	0.03152	0.03499
 94.0	 96.0	0.08992	0.06801
 96.0	 98.0	0.14009	0.24584
 98.0	100.0	0.14644	0.20715
