  0.0	  5.0	0.49503	0.00262
  5.0	 10.0	0.52075	0.00257
 10.0	 15.0	0.52584	0.00266
 15.0	 20.0	0.51112	0.00274
 20.0	 25.0	0.49205	0.00290
 25.0	 30.0	0.46704	0.00307
 30.0	 35.0	0.44581	0.00343
 35.0	 40.0	0.40765	0.00373
 40.0	 45.0	0.37170	0.00429
 45.0	 50.0	0.32146	0.00511
 50.0	 55.0	0.26849	0.00615
 55.0	 60.0	0.23513	0.00913
 60.0	 65.0	0.15505	0.01069
 65.0	 70.0	0.11169	0.02005
 70.0	 75.0	0.03173	0.03407
 75.0	 80.0	0.04757	0.04950
 80.0	 85.0	0.05063	0.05495
 85.0	 90.0	0.04443	0.03273
 90.0	 95.0	0.03944	0.05797
 95.0	100.0	0.23226	0.38069
