  0.0	  5.0	0.49063	0.00261
  5.0	 10.0	0.51773	0.00257
 10.0	 15.0	0.51547	0.00264
 15.0	 20.0	0.50771	0.00273
 20.0	 25.0	0.49141	0.00290
 25.0	 30.0	0.46491	0.00306
 30.0	 35.0	0.44109	0.00341
 35.0	 40.0	0.40743	0.00372
 40.0	 45.0	0.36442	0.00426
 45.0	 50.0	0.32352	0.00511
 50.0	 55.0	0.25928	0.00608
 55.0	 60.0	0.23463	0.00913
 60.0	 65.0	0.14626	0.01048
 65.0	 70.0	0.08587	0.01908
 70.0	 75.0	0.01979	0.04098
 75.0	 80.0	0.04317	0.03713
 80.0	 85.0	0.07824	0.07364
 85.0	 90.0	0.00957	0.35428
 90.0	 95.0	0.03195	0.04279
 95.0	100.0	0.01714	0.04219
