  0.0	  2.0	0.51546	0.00426
  2.0	  4.0	0.54376	0.00420
  4.0	  6.0	0.55889	0.00419
  6.0	  8.0	0.57223	0.00417
  8.0	 10.0	0.56540	0.00415
 10.0	 12.0	0.58033	0.00426
 12.0	 14.0	0.56895	0.00430
 14.0	 16.0	0.56878	0.00439
 16.0	 18.0	0.56238	0.00437
 18.0	 20.0	0.56109	0.00457
 20.0	 22.0	0.55173	0.00463
 22.0	 24.0	0.54629	0.00477
 24.0	 26.0	0.54092	0.00491
 26.0	 28.0	0.52731	0.00496
 28.0	 30.0	0.51837	0.00518
 30.0	 32.0	0.50910	0.00551
 32.0	 34.0	0.50462	0.00566
 34.0	 36.0	0.48623	0.00597
 36.0	 38.0	0.45834	0.00601
 38.0	 40.0	0.43214	0.00627
 40.0	 42.0	0.43480	0.00698
 42.0	 44.0	0.41269	0.00701
 44.0	 46.0	0.38770	0.00772
 46.0	 48.0	0.36806	0.00832
 48.0	 50.0	0.34747	0.00891
 50.0	 52.0	0.31493	0.00934
 52.0	 54.0	0.28657	0.01040
 54.0	 56.0	0.29091	0.01235
 56.0	 58.0	0.25875	0.01569
 58.0	 60.0	0.22626	0.01572
 60.0	 62.0	0.16292	0.01444
 62.0	 64.0	0.15157	0.01814
 64.0	 66.0	0.13718	0.02144
 66.0	 68.0	0.13256	0.03385
 68.0	 70.0	0.12979	0.06307
 70.0	 72.0	0.01254	0.08019
 72.0	 74.0	0.10619	0.04280
 74.0	 76.0	0.05263	0.04441
 76.0	 78.0	0.05422	0.06750
 78.0	 80.0	0.05104	0.20243
 80.0	 82.0	0.00691	0.04744
 82.0	 84.0	0.04801	0.17726
 84.0	 86.0	0.05076	0.16499
 86.0	 88.0	0.05771	0.06812
 88.0	 90.0	0.09700	0.30688
 90.0	 92.0	0.05447	0.04839
 92.0	 94.0	0.03218	0.14174
 94.0	 96.0	0.20250	0.31141
 96.0	 98.0	0.08399	0.18661
 98.0	100.0	0.06840	0.30817
