  0.0	  1.0	0.41548	0.00627
  1.0	  2.0	0.44654	0.00559
  2.0	  3.0	0.51337	0.00496
  3.0	  4.0	0.54389	0.00435
  4.0	  5.0	0.58828	0.00400
  5.0	  6.0	0.63563	0.00365
  6.0	  7.0	0.66013	0.00335
  7.0	  8.0	0.69108	0.00315
  8.0	  9.0	0.70889	0.00297
  9.0	 10.0	0.71641	0.00283
 10.0	 11.0	0.73561	0.00267
 11.0	 12.0	0.75211	0.00259
 12.0	 13.0	0.76270	0.00252
 13.0	 14.0	0.77567	0.00245
 14.0	 15.0	0.78215	0.00236
 15.0	 16.0	0.78398	0.00232
 16.0	 17.0	0.79403	0.00226
 17.0	 18.0	0.79780	0.00224
 18.0	 19.0	0.80393	0.00220
 19.0	 20.0	0.80299	0.00219
 20.0	 21.0	0.80833	0.00219
 21.0	 22.0	0.80701	0.00215
 22.0	 23.0	0.80856	0.00216
 23.0	 24.0	0.80751	0.00217
 24.0	 25.0	0.80992	0.00215
 25.0	 26.0	0.81100	0.00217
 26.0	 27.0	0.80876	0.00219
 27.0	 28.0	0.80720	0.00221
 28.0	 29.0	0.80922	0.00225
 29.0	 30.0	0.80040	0.00225
 30.0	 31.0	0.80246	0.00228
 31.0	 32.0	0.79698	0.00233
 32.0	 33.0	0.79150	0.00239
 33.0	 34.0	0.79025	0.00243
 34.0	 35.0	0.78706	0.00244
 35.0	 36.0	0.77367	0.00253
 36.0	 37.0	0.77160	0.00256
 37.0	 38.0	0.76391	0.00266
 38.0	 39.0	0.75975	0.00273
 39.0	 40.0	0.75649	0.00276
 40.0	 41.0	0.74635	0.00281
 41.0	 42.0	0.73903	0.00293
 42.0	 43.0	0.72873	0.00300
 43.0	 44.0	0.71895	0.00304
 44.0	 45.0	0.70970	0.00319
 45.0	 46.0	0.70066	0.00326
 46.0	 47.0	0.68672	0.00338
 47.0	 48.0	0.67499	0.00348
 48.0	 49.0	0.66354	0.00358
 49.0	 50.0	0.65453	0.00373
 50.0	 51.0	0.64160	0.00381
 51.0	 52.0	0.62728	0.00395
 52.0	 53.0	0.61255	0.00417
 53.0	 54.0	0.59401	0.00423
 54.0	 55.0	0.58328	0.00442
 55.0	 56.0	0.55868	0.00453
 56.0	 57.0	0.55699	0.00481
 57.0	 58.0	0.53606	0.00499
 58.0	 59.0	0.51834	0.00513
 59.0	 60.0	0.49831	0.00538
 60.0	 61.0	0.48306	0.00559
 61.0	 62.0	0.47218	0.00585
 62.0	 63.0	0.44723	0.00618
 63.0	 64.0	0.42946	0.00640
 64.0	 65.0	0.41680	0.00684
 65.0	 66.0	0.38849	0.00718
 66.0	 67.0	0.39244	0.00776
 67.0	 68.0	0.36672	0.00833
 68.0	 69.0	0.34134	0.00850
 69.0	 70.0	0.33199	0.00907
 70.0	 71.0	0.31170	0.00985
 71.0	 72.0	0.31309	0.01101
 72.0	 73.0	0.27354	0.01119
 73.0	 74.0	0.27673	0.01249
 74.0	 75.0	0.24871	0.01303
 75.0	 76.0	0.23868	0.01604
 76.0	 77.0	0.21746	0.01458
 77.0	 78.0	0.18816	0.01696
 78.0	 79.0	0.18527	0.01745
 79.0	 80.0	0.23056	0.02792
 80.0	 81.0	0.19657	0.03302
 81.0	 82.0	0.14871	0.02289
 82.0	 83.0	0.13588	0.03317
 83.0	 84.0	0.13559	0.04249
 84.0	 85.0	0.13173	0.05492
 85.0	 86.0	0.15483	0.07511
 86.0	 87.0	0.17652	0.08218
 87.0	 88.0	0.31526	0.26580
 88.0	 89.0	0.63315	12.13968
 89.0	 90.0	0.06441	0.05578
 90.0	 91.0	0.29945	1.57411
 91.0	 92.0	0.21050	0.42778
 92.0	 93.0	0.16830	0.74297
 93.0	 94.0	0.03090	0.48132
 94.0	 95.0	0.06304	0.04896
 95.0	 96.0	0.05657	0.05830
 96.0	 97.0	0.04578	0.17966
 97.0	 98.0	0.08755	0.21258
 98.0	 99.0	0.00286	0.07126
 99.0	100.0	0.26375	0.16682
