  0.0	  1.0	0.41013	0.00624
  1.0	  2.0	0.46989	0.00564
  2.0	  3.0	0.52668	0.00499
  3.0	  4.0	0.57387	0.00437
  4.0	  5.0	0.61794	0.00401
  5.0	  6.0	0.65574	0.00365
  6.0	  7.0	0.69095	0.00334
  7.0	  8.0	0.71749	0.00313
  8.0	  9.0	0.73622	0.00295
  9.0	 10.0	0.75721	0.00278
 10.0	 11.0	0.77874	0.00261
 11.0	 12.0	0.78425	0.00254
 12.0	 13.0	0.79740	0.00246
 13.0	 14.0	0.80556	0.00239
 14.0	 15.0	0.81192	0.00232
 15.0	 16.0	0.82172	0.00224
 16.0	 17.0	0.82771	0.00220
 17.0	 18.0	0.83124	0.00217
 18.0	 19.0	0.83412	0.00214
 19.0	 20.0	0.83583	0.00212
 20.0	 21.0	0.84464	0.00211
 21.0	 22.0	0.84025	0.00207
 22.0	 23.0	0.84369	0.00208
 23.0	 24.0	0.84233	0.00209
 24.0	 25.0	0.84382	0.00207
 25.0	 26.0	0.84191	0.00211
 26.0	 27.0	0.84225	0.00213
 27.0	 28.0	0.84313	0.00212
 28.0	 29.0	0.84262	0.00217
 29.0	 30.0	0.83497	0.00218
 30.0	 31.0	0.83680	0.00221
 31.0	 32.0	0.83014	0.00228
 32.0	 33.0	0.82117	0.00234
 33.0	 34.0	0.82175	0.00237
 34.0	 35.0	0.81970	0.00238
 35.0	 36.0	0.81323	0.00247
 36.0	 37.0	0.80781	0.00252
 37.0	 38.0	0.80246	0.00260
 38.0	 39.0	0.79006	0.00270
 39.0	 40.0	0.78906	0.00272
 40.0	 41.0	0.78538	0.00277
 41.0	 42.0	0.77823	0.00290
 42.0	 43.0	0.76813	0.00298
 43.0	 44.0	0.75808	0.00302
 44.0	 45.0	0.74522	0.00318
 45.0	 46.0	0.73638	0.00324
 46.0	 47.0	0.73135	0.00335
 47.0	 48.0	0.72251	0.00347
 48.0	 49.0	0.70777	0.00359
 49.0	 50.0	0.69507	0.00373
 50.0	 51.0	0.68012	0.00382
 51.0	 52.0	0.66575	0.00396
 52.0	 53.0	0.65100	0.00420
 53.0	 54.0	0.63637	0.00426
 54.0	 55.0	0.62707	0.00446
 55.0	 56.0	0.61541	0.00460
 56.0	 57.0	0.59573	0.00488
 57.0	 58.0	0.57923	0.00506
 58.0	 59.0	0.55983	0.00520
 59.0	 60.0	0.54951	0.00551
 60.0	 61.0	0.53409	0.00572
 61.0	 62.0	0.50866	0.00597
 62.0	 63.0	0.48680	0.00631
 63.0	 64.0	0.47203	0.00656
 64.0	 65.0	0.45642	0.00702
 65.0	 66.0	0.43736	0.00741
 66.0	 67.0	0.42327	0.00793
 67.0	 68.0	0.40906	0.00860
 68.0	 69.0	0.37701	0.00874
 69.0	 70.0	0.36502	0.00933
 70.0	 71.0	0.35316	0.01021
 71.0	 72.0	0.35363	0.01149
 72.0	 73.0	0.29960	0.01145
 73.0	 74.0	0.30532	0.01294
 74.0	 75.0	0.25848	0.01317
 75.0	 76.0	0.26145	0.01673
 76.0	 77.0	0.23101	0.01492
 77.0	 78.0	0.22308	0.01746
 78.0	 79.0	0.18865	0.01672
 79.0	 80.0	0.20788	0.02534
 80.0	 81.0	0.17110	0.02628
 81.0	 82.0	0.15581	0.02175
 82.0	 83.0	0.17490	0.03500
 83.0	 84.0	0.18124	0.06686
 84.0	 85.0	0.09867	0.03395
 85.0	 86.0	0.12339	0.06828
 86.0	 87.0	0.17668	0.13410
 87.0	 88.0	0.21447	0.12366
 88.0	 89.0	0.08841	0.04948
 89.0	 90.0	0.12757	0.10430
 90.0	 91.0	0.06303	0.06364
 91.0	 92.0	0.18490	0.18757
 92.0	 93.0	0.04974	0.04312
 93.0	 94.0	0.01580	0.07414
 94.0	 95.0	0.08001	3.46499
 95.0	 96.0	0.12701	0.06892
 96.0	 97.0	0.03678	0.17764
 97.0	 98.0	0.03017	0.41561
 98.0	 99.0	0.08211	0.35855
 99.0	100.0	0.58404	0.55815
