  0.0	  2.0	0.43036	0.00417
  2.0	  4.0	0.51794	0.00327
  4.0	  6.0	0.60127	0.00271
  6.0	  8.0	0.66541	0.00230
  8.0	 10.0	0.70592	0.00206
 10.0	 12.0	0.73988	0.00186
 12.0	 14.0	0.76289	0.00176
 14.0	 16.0	0.78272	0.00165
 16.0	 18.0	0.79027	0.00160
 18.0	 20.0	0.79999	0.00156
 20.0	 22.0	0.80517	0.00154
 22.0	 24.0	0.80325	0.00154
 24.0	 26.0	0.80388	0.00154
 26.0	 28.0	0.80714	0.00156
 28.0	 30.0	0.80111	0.00159
 30.0	 32.0	0.79385	0.00164
 32.0	 34.0	0.78553	0.00171
 34.0	 36.0	0.78271	0.00175
 36.0	 38.0	0.76700	0.00185
 38.0	 40.0	0.75406	0.00195
 40.0	 42.0	0.73594	0.00204
 42.0	 44.0	0.72224	0.00214
 44.0	 46.0	0.69999	0.00229
 46.0	 48.0	0.67476	0.00243
 48.0	 50.0	0.65887	0.00258
 50.0	 52.0	0.62869	0.00274
 52.0	 54.0	0.59524	0.00296
 54.0	 56.0	0.57667	0.00316
 56.0	 58.0	0.54204	0.00346
 58.0	 60.0	0.50370	0.00371
 60.0	 62.0	0.47525	0.00404
 62.0	 64.0	0.43342	0.00444
 64.0	 66.0	0.40731	0.00497
 66.0	 68.0	0.36570	0.00561
 68.0	 70.0	0.33491	0.00620
 70.0	 72.0	0.30611	0.00728
 72.0	 74.0	0.26415	0.00822
 74.0	 76.0	0.24513	0.01018
 76.0	 78.0	0.20787	0.01105
 78.0	 80.0	0.18131	0.01406
 80.0	 82.0	0.15161	0.01702
 82.0	 84.0	0.19591	0.03225
 84.0	 86.0	0.16745	0.05134
 86.0	 88.0	0.11222	0.10428
 88.0	 90.0	0.11361	0.03770
 90.0	 92.0	0.09631	0.14936
 92.0	 94.0	0.01969	0.54421
 94.0	 96.0	0.26864	0.47474
 96.0	 98.0	0.00672	0.05063
 98.0	100.0	0.14408	0.25712
