  0.0	  2.0	0.43126	0.00418
  2.0	  4.0	0.52883	0.00328
  4.0	  6.0	0.61237	0.00270
  6.0	  8.0	0.67573	0.00230
  8.0	 10.0	0.71266	0.00205
 10.0	 12.0	0.74391	0.00186
 12.0	 14.0	0.76919	0.00176
 14.0	 16.0	0.78306	0.00165
 16.0	 18.0	0.79592	0.00159
 18.0	 20.0	0.80346	0.00155
 20.0	 22.0	0.80766	0.00153
 22.0	 24.0	0.80804	0.00153
 24.0	 26.0	0.81046	0.00152
 26.0	 28.0	0.80797	0.00156
 28.0	 30.0	0.80479	0.00159
 30.0	 32.0	0.79972	0.00163
 32.0	 34.0	0.79087	0.00170
 34.0	 36.0	0.78041	0.00176
 36.0	 38.0	0.76777	0.00185
 38.0	 40.0	0.75810	0.00194
 40.0	 42.0	0.74272	0.00203
 42.0	 44.0	0.72383	0.00214
 44.0	 46.0	0.70520	0.00228
 46.0	 48.0	0.68088	0.00242
 48.0	 50.0	0.65905	0.00258
 50.0	 52.0	0.63447	0.00274
 52.0	 54.0	0.60329	0.00297
 54.0	 56.0	0.57107	0.00316
 56.0	 58.0	0.54668	0.00347
 58.0	 60.0	0.50852	0.00371
 60.0	 62.0	0.47768	0.00404
 62.0	 64.0	0.43842	0.00445
 64.0	 66.0	0.40286	0.00495
 66.0	 68.0	0.37978	0.00568
 68.0	 70.0	0.33670	0.00620
 70.0	 72.0	0.31212	0.00734
 72.0	 74.0	0.27487	0.00833
 74.0	 76.0	0.24315	0.01012
 76.0	 78.0	0.20342	0.01106
 78.0	 80.0	0.20319	0.01491
 80.0	 82.0	0.17096	0.01917
 82.0	 84.0	0.13570	0.02595
 84.0	 86.0	0.14213	0.04433
 86.0	 88.0	0.23154	0.09446
 88.0	 90.0	0.04456	0.15090
 90.0	 92.0	0.25087	0.51770
 92.0	 94.0	0.07959	0.17159
 94.0	 96.0	0.06124	0.03568
 96.0	 98.0	0.11198	0.26316
 98.0	100.0	0.03965	0.06940
