  0.0	  1.0	0.51508	0.00607
  1.0	  2.0	0.51585	0.00599
  2.0	  3.0	0.53578	0.00599
  3.0	  4.0	0.55157	0.00589
  4.0	  5.0	0.55727	0.00596
  5.0	  6.0	0.56050	0.00589
  6.0	  7.0	0.57000	0.00585
  7.0	  8.0	0.57448	0.00594
  8.0	  9.0	0.55920	0.00585
  9.0	 10.0	0.57159	0.00590
 10.0	 11.0	0.57868	0.00597
 11.0	 12.0	0.58192	0.00609
 12.0	 13.0	0.57135	0.00604
 13.0	 14.0	0.56653	0.00613
 14.0	 15.0	0.57249	0.00621
 15.0	 16.0	0.56506	0.00621
 16.0	 17.0	0.56490	0.00610
 17.0	 18.0	0.55988	0.00626
 18.0	 19.0	0.56764	0.00648
 19.0	 20.0	0.55456	0.00643
 20.0	 21.0	0.55382	0.00657
 21.0	 22.0	0.54968	0.00652
 22.0	 23.0	0.54533	0.00666
 23.0	 24.0	0.54728	0.00682
 24.0	 25.0	0.53858	0.00692
 25.0	 26.0	0.54328	0.00698
 26.0	 27.0	0.53141	0.00696
 27.0	 28.0	0.52320	0.00707
 28.0	 29.0	0.52296	0.00725
 29.0	 30.0	0.51378	0.00739
 30.0	 31.0	0.50548	0.00760
 31.0	 32.0	0.51294	0.00800
 32.0	 33.0	0.51049	0.00787
 33.0	 34.0	0.49846	0.00815
 34.0	 35.0	0.49115	0.00841
 35.0	 36.0	0.48114	0.00849
 36.0	 37.0	0.45551	0.00818
 37.0	 38.0	0.46159	0.00885
 38.0	 39.0	0.43719	0.00870
 39.0	 40.0	0.42717	0.00904
 40.0	 41.0	0.44537	0.00985
 41.0	 42.0	0.42386	0.00989
 42.0	 43.0	0.41951	0.00990
 43.0	 44.0	0.40585	0.00994
 44.0	 45.0	0.39238	0.01062
 45.0	 46.0	0.38301	0.01125
 46.0	 47.0	0.37671	0.01169
 47.0	 48.0	0.35928	0.01184
 48.0	 49.0	0.38040	0.01323
 49.0	 50.0	0.31485	0.01203
 50.0	 51.0	0.32785	0.01324
 51.0	 52.0	0.30175	0.01319
 52.0	 53.0	0.29225	0.01453
 53.0	 54.0	0.28081	0.01489
 54.0	 55.0	0.29529	0.01690
 55.0	 56.0	0.28643	0.01809
 56.0	 57.0	0.27508	0.02224
 57.0	 58.0	0.24169	0.02211
 58.0	 59.0	0.22987	0.01954
 59.0	 60.0	0.22418	0.02633
 60.0	 61.0	0.16576	0.02037
 61.0	 62.0	0.16003	0.02047
 62.0	 63.0	0.15636	0.02173
 63.0	 64.0	0.14920	0.03276
 64.0	 65.0	0.14340	0.03255
 65.0	 66.0	0.13132	0.02845
 66.0	 67.0	0.14773	0.05082
 67.0	 68.0	0.11566	0.04565
 68.0	 69.0	0.08824	0.04118
 69.0	 70.0	0.20860	0.36488
 70.0	 71.0	0.01549	0.07706
 71.0	 72.0	0.00569	0.30416
 72.0	 73.0	0.15333	0.10533
 73.0	 74.0	0.06827	0.04429
 74.0	 75.0	0.07466	0.04248
 75.0	 76.0	0.05212	0.09821
 76.0	 77.0	0.03828	0.09769
 77.0	 78.0	0.05211	0.07984
 78.0	 79.0	0.17086	0.42211
 79.0	 80.0	0.23273	1.18857
 80.0	 81.0	0.00957	0.04029
 81.0	 82.0	0.02347	0.06962
 82.0	 83.0	0.00736	0.05164
 83.0	 84.0	0.04136	0.06272
 84.0	 85.0	0.08730	0.49920
 85.0	 86.0	0.01298	0.78050
 86.0	 87.0	0.03507	0.06585
 87.0	 88.0	0.25151	5.94313
 88.0	 89.0	0.02926	0.04614
 89.0	 90.0	0.05125	0.05928
 90.0	 91.0	0.02034	0.12367
 91.0	 92.0	0.06032	0.09486
 92.0	 93.0	0.06597	0.05392
 93.0	 94.0	0.04714	0.04470
 94.0	 95.0	0.32925	1.03137
 95.0	 96.0	0.06349	0.16085
 96.0	 97.0	0.12827	0.11237
 97.0	 98.0	0.07094	0.07738
 98.0	 99.0	0.14917	0.27085
 99.0	100.0	0.69499	0.70304
