  0.0	  2.0	0.47651	0.00418
  2.0	  4.0	0.50468	0.00412
  4.0	  6.0	0.51427	0.00410
  6.0	  8.0	0.52252	0.00407
  8.0	 10.0	0.52108	0.00407
 10.0	 12.0	0.52549	0.00415
 12.0	 14.0	0.52578	0.00421
 14.0	 16.0	0.52344	0.00429
 16.0	 18.0	0.51071	0.00425
 18.0	 20.0	0.50701	0.00443
 20.0	 22.0	0.49591	0.00449
 22.0	 24.0	0.49258	0.00462
 24.0	 26.0	0.48237	0.00475
 26.0	 28.0	0.46206	0.00476
 28.0	 30.0	0.46478	0.00499
 30.0	 32.0	0.45458	0.00530
 32.0	 34.0	0.44477	0.00542
 34.0	 36.0	0.42414	0.00570
 36.0	 38.0	0.41039	0.00578
 38.0	 40.0	0.39946	0.00612
 40.0	 42.0	0.38720	0.00669
 42.0	 44.0	0.37072	0.00674
 44.0	 46.0	0.34827	0.00741
 46.0	 48.0	0.32722	0.00794
 48.0	 50.0	0.29656	0.00840
 50.0	 52.0	0.28166	0.00894
 52.0	 54.0	0.26339	0.01005
 54.0	 56.0	0.25903	0.01170
 56.0	 58.0	0.24877	0.01534
 58.0	 60.0	0.20148	0.01502
 60.0	 62.0	0.15995	0.01437
 62.0	 64.0	0.15677	0.01833
 64.0	 66.0	0.13251	0.02117
 66.0	 68.0	0.11877	0.03156
 68.0	 70.0	0.03625	0.14399
 70.0	 72.0	0.07326	0.03926
 72.0	 74.0	0.03354	0.03777
 74.0	 76.0	0.03230	0.05329
 76.0	 78.0	0.07387	0.08855
 78.0	 80.0	0.08345	0.19960
 80.0	 82.0	0.02968	0.03351
 82.0	 84.0	0.00253	0.08446
 84.0	 86.0	0.17938	0.73278
 86.0	 88.0	0.01766	0.09656
 88.0	 90.0	0.07347	0.04012
 90.0	 92.0	0.03134	0.04476
 92.0	 94.0	0.03981	0.18194
 94.0	 96.0	0.10548	0.33712
 96.0	 98.0	0.07831	0.14232
 98.0	100.0	0.09420	0.18948
