  0.0	  2.0	0.47580	0.00417
  2.0	  4.0	0.49274	0.00409
  4.0	  6.0	0.51130	0.00409
  6.0	  8.0	0.51750	0.00406
  8.0	 10.0	0.52314	0.00407
 10.0	 12.0	0.51812	0.00414
 12.0	 14.0	0.51612	0.00418
 14.0	 16.0	0.51007	0.00426
 16.0	 18.0	0.50978	0.00424
 18.0	 20.0	0.50380	0.00442
 20.0	 22.0	0.50127	0.00450
 22.0	 24.0	0.48363	0.00459
 24.0	 26.0	0.47966	0.00473
 26.0	 28.0	0.46412	0.00476
 28.0	 30.0	0.46197	0.00498
 30.0	 32.0	0.45053	0.00528
 32.0	 34.0	0.43668	0.00538
 34.0	 36.0	0.42873	0.00570
 36.0	 38.0	0.40916	0.00577
 38.0	 40.0	0.39566	0.00608
 40.0	 42.0	0.38338	0.00666
 42.0	 44.0	0.35268	0.00663
 44.0	 46.0	0.34804	0.00740
 46.0	 48.0	0.32845	0.00797
 48.0	 50.0	0.30571	0.00846
 50.0	 52.0	0.26523	0.00876
 52.0	 54.0	0.26545	0.01010
 54.0	 56.0	0.23552	0.01127
 56.0	 58.0	0.25599	0.01553
 58.0	 60.0	0.21345	0.01531
 60.0	 62.0	0.14831	0.01405
 62.0	 64.0	0.14816	0.01792
 64.0	 66.0	0.11020	0.02022
 66.0	 68.0	0.10403	0.03157
 68.0	 70.0	0.08251	0.04923
 70.0	 72.0	0.01226	0.16487
 72.0	 74.0	0.03206	0.03367
 74.0	 76.0	0.02019	0.03049
 76.0	 78.0	0.00689	0.20585
 78.0	 80.0	0.16073	0.30428
 80.0	 82.0	0.02150	0.02876
 82.0	 84.0	0.11017	0.10195
 84.0	 86.0	0.09739	0.94035
 86.0	 88.0	0.03859	0.31147
 88.0	 90.0	0.22446	135.07107
 90.0	 92.0	0.03431	0.05929
 92.0	 94.0	0.01801	0.16975
 94.0	 96.0	0.04467	0.07061
 96.0	 98.0	0.04904	0.42024
 98.0	100.0	0.03957	0.21610
