  0.0	  5.0	0.49931	0.00220
  5.0	 10.0	0.67333	0.00143
 10.0	 15.0	0.75667	0.00113
 15.0	 20.0	0.79371	0.00100
 20.0	 25.0	0.80371	0.00097
 25.0	 30.0	0.80453	0.00099
 30.0	 35.0	0.78934	0.00106
 35.0	 40.0	0.76399	0.00119
 40.0	 45.0	0.72443	0.00134
 45.0	 50.0	0.67249	0.00156
 50.0	 55.0	0.60678	0.00183
 55.0	 60.0	0.53262	0.00221
 60.0	 65.0	0.44752	0.00274
 65.0	 70.0	0.36066	0.00361
 70.0	 75.0	0.27882	0.00503
 75.0	 80.0	0.20544	0.00767
 80.0	 85.0	0.16624	0.01524
 85.0	 90.0	0.13010	0.03357
 90.0	 95.0	0.08846	0.15050
 95.0	100.0	0.07256	0.05007
