  0.0	  1.0	0.40833	0.00624
  1.0	  2.0	0.45132	0.00559
  2.0	  3.0	0.49133	0.00494
  3.0	  4.0	0.54302	0.00434
  4.0	  5.0	0.58217	0.00401
  5.0	  6.0	0.61980	0.00365
  6.0	  7.0	0.65120	0.00335
  7.0	  8.0	0.67939	0.00315
  8.0	  9.0	0.69506	0.00298
  9.0	 10.0	0.71663	0.00283
 10.0	 11.0	0.73556	0.00267
 11.0	 12.0	0.74415	0.00260
 12.0	 13.0	0.75865	0.00252
 13.0	 14.0	0.76712	0.00246
 14.0	 15.0	0.77742	0.00238
 15.0	 16.0	0.78797	0.00230
 16.0	 17.0	0.79062	0.00227
 17.0	 18.0	0.78992	0.00225
 18.0	 19.0	0.79762	0.00222
 19.0	 20.0	0.80234	0.00219
 20.0	 21.0	0.80475	0.00220
 21.0	 22.0	0.80559	0.00215
 22.0	 23.0	0.80116	0.00218
 23.0	 24.0	0.80537	0.00217
 24.0	 25.0	0.80167	0.00216
 25.0	 26.0	0.80610	0.00218
 26.0	 27.0	0.80559	0.00220
 27.0	 28.0	0.80868	0.00220
 28.0	 29.0	0.80367	0.00225
 29.0	 30.0	0.79858	0.00225
 30.0	 31.0	0.79698	0.00230
 31.0	 32.0	0.79071	0.00234
 32.0	 33.0	0.78634	0.00240
 33.0	 34.0	0.78469	0.00243
 34.0	 35.0	0.78792	0.00243
 35.0	 36.0	0.77744	0.00252
 36.0	 37.0	0.77183	0.00257
 37.0	 38.0	0.76212	0.00266
 38.0	 39.0	0.75791	0.00274
 39.0	 40.0	0.75027	0.00277
 40.0	 41.0	0.73902	0.00282
 41.0	 42.0	0.73281	0.00294
 42.0	 43.0	0.72780	0.00300
 43.0	 44.0	0.71669	0.00305
 44.0	 45.0	0.70514	0.00320
 45.0	 46.0	0.69479	0.00327
 46.0	 47.0	0.68154	0.00338
 47.0	 48.0	0.66791	0.00349
 48.0	 49.0	0.66280	0.00358
 49.0	 50.0	0.65491	0.00372
 50.0	 51.0	0.63739	0.00380
 51.0	 52.0	0.61991	0.00395
 52.0	 53.0	0.60713	0.00417
 53.0	 54.0	0.58329	0.00421
 54.0	 55.0	0.58479	0.00440
 55.0	 56.0	0.56846	0.00454
 56.0	 57.0	0.55314	0.00480
 57.0	 58.0	0.53054	0.00498
 58.0	 59.0	0.51392	0.00511
 59.0	 60.0	0.49310	0.00538
 60.0	 61.0	0.48933	0.00561
 61.0	 62.0	0.46063	0.00583
 62.0	 63.0	0.44335	0.00617
 63.0	 64.0	0.42330	0.00639
 64.0	 65.0	0.41645	0.00686
 65.0	 66.0	0.39796	0.00722
 66.0	 67.0	0.37092	0.00763
 67.0	 68.0	0.36054	0.00826
 68.0	 69.0	0.34355	0.00852
 69.0	 70.0	0.32594	0.00904
 70.0	 71.0	0.31096	0.00980
 71.0	 72.0	0.30123	0.01086
 72.0	 73.0	0.26881	0.01112
 73.0	 74.0	0.25914	0.01222
 74.0	 75.0	0.24873	0.01300
 75.0	 76.0	0.24305	0.01636
 76.0	 77.0	0.20698	0.01443
 77.0	 78.0	0.20960	0.01716
 78.0	 79.0	0.17334	0.01675
 79.0	 80.0	0.19592	0.02580
 80.0	 81.0	0.14560	0.02638
 81.0	 82.0	0.15574	0.02241
 82.0	 83.0	0.17780	0.03698
 83.0	 84.0	0.22111	0.06050
 84.0	 85.0	0.13786	0.07675
 85.0	 86.0	0.18057	0.07445
 86.0	 87.0	0.15966	0.21650
 87.0	 88.0	0.06813	0.14865
 88.0	 89.0	0.25060	0.20275
 89.0	 90.0	0.02886	0.09745
 90.0	 91.0	0.10038	0.08494
 91.0	 92.0	0.03417	0.09489
 92.0	 93.0	0.06991	0.11553
 93.0	 94.0	0.03809	0.09795
 94.0	 95.0	0.13614	0.47928
 95.0	 96.0	0.18908	0.14923
 96.0	 97.0	0.02984	0.06099
 97.0	 98.0	0.04002	0.21210
 98.0	 99.0	0.20474	0.57252
 99.0	100.0	0.26629	0.38625
