  0.0	  5.0	0.53533	0.00267
  5.0	 10.0	0.56716	0.00263
 10.0	 15.0	0.57423	0.00272
 15.0	 20.0	0.56236	0.00281
 20.0	 25.0	0.54694	0.00299
 25.0	 30.0	0.52700	0.00319
 30.0	 35.0	0.50371	0.00357
 35.0	 40.0	0.45279	0.00386
 40.0	 45.0	0.41778	0.00449
 45.0	 50.0	0.36304	0.00535
 50.0	 55.0	0.29962	0.00643
 55.0	 60.0	0.25243	0.00947
 60.0	 65.0	0.15437	0.01068
 65.0	 70.0	0.12710	0.02112
 70.0	 75.0	0.04760	0.02336
 75.0	 80.0	0.03712	0.06951
 80.0	 85.0	0.03020	0.03825
 85.0	 90.0	0.04740	0.04811
 90.0	 95.0	0.04669	0.08522
 95.0	100.0	0.05928	0.24321
