  0.0	  5.0	0.52501	0.00222
  5.0	 10.0	0.71247	0.00142
 10.0	 15.0	0.79563	0.00110
 15.0	 20.0	0.83015	0.00097
 20.0	 25.0	0.84294	0.00093
 25.0	 30.0	0.84097	0.00096
 30.0	 35.0	0.82592	0.00104
 35.0	 40.0	0.80061	0.00116
 40.0	 45.0	0.76719	0.00133
 45.0	 50.0	0.71872	0.00155
 50.0	 55.0	0.65229	0.00185
 55.0	 60.0	0.58053	0.00225
 60.0	 65.0	0.49251	0.00281
 65.0	 70.0	0.40329	0.00373
 70.0	 75.0	0.31557	0.00524
 75.0	 80.0	0.22338	0.00777
 80.0	 85.0	0.15552	0.01374
 85.0	 90.0	0.14237	0.03780
 90.0	 95.0	0.11293	0.07140
 95.0	100.0	0.03846	0.12137
