  0.0	  1.0	0.47057	0.00593
  1.0	  2.0	0.48233	0.00590
  2.0	  3.0	0.50022	0.00588
  3.0	  4.0	0.50898	0.00577
  4.0	  5.0	0.51195	0.00583
  5.0	  6.0	0.51653	0.00576
  6.0	  7.0	0.52060	0.00571
  7.0	  8.0	0.52447	0.00580
  8.0	  9.0	0.51984	0.00575
  9.0	 10.0	0.52228	0.00575
 10.0	 11.0	0.52205	0.00581
 11.0	 12.0	0.52897	0.00593
 12.0	 13.0	0.52052	0.00589
 13.0	 14.0	0.53112	0.00602
 14.0	 15.0	0.52671	0.00606
 15.0	 16.0	0.52015	0.00607
 16.0	 17.0	0.50997	0.00594
 17.0	 18.0	0.51150	0.00609
 18.0	 19.0	0.50683	0.00626
 19.0	 20.0	0.50715	0.00628
 20.0	 21.0	0.49663	0.00636
 21.0	 22.0	0.49520	0.00634
 22.0	 23.0	0.49672	0.00648
 23.0	 24.0	0.48835	0.00660
 24.0	 25.0	0.48320	0.00669
 25.0	 26.0	0.48150	0.00674
 26.0	 27.0	0.46572	0.00668
 27.0	 28.0	0.45839	0.00678
 28.0	 29.0	0.47030	0.00700
 29.0	 30.0	0.45916	0.00712
 30.0	 31.0	0.45547	0.00736
 31.0	 32.0	0.45371	0.00764
 32.0	 33.0	0.44336	0.00749
 33.0	 34.0	0.44622	0.00785
 34.0	 35.0	0.43004	0.00802
 35.0	 36.0	0.41810	0.00809
 36.0	 37.0	0.41219	0.00790
 37.0	 38.0	0.40871	0.00847
 38.0	 39.0	0.39942	0.00846
 39.0	 40.0	0.39964	0.00885
 40.0	 41.0	0.38811	0.00935
 41.0	 42.0	0.38622	0.00957
 42.0	 43.0	0.37481	0.00950
 43.0	 44.0	0.36658	0.00957
 44.0	 45.0	0.34069	0.01005
 45.0	 46.0	0.35639	0.01095
 46.0	 47.0	0.32315	0.01103
 47.0	 48.0	0.33129	0.01145
 48.0	 49.0	0.30691	0.01211
 49.0	 50.0	0.28631	0.01166
 50.0	 51.0	0.30533	0.01288
 51.0	 52.0	0.25700	0.01242
 52.0	 53.0	0.27464	0.01415
 53.0	 54.0	0.25180	0.01428
 54.0	 55.0	0.25170	0.01574
 55.0	 56.0	0.26697	0.01746
 56.0	 57.0	0.24573	0.02094
 57.0	 58.0	0.25205	0.02252
 58.0	 59.0	0.19373	0.01838
 59.0	 60.0	0.21334	0.02581
 60.0	 61.0	0.17125	0.02071
 61.0	 62.0	0.14818	0.01996
 62.0	 63.0	0.15339	0.02163
 63.0	 64.0	0.16537	0.03428
 64.0	 65.0	0.14476	0.03254
 65.0	 66.0	0.11967	0.02821
 66.0	 67.0	0.10598	0.04459
 67.0	 68.0	0.12353	0.04639
 68.0	 69.0	0.04999	0.05407
 69.0	 70.0	0.11961	0.27578
 70.0	 71.0	0.04437	0.05536
 71.0	 72.0	0.10484	0.06724
 72.0	 73.0	0.06290	0.07701
 73.0	 74.0	0.01041	0.03477
 74.0	 75.0	0.07233	0.04062
 75.0	 76.0	0.07048	0.07499
 76.0	 77.0	0.04965	0.04050
 77.0	 78.0	0.06694	0.10581
 78.0	 79.0	0.09426	0.20172
 79.0	 80.0	0.22440	1.50584
 80.0	 81.0	0.06391	0.04507
 81.0	 82.0	0.13851	0.23086
 82.0	 83.0	0.01459	0.05001
 83.0	 84.0	0.01220	0.03972
 84.0	 85.0	0.11805	0.15395
 85.0	 86.0	0.04868	0.17487
 86.0	 87.0	0.05264	0.07496
 87.0	 88.0	0.02990	0.09896
 88.0	 89.0	0.01468	0.06544
 89.0	 90.0	0.20632	0.25855
 90.0	 91.0	0.06904	0.06504
 91.0	 92.0	0.02555	0.12921
 92.0	 93.0	0.03973	0.10741
 93.0	 94.0	0.01206	0.09841
 94.0	 95.0	0.25770	0.78372
 95.0	 96.0	0.36217	1.08327
 96.0	 97.0	0.14780	0.22900
 97.0	 98.0	0.24333	0.90938
 98.0	 99.0	0.06546	0.20718
 99.0	100.0	0.23227	0.73999
