  0.0	  5.0	0.71184	0.00188
  5.0	 10.0	0.86340	0.00113
 10.0	 15.0	0.91290	0.00085
 15.0	 20.0	0.92924	0.00073
 20.0	 25.0	0.93323	0.00070
 25.0	 30.0	0.92989	0.00071
 30.0	 35.0	0.92162	0.00076
 35.0	 40.0	0.90493	0.00084
 40.0	 45.0	0.88052	0.00097
 45.0	 50.0	0.84486	0.00116
 50.0	 55.0	0.79394	0.00139
 55.0	 60.0	0.72454	0.00174
 60.0	 65.0	0.63717	0.00221
 65.0	 70.0	0.53394	0.00295
 70.0	 75.0	0.41991	0.00416
 75.0	 80.0	0.29813	0.00559
 80.0	 85.0	0.22136	0.00978
 85.0	 90.0	0.12904	0.01101
 90.0	 95.0	0.07818	0.01789
 95.0	100.0	0.11907	0.05663
