  0.0	  2.0	0.63405	0.00364
  2.0	  4.0	0.73992	0.00280
  4.0	  6.0	0.81326	0.00222
  6.0	  8.0	0.85804	0.00184
  8.0	 10.0	0.88694	0.00160
 10.0	 12.0	0.90701	0.00144
 12.0	 14.0	0.91428	0.00131
 14.0	 16.0	0.92425	0.00123
 16.0	 18.0	0.92862	0.00116
 18.0	 20.0	0.93140	0.00113
 20.0	 22.0	0.93416	0.00111
 22.0	 24.0	0.93316	0.00110
 24.0	 26.0	0.93236	0.00109
 26.0	 28.0	0.93055	0.00111
 28.0	 30.0	0.92757	0.00114
 30.0	 32.0	0.92541	0.00116
 32.0	 34.0	0.92074	0.00121
 34.0	 36.0	0.91409	0.00124
 36.0	 38.0	0.90813	0.00132
 38.0	 40.0	0.89805	0.00138
 40.0	 42.0	0.89036	0.00147
 42.0	 44.0	0.87733	0.00156
 44.0	 46.0	0.86418	0.00166
 46.0	 48.0	0.84853	0.00179
 48.0	 50.0	0.83295	0.00194
 50.0	 52.0	0.81023	0.00207
 52.0	 54.0	0.78848	0.00226
 54.0	 56.0	0.76455	0.00247
 56.0	 58.0	0.73295	0.00268
 58.0	 60.0	0.69905	0.00293
 60.0	 62.0	0.66687	0.00325
 62.0	 64.0	0.62772	0.00360
 64.0	 66.0	0.58495	0.00403
 66.0	 68.0	0.54357	0.00452
 68.0	 70.0	0.50119	0.00515
 70.0	 72.0	0.45740	0.00599
 72.0	 74.0	0.40555	0.00690
 74.0	 76.0	0.35547	0.00752
 76.0	 78.0	0.29566	0.00819
 78.0	 80.0	0.27492	0.01087
 80.0	 82.0	0.22692	0.01299
 82.0	 84.0	0.23334	0.01840
 84.0	 86.0	0.15666	0.01540
 86.0	 88.0	0.13030	0.01604
 88.0	 90.0	0.11888	0.02385
 90.0	 92.0	0.10220	0.02425
 92.0	 94.0	0.04095	0.03788
 94.0	 96.0	0.05512	0.09044
 96.0	 98.0	0.05436	0.15640
 98.0	100.0	0.22326	0.19457
