  0.0	  1.0	0.61071	0.00555
  1.0	  2.0	0.65695	0.00480
  2.0	  3.0	0.71573	0.00426
  3.0	  4.0	0.76326	0.00371
  4.0	  5.0	0.80002	0.00332
  5.0	  6.0	0.82641	0.00296
  6.0	  7.0	0.84882	0.00270
  7.0	  8.0	0.86727	0.00251
  8.0	  9.0	0.88106	0.00233
  9.0	 10.0	0.89284	0.00219
 10.0	 11.0	0.90389	0.00208
 11.0	 12.0	0.91013	0.00199
 12.0	 13.0	0.91192	0.00189
 13.0	 14.0	0.91666	0.00182
 14.0	 15.0	0.92228	0.00176
 15.0	 16.0	0.92622	0.00173
 16.0	 17.0	0.92705	0.00166
 17.0	 18.0	0.93017	0.00161
 18.0	 19.0	0.93093	0.00161
 19.0	 20.0	0.93187	0.00158
 20.0	 21.0	0.93311	0.00157
 21.0	 22.0	0.93518	0.00156
 22.0	 23.0	0.93293	0.00156
 23.0	 24.0	0.93340	0.00156
 24.0	 25.0	0.93154	0.00155
 25.0	 26.0	0.93318	0.00154
 26.0	 27.0	0.93147	0.00157
 27.0	 28.0	0.92962	0.00157
 28.0	 29.0	0.92859	0.00160
 29.0	 30.0	0.92656	0.00161
 30.0	 31.0	0.92563	0.00162
 31.0	 32.0	0.92520	0.00166
 32.0	 33.0	0.92240	0.00169
 33.0	 34.0	0.91906	0.00173
 34.0	 35.0	0.91583	0.00175
 35.0	 36.0	0.91234	0.00176
 36.0	 37.0	0.90919	0.00185
 37.0	 38.0	0.90708	0.00187
 38.0	 39.0	0.90101	0.00194
 39.0	 40.0	0.89511	0.00198
 40.0	 41.0	0.89315	0.00204
 41.0	 42.0	0.88753	0.00212
 42.0	 43.0	0.88170	0.00217
 43.0	 44.0	0.87293	0.00224
 44.0	 45.0	0.86710	0.00231
 45.0	 46.0	0.86129	0.00239
 46.0	 47.0	0.85290	0.00249
 47.0	 48.0	0.84419	0.00257
 48.0	 49.0	0.83825	0.00269
 49.0	 50.0	0.82760	0.00280
 50.0	 51.0	0.81374	0.00286
 51.0	 52.0	0.80674	0.00299
 52.0	 53.0	0.79232	0.00311
 53.0	 54.0	0.78474	0.00327
 54.0	 55.0	0.77192	0.00339
 55.0	 56.0	0.75715	0.00359
 56.0	 57.0	0.74112	0.00373
 57.0	 58.0	0.72461	0.00386
 58.0	 59.0	0.70712	0.00403
 59.0	 60.0	0.69090	0.00427
 60.0	 61.0	0.67675	0.00447
 61.0	 62.0	0.65682	0.00472
 62.0	 63.0	0.64348	0.00503
 63.0	 64.0	0.61163	0.00515
 64.0	 65.0	0.59334	0.00552
 65.0	 66.0	0.57655	0.00589
 66.0	 67.0	0.55347	0.00618
 67.0	 68.0	0.53349	0.00661
 68.0	 69.0	0.50875	0.00711
 69.0	 70.0	0.49370	0.00748
 70.0	 71.0	0.46537	0.00797
 71.0	 72.0	0.44957	0.00906
 72.0	 73.0	0.41953	0.00941
 73.0	 74.0	0.39104	0.01015
 74.0	 75.0	0.36682	0.01054
 75.0	 76.0	0.34412	0.01075
 76.0	 77.0	0.31411	0.01151
 77.0	 78.0	0.27626	0.01163
 78.0	 79.0	0.26604	0.01319
 79.0	 80.0	0.28814	0.01877
 80.0	 81.0	0.22573	0.01580
 81.0	 82.0	0.23092	0.02248
 82.0	 83.0	0.22809	0.02390
 83.0	 84.0	0.23833	0.02878
 84.0	 85.0	0.17710	0.02440
 85.0	 86.0	0.13680	0.01967
 86.0	 87.0	0.11508	0.01858
 87.0	 88.0	0.15449	0.03150
 88.0	 89.0	0.13407	0.03691
 89.0	 90.0	0.10285	0.03101
 90.0	 91.0	0.15150	0.03971
 91.0	 92.0	0.03393	0.04201
 92.0	 93.0	0.02687	0.09500
 93.0	 94.0	0.04446	0.04144
 94.0	 95.0	0.18219	0.21960
 95.0	 96.0	0.12545	0.11432
 96.0	 97.0	0.08273	0.13200
 97.0	 98.0	0.13268	0.22062
 98.0	 99.0	0.26157	0.20641
 99.0	100.0	1.11958	0.00000
