  0.0	  2.0	0.65317	0.00322
  2.0	  4.0	0.66562	0.00304
  4.0	  6.0	0.67519	0.00294
  6.0	  8.0	0.67914	0.00293
  8.0	 10.0	0.67938	0.00290
 10.0	 12.0	0.67532	0.00293
 12.0	 14.0	0.67207	0.00293
 14.0	 16.0	0.66558	0.00296
 16.0	 18.0	0.66251	0.00300
 18.0	 20.0	0.65057	0.00302
 20.0	 22.0	0.64376	0.00308
 22.0	 24.0	0.64266	0.00318
 24.0	 26.0	0.62481	0.00321
 26.0	 28.0	0.61357	0.00329
 28.0	 30.0	0.60089	0.00337
 30.0	 32.0	0.58221	0.00343
 32.0	 34.0	0.57110	0.00356
 34.0	 36.0	0.55746	0.00372
 36.0	 38.0	0.53203	0.00382
 38.0	 40.0	0.51212	0.00401
 40.0	 42.0	0.49509	0.00420
 42.0	 44.0	0.48165	0.00451
 44.0	 46.0	0.45378	0.00467
 46.0	 48.0	0.42713	0.00512
 48.0	 50.0	0.39368	0.00519
 50.0	 52.0	0.37026	0.00579
 52.0	 54.0	0.34098	0.00619
 54.0	 56.0	0.31432	0.00707
 56.0	 58.0	0.28389	0.00751
 58.0	 60.0	0.25344	0.00867
 60.0	 62.0	0.22339	0.00986
 62.0	 64.0	0.19664	0.01197
 64.0	 66.0	0.17002	0.01366
 66.0	 68.0	0.11550	0.01323
 68.0	 70.0	0.10661	0.01984
 70.0	 72.0	0.22185	0.14893
 72.0	 74.0	0.06481	0.04588
 74.0	 76.0	0.47412	10.24388
 76.0	 78.0	0.06404	0.08814
 78.0	 80.0	0.02215	0.04763
 80.0	 82.0	0.03800	0.04330
 82.0	 84.0	0.03735	0.03225
 84.0	 86.0	0.04490	0.03965
 86.0	 88.0	0.05022	0.05481
 88.0	 90.0	0.08638	0.07172
 90.0	 92.0	0.40528	3.20755
 92.0	 94.0	0.32396	18.15713
 94.0	 96.0	0.11802	0.08802
 96.0	 98.0	0.10218	0.18821
 98.0	100.0	0.08006	0.64958
