  0.0	  5.0	0.66294	0.00196
  5.0	 10.0	0.67804	0.00184
 10.0	 15.0	0.67270	0.00186
 15.0	 20.0	0.65775	0.00190
 20.0	 25.0	0.63938	0.00198
 25.0	 30.0	0.61101	0.00210
 30.0	 35.0	0.57297	0.00223
 35.0	 40.0	0.52930	0.00246
 40.0	 45.0	0.48335	0.00280
 45.0	 50.0	0.41775	0.00318
 50.0	 55.0	0.34881	0.00388
 55.0	 60.0	0.27768	0.00496
 60.0	 65.0	0.20146	0.00690
 65.0	 70.0	0.12629	0.01012
 70.0	 75.0	0.21419	0.18305
 75.0	 80.0	0.02824	0.05463
 80.0	 85.0	0.06225	0.08232
 85.0	 90.0	0.14935	1.18081
 90.0	 95.0	0.12993	0.55504
 95.0	100.0	0.13112	0.10121
