  0.0	  1.0	0.65159	0.00464
  1.0	  2.0	0.65484	0.00446
  2.0	  3.0	0.66895	0.00440
  3.0	  4.0	0.66245	0.00420
  4.0	  5.0	0.67730	0.00419
  5.0	  6.0	0.67313	0.00412
  6.0	  7.0	0.67574	0.00415
  7.0	  8.0	0.68255	0.00413
  8.0	  9.0	0.67639	0.00404
  9.0	 10.0	0.68244	0.00416
 10.0	 11.0	0.67784	0.00418
 11.0	 12.0	0.67282	0.00412
 12.0	 13.0	0.67310	0.00415
 13.0	 14.0	0.67105	0.00414
 14.0	 15.0	0.66867	0.00419
 15.0	 16.0	0.66249	0.00419
 16.0	 17.0	0.66417	0.00424
 17.0	 18.0	0.66084	0.00424
 18.0	 19.0	0.64993	0.00423
 19.0	 20.0	0.65123	0.00430
 20.0	 21.0	0.64746	0.00440
 21.0	 22.0	0.64012	0.00431
 22.0	 23.0	0.64289	0.00444
 23.0	 24.0	0.64245	0.00455
 24.0	 25.0	0.62400	0.00449
 25.0	 26.0	0.62566	0.00459
 26.0	 27.0	0.61609	0.00462
 27.0	 28.0	0.61104	0.00469
 28.0	 29.0	0.60354	0.00474
 29.0	 30.0	0.59825	0.00479
 30.0	 31.0	0.58613	0.00479
 31.0	 32.0	0.57824	0.00490
 32.0	 33.0	0.58041	0.00507
 33.0	 34.0	0.56164	0.00501
 34.0	 35.0	0.55788	0.00513
 35.0	 36.0	0.55716	0.00540
 36.0	 37.0	0.53894	0.00537
 37.0	 38.0	0.52504	0.00545
 38.0	 39.0	0.50951	0.00554
 39.0	 40.0	0.51487	0.00581
 40.0	 41.0	0.50282	0.00584
 41.0	 42.0	0.48714	0.00604
 42.0	 43.0	0.48458	0.00626
 43.0	 44.0	0.47868	0.00652
 44.0	 45.0	0.46282	0.00673
 45.0	 46.0	0.44487	0.00650
 46.0	 47.0	0.43404	0.00700
 47.0	 48.0	0.42008	0.00749
 48.0	 49.0	0.38800	0.00682
 49.0	 50.0	0.40071	0.00797
 50.0	 51.0	0.37607	0.00798
 51.0	 52.0	0.36427	0.00841
 52.0	 53.0	0.35501	0.00877
 53.0	 54.0	0.32663	0.00875
 54.0	 55.0	0.31871	0.00978
 55.0	 56.0	0.30979	0.01023
 56.0	 57.0	0.29179	0.01044
 57.0	 58.0	0.27570	0.01080
 58.0	 59.0	0.26433	0.01213
 59.0	 60.0	0.24208	0.01240
 60.0	 61.0	0.23078	0.01299
 61.0	 62.0	0.21547	0.01516
 62.0	 63.0	0.21680	0.01798
 63.0	 64.0	0.17670	0.01594
 64.0	 65.0	0.16113	0.01629
 65.0	 66.0	0.18272	0.02429
 66.0	 67.0	0.10543	0.01640
 67.0	 68.0	0.12784	0.02225
 68.0	 69.0	0.09280	0.02522
 69.0	 70.0	0.12126	0.03162
 70.0	 71.0	0.35178	0.88046
 71.0	 72.0	0.17543	0.10569
 72.0	 73.0	0.04671	0.04081
 73.0	 74.0	0.03274	0.08971
 74.0	 75.0	0.11148	0.06116
 75.0	 76.0	0.02652	0.03318
 76.0	 77.0	0.08045	0.05320
 77.0	 78.0	0.00821	0.13400
 78.0	 79.0	0.03802	0.04756
 79.0	 80.0	0.02344	0.17540
 80.0	 81.0	0.00394	0.30582
 81.0	 82.0	0.12481	0.13598
 82.0	 83.0	0.00536	0.12992
 83.0	 84.0	0.05831	0.03793
 84.0	 85.0	0.04746	0.03434
 85.0	 86.0	0.03007	0.11679
 86.0	 87.0	0.07586	0.12571
 87.0	 88.0	0.01641	0.03742
 88.0	 89.0	0.24405	3.22314
 89.0	 90.0	0.07839	0.05698
 90.0	 91.0	0.06964	0.05024
 91.0	 92.0	0.06544	0.05363
 92.0	 93.0	0.07428	0.16761
 93.0	 94.0	0.02815	0.11069
 94.0	 95.0	0.06248	0.25567
 95.0	 96.0	0.11064	0.14816
 96.0	 97.0	0.06240	0.12476
 97.0	 98.0	0.13564	0.76618
 98.0	 99.0	0.12590	0.45403
 99.0	100.0	0.69283	0.00000
