  0.0	  2.0	0.50550	0.00276
  2.0	  4.0	0.61366	0.00216
  4.0	  6.0	0.70315	0.00174
  6.0	  8.0	0.76145	0.00147
  8.0	 10.0	0.79881	0.00128
 10.0	 12.0	0.82461	0.00115
 12.0	 14.0	0.84132	0.00107
 14.0	 16.0	0.85439	0.00100
 16.0	 18.0	0.86054	0.00094
 18.0	 20.0	0.86600	0.00092
 20.0	 22.0	0.86933	0.00091
 22.0	 24.0	0.86813	0.00090
 24.0	 26.0	0.86721	0.00090
 26.0	 28.0	0.86289	0.00093
 28.0	 30.0	0.85950	0.00095
 30.0	 32.0	0.85407	0.00096
 32.0	 34.0	0.84443	0.00101
 34.0	 36.0	0.83556	0.00104
 36.0	 38.0	0.82397	0.00110
 38.0	 40.0	0.81177	0.00116
 40.0	 42.0	0.79786	0.00122
 42.0	 44.0	0.78019	0.00130
 44.0	 46.0	0.76258	0.00138
 46.0	 48.0	0.73654	0.00146
 48.0	 50.0	0.71411	0.00157
 50.0	 52.0	0.68922	0.00168
 52.0	 54.0	0.66059	0.00180
 54.0	 56.0	0.62817	0.00193
 56.0	 58.0	0.59243	0.00209
 58.0	 60.0	0.55677	0.00227
 60.0	 62.0	0.52107	0.00247
 62.0	 64.0	0.47795	0.00267
 64.0	 66.0	0.43567	0.00296
 66.0	 68.0	0.39578	0.00327
 68.0	 70.0	0.34854	0.00360
 70.0	 72.0	0.31677	0.00419
 72.0	 74.0	0.26593	0.00454
 74.0	 76.0	0.23065	0.00525
 76.0	 78.0	0.19676	0.00623
 78.0	 80.0	0.15728	0.00682
 80.0	 82.0	0.11916	0.00811
 82.0	 84.0	0.11209	0.01054
 84.0	 86.0	0.09648	0.01405
 86.0	 88.0	0.06160	0.01578
 88.0	 90.0	0.05588	0.01753
 90.0	 92.0	0.05556	0.02844
 92.0	 94.0	0.05034	0.03415
 94.0	 96.0	0.01371	0.07543
 96.0	 98.0	0.15420	0.20448
 98.0	100.0	0.17464	0.57165
