  0.0	  5.0	0.58903	0.00145
  5.0	 10.0	0.76836	0.00090
 10.0	 15.0	0.83675	0.00069
 15.0	 20.0	0.86207	0.00059
 20.0	 25.0	0.86842	0.00057
 25.0	 30.0	0.86241	0.00059
 30.0	 35.0	0.84673	0.00063
 35.0	 40.0	0.82124	0.00070
 40.0	 45.0	0.78464	0.00081
 45.0	 50.0	0.73216	0.00094
 50.0	 55.0	0.66783	0.00112
 55.0	 60.0	0.58379	0.00135
 60.0	 65.0	0.48966	0.00166
 65.0	 70.0	0.38401	0.00211
 70.0	 75.0	0.28266	0.00284
 75.0	 80.0	0.18719	0.00394
 80.0	 85.0	0.11153	0.00606
 85.0	 90.0	0.07038	0.01020
 90.0	 95.0	0.04147	0.02323
 95.0	100.0	0.17357	0.39134
