  0.0	  1.0	0.47500	0.00417
  1.0	  2.0	0.53446	0.00367
  2.0	  3.0	0.58739	0.00328
  3.0	  4.0	0.63860	0.00285
  4.0	  5.0	0.68779	0.00258
  5.0	  6.0	0.71811	0.00234
  6.0	  7.0	0.74727	0.00214
  7.0	  8.0	0.77548	0.00201
  8.0	  9.0	0.79311	0.00186
  9.0	 10.0	0.80451	0.00175
 10.0	 11.0	0.81929	0.00166
 11.0	 12.0	0.82990	0.00159
 12.0	 13.0	0.83759	0.00154
 13.0	 14.0	0.84506	0.00148
 14.0	 15.0	0.85157	0.00143
 15.0	 16.0	0.85721	0.00139
 16.0	 17.0	0.86010	0.00135
 17.0	 18.0	0.86098	0.00131
 18.0	 19.0	0.86558	0.00130
 19.0	 20.0	0.86642	0.00129
 20.0	 21.0	0.86997	0.00129
 21.0	 22.0	0.86870	0.00127
 22.0	 23.0	0.86801	0.00128
 23.0	 24.0	0.86826	0.00127
 24.0	 25.0	0.86720	0.00128
 25.0	 26.0	0.86722	0.00127
 26.0	 27.0	0.86354	0.00130
 27.0	 28.0	0.86223	0.00132
 28.0	 29.0	0.86105	0.00133
 29.0	 30.0	0.85796	0.00135
 30.0	 31.0	0.85512	0.00135
 31.0	 32.0	0.85300	0.00137
 32.0	 33.0	0.84820	0.00140
 33.0	 34.0	0.84059	0.00144
 34.0	 35.0	0.83659	0.00146
 35.0	 36.0	0.83453	0.00148
 36.0	 37.0	0.82652	0.00155
 37.0	 38.0	0.82143	0.00157
 38.0	 39.0	0.81629	0.00162
 39.0	 40.0	0.80726	0.00166
 40.0	 41.0	0.80355	0.00170
 41.0	 42.0	0.79207	0.00175
 42.0	 43.0	0.78421	0.00180
 43.0	 44.0	0.77614	0.00187
 44.0	 45.0	0.76668	0.00191
 45.0	 46.0	0.75850	0.00198
 46.0	 47.0	0.74099	0.00205
 47.0	 48.0	0.73210	0.00209
 48.0	 49.0	0.72096	0.00217
 49.0	 50.0	0.70717	0.00225
 50.0	 51.0	0.69487	0.00234
 51.0	 52.0	0.68352	0.00243
 52.0	 53.0	0.66627	0.00251
 53.0	 54.0	0.65491	0.00259
 54.0	 55.0	0.63796	0.00269
 55.0	 56.0	0.61823	0.00277
 56.0	 57.0	0.60204	0.00289
 57.0	 58.0	0.58258	0.00301
 58.0	 59.0	0.56500	0.00314
 59.0	 60.0	0.54840	0.00329
 60.0	 61.0	0.53110	0.00343
 61.0	 62.0	0.51082	0.00356
 62.0	 63.0	0.49279	0.00372
 63.0	 64.0	0.46278	0.00382
 64.0	 65.0	0.44547	0.00407
 65.0	 66.0	0.42563	0.00429
 66.0	 67.0	0.40586	0.00450
 67.0	 68.0	0.38537	0.00477
 68.0	 69.0	0.35499	0.00495
 69.0	 70.0	0.34212	0.00524
 70.0	 71.0	0.32505	0.00567
 71.0	 72.0	0.30818	0.00621
 72.0	 73.0	0.27605	0.00621
 73.0	 74.0	0.25533	0.00667
 74.0	 75.0	0.24102	0.00725
 75.0	 76.0	0.22017	0.00762
 76.0	 77.0	0.21093	0.00854
 77.0	 78.0	0.18150	0.00910
 78.0	 79.0	0.16090	0.00912
 79.0	 80.0	0.15374	0.01028
 80.0	 81.0	0.15101	0.01237
 81.0	 82.0	0.08749	0.01142
 82.0	 83.0	0.12335	0.01408
 83.0	 84.0	0.09848	0.01622
 84.0	 85.0	0.08898	0.01834
 85.0	 86.0	0.10378	0.02518
 86.0	 87.0	0.05673	0.02579
 87.0	 88.0	0.06219	0.02077
 88.0	 89.0	0.07292	0.02280
 89.0	 90.0	0.03312	0.02776
 90.0	 91.0	0.03820	0.04164
 91.0	 92.0	0.09260	0.08450
 92.0	 93.0	0.03817	0.03640
 93.0	 94.0	0.05902	0.06883
 94.0	 95.0	0.01652	0.21938
 95.0	 96.0	0.04112	0.10766
 96.0	 97.0	0.08998	0.66447
 97.0	 98.0	0.14585	0.15665
 98.0	 99.0	0.03673	4.29840
 99.0	100.0	0.42398	0.64303
