  0.0	  5.0	0.51721	0.00152
  5.0	 10.0	0.52764	0.00145
 10.0	 15.0	0.51883	0.00146
 15.0	 20.0	0.50246	0.00148
 20.0	 25.0	0.48021	0.00156
 25.0	 30.0	0.45209	0.00164
 30.0	 35.0	0.42548	0.00177
 35.0	 40.0	0.38832	0.00195
 40.0	 45.0	0.33972	0.00217
 45.0	 50.0	0.29451	0.00255
 50.0	 55.0	0.23679	0.00304
 55.0	 60.0	0.17242	0.00382
 60.0	 65.0	0.12755	0.00513
 65.0	 70.0	0.10587	0.00954
 70.0	 75.0	0.04422	0.01387
 75.0	 80.0	0.03966	0.01899
 80.0	 85.0	0.01440	0.09136
 85.0	 90.0	0.00990	0.01663
 90.0	 95.0	0.01393	0.07629
 95.0	100.0	0.05105	0.04262
