  0.0	  1.0	0.49825	0.00351
  1.0	  2.0	0.51272	0.00349
  2.0	  3.0	0.52326	0.00338
  3.0	  4.0	0.52182	0.00331
  4.0	  5.0	0.52980	0.00329
  5.0	  6.0	0.52967	0.00328
  6.0	  7.0	0.52631	0.00326
  7.0	  8.0	0.52432	0.00321
  8.0	  9.0	0.52678	0.00319
  9.0	 10.0	0.53113	0.00323
 10.0	 11.0	0.52315	0.00321
 11.0	 12.0	0.52236	0.00324
 12.0	 13.0	0.51942	0.00329
 13.0	 14.0	0.51683	0.00327
 14.0	 15.0	0.51224	0.00328
 15.0	 16.0	0.50638	0.00327
 16.0	 17.0	0.50937	0.00328
 17.0	 18.0	0.50229	0.00331
 18.0	 19.0	0.49724	0.00334
 19.0	 20.0	0.49694	0.00340
 20.0	 21.0	0.48882	0.00346
 21.0	 22.0	0.48793	0.00342
 22.0	 23.0	0.47757	0.00344
 23.0	 24.0	0.47686	0.00353
 24.0	 25.0	0.46970	0.00354
 25.0	 26.0	0.46347	0.00358
 26.0	 27.0	0.45708	0.00361
 27.0	 28.0	0.45383	0.00366
 28.0	 29.0	0.44950	0.00371
 29.0	 30.0	0.43604	0.00378
 30.0	 31.0	0.43831	0.00383
 31.0	 32.0	0.43173	0.00388
 32.0	 33.0	0.43360	0.00400
 33.0	 34.0	0.41439	0.00406
 34.0	 35.0	0.40859	0.00408
 35.0	 36.0	0.40114	0.00418
 36.0	 37.0	0.39785	0.00428
 37.0	 38.0	0.38783	0.00436
 38.0	 39.0	0.38126	0.00445
 39.0	 40.0	0.37285	0.00456
 40.0	 41.0	0.36504	0.00465
 41.0	 42.0	0.34855	0.00480
 42.0	 43.0	0.33849	0.00489
 43.0	 44.0	0.32727	0.00492
 44.0	 45.0	0.31733	0.00506
 45.0	 46.0	0.31027	0.00520
 46.0	 47.0	0.31026	0.00572
 47.0	 48.0	0.29646	0.00576
 48.0	 49.0	0.27832	0.00582
 49.0	 50.0	0.27586	0.00616
 50.0	 51.0	0.26218	0.00652
 51.0	 52.0	0.23987	0.00644
 52.0	 53.0	0.23562	0.00652
 53.0	 54.0	0.22458	0.00722
 54.0	 55.0	0.21983	0.00742
 55.0	 56.0	0.20723	0.00800
 56.0	 57.0	0.17945	0.00806
 57.0	 58.0	0.17052	0.00859
 58.0	 59.0	0.15415	0.00883
 59.0	 60.0	0.14510	0.00952
 60.0	 61.0	0.14848	0.00982
 61.0	 62.0	0.12693	0.01032
 62.0	 63.0	0.13324	0.01191
 63.0	 64.0	0.12861	0.01392
 64.0	 65.0	0.09647	0.01292
 65.0	 66.0	0.10122	0.01529
 66.0	 67.0	0.11342	0.01760
 67.0	 68.0	0.09098	0.02063
 68.0	 69.0	0.09945	0.02590
 69.0	 70.0	0.21301	0.19337
 70.0	 71.0	0.17067	0.12625
 71.0	 72.0	0.03436	0.03293
 72.0	 73.0	0.04110	0.02354
 73.0	 74.0	0.01170	0.02614
 74.0	 75.0	0.05762	0.08290
 75.0	 76.0	0.00765	0.11880
 76.0	 77.0	0.04628	0.03208
 77.0	 78.0	0.02727	0.05216
 78.0	 79.0	0.03412	0.03182
 79.0	 80.0	0.02562	0.04148
 80.0	 81.0	0.02215	0.02668
 81.0	 82.0	0.04800	0.06692
 82.0	 83.0	0.05349	0.20525
 83.0	 84.0	0.07058	0.08875
 84.0	 85.0	0.03162	0.04198
 85.0	 86.0	0.01824	0.13370
 86.0	 87.0	0.01471	0.03661
 87.0	 88.0	0.03615	0.09722
 88.0	 89.0	0.10364	0.09095
 89.0	 90.0	0.00574	0.03607
 90.0	 91.0	0.05193	0.13837
 91.0	 92.0	0.02421	0.06350
 92.0	 93.0	0.00476	0.11702
 93.0	 94.0	0.00837	0.11324
 94.0	 95.0	0.08730	0.10848
 95.0	 96.0	0.00993	0.05485
 96.0	 97.0	0.05902	0.09453
 97.0	 98.0	0.41122	1.70064
 98.0	 99.0	0.09721	0.12724
 99.0	100.0	0.11738	0.59799
