  0.0	  2.0	0.50549	0.00248
  2.0	  4.0	0.52252	0.00236
  4.0	  6.0	0.52974	0.00232
  6.0	  8.0	0.52531	0.00229
  8.0	 10.0	0.52895	0.00227
 10.0	 12.0	0.52276	0.00228
 12.0	 14.0	0.51813	0.00232
 14.0	 16.0	0.50931	0.00231
 16.0	 18.0	0.50584	0.00233
 18.0	 20.0	0.49707	0.00238
 20.0	 22.0	0.48837	0.00243
 22.0	 24.0	0.47721	0.00246
 24.0	 26.0	0.46660	0.00252
 26.0	 28.0	0.45548	0.00257
 28.0	 30.0	0.44279	0.00265
 30.0	 32.0	0.43505	0.00272
 32.0	 34.0	0.42413	0.00285
 34.0	 36.0	0.40489	0.00292
 36.0	 38.0	0.39287	0.00305
 38.0	 40.0	0.37706	0.00319
 40.0	 42.0	0.35693	0.00334
 42.0	 44.0	0.33295	0.00347
 44.0	 46.0	0.31381	0.00363
 46.0	 48.0	0.30341	0.00406
 48.0	 50.0	0.27707	0.00423
 50.0	 52.0	0.25108	0.00458
 52.0	 54.0	0.23010	0.00484
 54.0	 56.0	0.21362	0.00544
 56.0	 58.0	0.17506	0.00588
 58.0	 60.0	0.14991	0.00646
 60.0	 62.0	0.13799	0.00711
 62.0	 64.0	0.13118	0.00904
 64.0	 66.0	0.09852	0.00987
 66.0	 68.0	0.10458	0.01304
 68.0	 70.0	0.12380	0.02952
 70.0	 72.0	0.09057	0.03812
 72.0	 74.0	0.02652	0.01527
 74.0	 76.0	0.03088	0.03497
 76.0	 78.0	0.03799	0.02733
 78.0	 80.0	0.05713	0.06066
 80.0	 82.0	0.00213	0.08212
 82.0	 84.0	0.03037	0.05660
 84.0	 86.0	0.03411	0.02678
 86.0	 88.0	0.00206	0.09840
 88.0	 90.0	0.03192	0.02623
 90.0	 92.0	0.01458	0.09335
 92.0	 94.0	0.01998	0.05586
 94.0	 96.0	0.08781	0.20234
 96.0	 98.0	0.11106	0.08587
 98.0	100.0	0.08445	0.12616
