  0.0	  2.0	0.51107	0.00279
  2.0	  4.0	0.61637	0.00217
  4.0	  6.0	0.70603	0.00175
  6.0	  8.0	0.76190	0.00147
  8.0	 10.0	0.80153	0.00128
 10.0	 12.0	0.82773	0.00115
 12.0	 14.0	0.84212	0.00107
 14.0	 16.0	0.85502	0.00100
 16.0	 18.0	0.86394	0.00095
 18.0	 20.0	0.86756	0.00092
 20.0	 22.0	0.86995	0.00091
 22.0	 24.0	0.87129	0.00091
 24.0	 26.0	0.86832	0.00090
 26.0	 28.0	0.86509	0.00093
 28.0	 30.0	0.85966	0.00095
 30.0	 32.0	0.85517	0.00096
 32.0	 34.0	0.84705	0.00101
 34.0	 36.0	0.83917	0.00104
 36.0	 38.0	0.82647	0.00111
 38.0	 40.0	0.81380	0.00116
 40.0	 42.0	0.79705	0.00122
 42.0	 44.0	0.78048	0.00130
 44.0	 46.0	0.76147	0.00138
 46.0	 48.0	0.74418	0.00148
 48.0	 50.0	0.71679	0.00157
 50.0	 52.0	0.68899	0.00168
 52.0	 54.0	0.66112	0.00181
 54.0	 56.0	0.63033	0.00193
 56.0	 58.0	0.59553	0.00210
 58.0	 60.0	0.55714	0.00227
 60.0	 62.0	0.52310	0.00248
 62.0	 64.0	0.48699	0.00272
 64.0	 66.0	0.43970	0.00298
 66.0	 68.0	0.39634	0.00328
 68.0	 70.0	0.36298	0.00375
 70.0	 72.0	0.31264	0.00413
 72.0	 74.0	0.28003	0.00479
 74.0	 76.0	0.23407	0.00533
 76.0	 78.0	0.19392	0.00614
 78.0	 80.0	0.16328	0.00708
 80.0	 82.0	0.12346	0.00840
 82.0	 84.0	0.09456	0.00889
 84.0	 86.0	0.07974	0.01162
 86.0	 88.0	0.06434	0.01648
 88.0	 90.0	0.07821	0.02454
 90.0	 92.0	0.04562	0.02334
 92.0	 94.0	0.04793	0.03252
 94.0	 96.0	0.18592	1.02305
 96.0	 98.0	0.03075	0.04078
 98.0	100.0	0.33941	1.11099
