  0.0	  1.0	0.47975	0.00421
  1.0	  2.0	0.54080	0.00371
  2.0	  3.0	0.58904	0.00329
  3.0	  4.0	0.64227	0.00287
  4.0	  5.0	0.68821	0.00258
  5.0	  6.0	0.72330	0.00236
  6.0	  7.0	0.74974	0.00215
  7.0	  8.0	0.77395	0.00200
  8.0	  9.0	0.79132	0.00186
  9.0	 10.0	0.81165	0.00176
 10.0	 11.0	0.82281	0.00167
 11.0	 12.0	0.83261	0.00159
 12.0	 13.0	0.83693	0.00153
 13.0	 14.0	0.84732	0.00148
 14.0	 15.0	0.85294	0.00143
 15.0	 16.0	0.85710	0.00139
 16.0	 17.0	0.86085	0.00135
 17.0	 18.0	0.86699	0.00132
 18.0	 19.0	0.86796	0.00131
 19.0	 20.0	0.86717	0.00129
 20.0	 21.0	0.86908	0.00129
 21.0	 22.0	0.87081	0.00128
 22.0	 23.0	0.87145	0.00128
 23.0	 24.0	0.87112	0.00128
 24.0	 25.0	0.86811	0.00128
 25.0	 26.0	0.86853	0.00128
 26.0	 27.0	0.86561	0.00131
 27.0	 28.0	0.86458	0.00132
 28.0	 29.0	0.86051	0.00133
 29.0	 30.0	0.85881	0.00135
 30.0	 31.0	0.85528	0.00135
 31.0	 32.0	0.85507	0.00138
 32.0	 33.0	0.84887	0.00141
 33.0	 34.0	0.84520	0.00145
 34.0	 35.0	0.84012	0.00146
 35.0	 36.0	0.83820	0.00148
 36.0	 37.0	0.82843	0.00155
 37.0	 38.0	0.82452	0.00158
 38.0	 39.0	0.81772	0.00162
 39.0	 40.0	0.80990	0.00166
 40.0	 41.0	0.80052	0.00169
 41.0	 42.0	0.79352	0.00176
 42.0	 43.0	0.78613	0.00180
 43.0	 44.0	0.77479	0.00186
 44.0	 45.0	0.76722	0.00192
 45.0	 46.0	0.75572	0.00198
 46.0	 47.0	0.74799	0.00206
 47.0	 48.0	0.74038	0.00212
 48.0	 49.0	0.72305	0.00218
 49.0	 50.0	0.71046	0.00226
 50.0	 51.0	0.69610	0.00234
 51.0	 52.0	0.68179	0.00242
 52.0	 53.0	0.66810	0.00252
 53.0	 54.0	0.65412	0.00259
 54.0	 55.0	0.63632	0.00268
 55.0	 56.0	0.62429	0.00279
 56.0	 57.0	0.60444	0.00291
 57.0	 58.0	0.58640	0.00303
 58.0	 59.0	0.56619	0.00314
 59.0	 60.0	0.54792	0.00328
 60.0	 61.0	0.53465	0.00345
 61.0	 62.0	0.51128	0.00356
 62.0	 63.0	0.49387	0.00373
 63.0	 64.0	0.48003	0.00397
 64.0	 65.0	0.44544	0.00407
 65.0	 66.0	0.43401	0.00438
 66.0	 67.0	0.41013	0.00455
 67.0	 68.0	0.38206	0.00473
 68.0	 69.0	0.37494	0.00523
 69.0	 70.0	0.35090	0.00538
 70.0	 71.0	0.32861	0.00574
 71.0	 72.0	0.29593	0.00596
 72.0	 73.0	0.28538	0.00642
 73.0	 74.0	0.27477	0.00718
 74.0	 75.0	0.24472	0.00736
 75.0	 76.0	0.22331	0.00773
 76.0	 77.0	0.19704	0.00798
 77.0	 78.0	0.19144	0.00960
 78.0	 79.0	0.17443	0.00989
 79.0	 80.0	0.15179	0.01015
 80.0	 81.0	0.13118	0.01074
 81.0	 82.0	0.10925	0.01425
 82.0	 83.0	0.10526	0.01202
 83.0	 84.0	0.08197	0.01350
 84.0	 85.0	0.07376	0.01520
 85.0	 86.0	0.08529	0.02070
 86.0	 87.0	0.05049	0.02296
 87.0	 88.0	0.08303	0.02773
 88.0	 89.0	0.08666	0.02710
 89.0	 90.0	0.06638	0.05563
 90.0	 91.0	0.03815	0.04158
 91.0	 92.0	0.04117	0.03757
 92.0	 93.0	0.06966	0.06644
 93.0	 94.0	0.03497	0.04079
 94.0	 95.0	0.44523	5.91351
 95.0	 96.0	0.14762	0.38646
 96.0	 97.0	0.00900	0.06647
 97.0	 98.0	0.10618	0.11403
 98.0	 99.0	1.96852	230.36979
 99.0	100.0	0.28778	0.43646
