  0.0	  5.0	0.59216	0.00146
  5.0	 10.0	0.77063	0.00091
 10.0	 15.0	0.83858	0.00069
 15.0	 20.0	0.86404	0.00060
 20.0	 25.0	0.87012	0.00057
 25.0	 30.0	0.86362	0.00059
 30.0	 35.0	0.84893	0.00063
 35.0	 40.0	0.82379	0.00071
 40.0	 45.0	0.78453	0.00081
 45.0	 50.0	0.73570	0.00095
 50.0	 55.0	0.66762	0.00112
 55.0	 60.0	0.58648	0.00135
 60.0	 65.0	0.49404	0.00167
 65.0	 70.0	0.39139	0.00215
 70.0	 75.0	0.28704	0.00288
 75.0	 80.0	0.18902	0.00397
 80.0	 85.0	0.10391	0.00565
 85.0	 90.0	0.07508	0.01088
 90.0	 95.0	0.03936	0.02204
 95.0	100.0	0.01993	0.04493
