  0.0	  2.0	0.51017	0.00250
  2.0	  4.0	0.52354	0.00237
  4.0	  6.0	0.52948	0.00232
  6.0	  8.0	0.53154	0.00231
  8.0	 10.0	0.52997	0.00228
 10.0	 12.0	0.52974	0.00231
 12.0	 14.0	0.51549	0.00231
 14.0	 16.0	0.51572	0.00234
 16.0	 18.0	0.50971	0.00235
 18.0	 20.0	0.49759	0.00238
 20.0	 22.0	0.48793	0.00243
 22.0	 24.0	0.48370	0.00250
 24.0	 26.0	0.47223	0.00255
 26.0	 28.0	0.46335	0.00261
 28.0	 30.0	0.44917	0.00269
 30.0	 32.0	0.43906	0.00275
 32.0	 34.0	0.41936	0.00282
 34.0	 36.0	0.40585	0.00293
 36.0	 38.0	0.39510	0.00307
 38.0	 40.0	0.37065	0.00313
 40.0	 42.0	0.35408	0.00331
 42.0	 44.0	0.33826	0.00352
 44.0	 46.0	0.32365	0.00374
 46.0	 48.0	0.29669	0.00397
 48.0	 50.0	0.27671	0.00423
 50.0	 52.0	0.25158	0.00459
 52.0	 54.0	0.24303	0.00511
 54.0	 56.0	0.21691	0.00552
 56.0	 58.0	0.19078	0.00640
 58.0	 60.0	0.16937	0.00730
 60.0	 62.0	0.15285	0.00788
 62.0	 64.0	0.12225	0.00842
 64.0	 66.0	0.11370	0.01139
 66.0	 68.0	0.08046	0.01004
 68.0	 70.0	0.04939	0.01178
 70.0	 72.0	0.04388	0.01847
 72.0	 74.0	0.08487	0.04888
 74.0	 76.0	0.02542	0.02879
 76.0	 78.0	0.07641	0.05497
 78.0	 80.0	0.03584	0.03806
 80.0	 82.0	0.13147	5.06143
 82.0	 84.0	0.01834	0.03418
 84.0	 86.0	0.06645	0.05217
 86.0	 88.0	0.00904	0.43267
 88.0	 90.0	0.09015	0.07408
 90.0	 92.0	0.01226	0.07855
 92.0	 94.0	0.03223	0.09008
 94.0	 96.0	0.01905	0.04389
 96.0	 98.0	0.13916	0.10759
 98.0	100.0	0.16930	0.25292
