  0.0	  1.0	0.50789	0.00358
  1.0	  2.0	0.51247	0.00349
  2.0	  3.0	0.52190	0.00337
  3.0	  4.0	0.52514	0.00333
  4.0	  5.0	0.53182	0.00331
  5.0	  6.0	0.52717	0.00326
  6.0	  7.0	0.52946	0.00328
  7.0	  8.0	0.53362	0.00327
  8.0	  9.0	0.53169	0.00322
  9.0	 10.0	0.52824	0.00321
 10.0	 11.0	0.53057	0.00326
 11.0	 12.0	0.52892	0.00328
 12.0	 13.0	0.51586	0.00326
 13.0	 14.0	0.51512	0.00326
 14.0	 15.0	0.51590	0.00330
 15.0	 16.0	0.51554	0.00332
 16.0	 17.0	0.51507	0.00332
 17.0	 18.0	0.50435	0.00332
 18.0	 19.0	0.50104	0.00336
 19.0	 20.0	0.49415	0.00338
 20.0	 21.0	0.48597	0.00344
 21.0	 22.0	0.48987	0.00343
 22.0	 23.0	0.48835	0.00352
 23.0	 24.0	0.47899	0.00354
 24.0	 25.0	0.47557	0.00359
 25.0	 26.0	0.46887	0.00362
 26.0	 27.0	0.46093	0.00365
 27.0	 28.0	0.46585	0.00375
 28.0	 29.0	0.45719	0.00378
 29.0	 30.0	0.44112	0.00382
 30.0	 31.0	0.44106	0.00385
 31.0	 32.0	0.43703	0.00392
 32.0	 33.0	0.42100	0.00388
 33.0	 34.0	0.41775	0.00409
 34.0	 35.0	0.41118	0.00410
 35.0	 36.0	0.40045	0.00417
 36.0	 37.0	0.39641	0.00427
 37.0	 38.0	0.39385	0.00442
 38.0	 39.0	0.37541	0.00439
 39.0	 40.0	0.36588	0.00448
 40.0	 41.0	0.35857	0.00456
 41.0	 42.0	0.34950	0.00482
 42.0	 43.0	0.33640	0.00486
 43.0	 44.0	0.34031	0.00512
 44.0	 45.0	0.33064	0.00527
 45.0	 46.0	0.31663	0.00531
 46.0	 47.0	0.29677	0.00547
 47.0	 48.0	0.29676	0.00576
 48.0	 49.0	0.27937	0.00584
 49.0	 50.0	0.27397	0.00612
 50.0	 51.0	0.25204	0.00627
 51.0	 52.0	0.25118	0.00674
 52.0	 53.0	0.25144	0.00696
 53.0	 54.0	0.23432	0.00753
 54.0	 55.0	0.22418	0.00757
 55.0	 56.0	0.20938	0.00808
 56.0	 57.0	0.19720	0.00885
 57.0	 58.0	0.18411	0.00928
 58.0	 59.0	0.16818	0.00964
 59.0	 60.0	0.17130	0.01124
 60.0	 61.0	0.15897	0.01051
 61.0	 62.0	0.14636	0.01190
 62.0	 63.0	0.13691	0.01224
 63.0	 64.0	0.10757	0.01164
 64.0	 65.0	0.12243	0.01640
 65.0	 66.0	0.10467	0.01581
 66.0	 67.0	0.09820	0.01524
 67.0	 68.0	0.06246	0.01416
 68.0	 69.0	0.05925	0.01543
 69.0	 70.0	0.02972	0.02698
 70.0	 71.0	0.03817	0.02824
 71.0	 72.0	0.04116	0.03945
 72.0	 73.0	0.06952	0.03981
 73.0	 74.0	0.14058	0.31408
 74.0	 75.0	0.02648	0.03810
 75.0	 76.0	0.00903	0.14011
 76.0	 77.0	0.09272	0.06426
 77.0	 78.0	0.05546	0.10606
 78.0	 79.0	0.09748	0.09090
 79.0	 80.0	0.03088	0.05000
 80.0	 81.0	0.05424	0.06532
 81.0	 82.0	0.03704	0.05165
 82.0	 83.0	0.06385	0.24498
 83.0	 84.0	0.03501	0.04401
 84.0	 85.0	0.03171	0.04210
 85.0	 86.0	0.30793	2.25762
 86.0	 87.0	0.03739	0.09305
 87.0	 88.0	0.01554	0.04180
 88.0	 89.0	0.05474	0.04804
 89.0	 90.0	0.04129	0.25951
 90.0	 91.0	0.01692	0.04507
 91.0	 92.0	0.02691	0.07058
 92.0	 93.0	0.01629	0.40044
 93.0	 94.0	0.19950	2.69983
 94.0	 95.0	0.03683	0.04576
 95.0	 96.0	0.11026	0.60917
 96.0	 97.0	0.25294	0.40513
 97.0	 98.0	0.04108	0.16989
 98.0	 99.0	0.17492	0.22896
 99.0	100.0	0.19913	1.01448
