  0.0	  5.0	0.51985	0.00153
  5.0	 10.0	0.53003	0.00145
 10.0	 15.0	0.52129	0.00146
 15.0	 20.0	0.50606	0.00149
 20.0	 25.0	0.48378	0.00157
 25.0	 30.0	0.45887	0.00166
 30.0	 35.0	0.42574	0.00177
 35.0	 40.0	0.38654	0.00194
 40.0	 45.0	0.34317	0.00220
 45.0	 50.0	0.29311	0.00254
 50.0	 55.0	0.24282	0.00311
 55.0	 60.0	0.18669	0.00413
 60.0	 65.0	0.13505	0.00543
 65.0	 70.0	0.07491	0.00675
 70.0	 75.0	0.04912	0.01541
 75.0	 80.0	0.04952	0.02372
 80.0	 85.0	0.00555	0.03521
 85.0	 90.0	0.03984	0.06692
 90.0	 95.0	0.01133	0.06204
 95.0	100.0	0.13120	0.10953
