  0.0	  1.0	0.42187	0.00370
  1.0	  2.0	0.47228	0.00324
  2.0	  3.0	0.52406	0.00293
  3.0	  4.0	0.58203	0.00260
  4.0	  5.0	0.62229	0.00233
  5.0	  6.0	0.65778	0.00215
  6.0	  7.0	0.69445	0.00199
  7.0	  8.0	0.71465	0.00185
  8.0	  9.0	0.74059	0.00174
  9.0	 10.0	0.75850	0.00165
 10.0	 11.0	0.77418	0.00157
 11.0	 12.0	0.78653	0.00151
 12.0	 13.0	0.79919	0.00146
 13.0	 14.0	0.80766	0.00141
 14.0	 15.0	0.81394	0.00137
 15.0	 16.0	0.82180	0.00133
 16.0	 17.0	0.82756	0.00130
 17.0	 18.0	0.83290	0.00127
 18.0	 19.0	0.83720	0.00126
 19.0	 20.0	0.83824	0.00125
 20.0	 21.0	0.83923	0.00124
 21.0	 22.0	0.84116	0.00123
 22.0	 23.0	0.84051	0.00124
 23.0	 24.0	0.84286	0.00124
 24.0	 25.0	0.84206	0.00124
 25.0	 26.0	0.84583	0.00124
 26.0	 27.0	0.84085	0.00127
 27.0	 28.0	0.83939	0.00128
 28.0	 29.0	0.83980	0.00130
 29.0	 30.0	0.83562	0.00131
 30.0	 31.0	0.83481	0.00132
 31.0	 32.0	0.83161	0.00134
 32.0	 33.0	0.82672	0.00137
 33.0	 34.0	0.82455	0.00141
 34.0	 35.0	0.82116	0.00143
 35.0	 36.0	0.81714	0.00145
 36.0	 37.0	0.80835	0.00151
 37.0	 38.0	0.80408	0.00154
 38.0	 39.0	0.79552	0.00158
 39.0	 40.0	0.79017	0.00162
 40.0	 41.0	0.78288	0.00166
 41.0	 42.0	0.77823	0.00172
 42.0	 43.0	0.76808	0.00176
 43.0	 44.0	0.75817	0.00182
 44.0	 45.0	0.75068	0.00187
 45.0	 46.0	0.73571	0.00192
 46.0	 47.0	0.72934	0.00201
 47.0	 48.0	0.72008	0.00206
 48.0	 49.0	0.70688	0.00213
 49.0	 50.0	0.69456	0.00221
 50.0	 51.0	0.68125	0.00229
 51.0	 52.0	0.66737	0.00237
 52.0	 53.0	0.65471	0.00247
 53.0	 54.0	0.64145	0.00254
 54.0	 55.0	0.62759	0.00264
 55.0	 56.0	0.61535	0.00275
 56.0	 57.0	0.59459	0.00286
 57.0	 58.0	0.58141	0.00300
 58.0	 59.0	0.56367	0.00313
 59.0	 60.0	0.54426	0.00326
 60.0	 61.0	0.51983	0.00336
 61.0	 62.0	0.50959	0.00355
 62.0	 63.0	0.48988	0.00370
 63.0	 64.0	0.47318	0.00391
 64.0	 65.0	0.46161	0.00422
 65.0	 66.0	0.43038	0.00434
 66.0	 67.0	0.41573	0.00461
 67.0	 68.0	0.40175	0.00497
 68.0	 69.0	0.37586	0.00525
 69.0	 70.0	0.35820	0.00549
 70.0	 71.0	0.33222	0.00580
 71.0	 72.0	0.31707	0.00639
 72.0	 73.0	0.31176	0.00701
 73.0	 74.0	0.28023	0.00732
 74.0	 75.0	0.26632	0.00801
 75.0	 76.0	0.25333	0.00876
 76.0	 77.0	0.23826	0.00965
 77.0	 78.0	0.20603	0.01033
 78.0	 79.0	0.21801	0.01236
 79.0	 80.0	0.20307	0.01358
 80.0	 81.0	0.17639	0.01444
 81.0	 82.0	0.24228	0.03161
 82.0	 83.0	0.17718	0.02023
 83.0	 84.0	0.20325	0.03347
 84.0	 85.0	0.18954	0.03907
 85.0	 86.0	0.08708	0.02113
 86.0	 87.0	0.21794	0.09908
 87.0	 88.0	0.11539	0.03854
 88.0	 89.0	0.10767	0.03367
 89.0	 90.0	0.09230	0.07735
 90.0	 91.0	0.24393	0.26588
 91.0	 92.0	0.05636	0.05143
 92.0	 93.0	0.09044	0.08626
 93.0	 94.0	0.20180	0.23537
 94.0	 95.0	0.01330	0.17659
 95.0	 96.0	0.03892	0.10189
 96.0	 97.0	0.40853	3.01677
 97.0	 98.0	0.12950	0.13909
 98.0	 99.0	0.00458	0.53559
 99.0	100.0	0.22528	0.34168
