  0.0	  5.0	0.53808	0.00158
  5.0	 10.0	0.56927	0.00156
 10.0	 15.0	0.57295	0.00161
 15.0	 20.0	0.56720	0.00167
 20.0	 25.0	0.54830	0.00178
 25.0	 30.0	0.52720	0.00191
 30.0	 35.0	0.49429	0.00206
 35.0	 40.0	0.45811	0.00230
 40.0	 45.0	0.41555	0.00266
 45.0	 50.0	0.35852	0.00311
 50.0	 55.0	0.30187	0.00387
 55.0	 60.0	0.24074	0.00533
 60.0	 65.0	0.18662	0.00751
 65.0	 70.0	0.12320	0.01110
 70.0	 75.0	0.06865	0.02154
 75.0	 80.0	0.03761	0.01801
 80.0	 85.0	0.06484	0.41141
 85.0	 90.0	0.07188	0.12074
 90.0	 95.0	0.19021	1.04196
 95.0	100.0	0.09111	0.07606
