  0.0	  1.0	0.51509	0.00363
  1.0	  2.0	0.52187	0.00355
  2.0	  3.0	0.54447	0.00351
  3.0	  4.0	0.55238	0.00350
  4.0	  5.0	0.55604	0.00346
  5.0	  6.0	0.56333	0.00349
  6.0	  7.0	0.56324	0.00349
  7.0	  8.0	0.57088	0.00350
  8.0	  9.0	0.57561	0.00349
  9.0	 10.0	0.57321	0.00349
 10.0	 11.0	0.57491	0.00353
 11.0	 12.0	0.57079	0.00354
 12.0	 13.0	0.57096	0.00361
 13.0	 14.0	0.57731	0.00366
 14.0	 15.0	0.57091	0.00366
 15.0	 16.0	0.57319	0.00370
 16.0	 17.0	0.56753	0.00365
 17.0	 18.0	0.56789	0.00374
 18.0	 19.0	0.56865	0.00382
 19.0	 20.0	0.55881	0.00382
 20.0	 21.0	0.55491	0.00393
 21.0	 22.0	0.55485	0.00389
 22.0	 23.0	0.54907	0.00396
 23.0	 24.0	0.54341	0.00402
 24.0	 25.0	0.53905	0.00406
 25.0	 26.0	0.53672	0.00415
 26.0	 27.0	0.53875	0.00426
 27.0	 28.0	0.52153	0.00420
 28.0	 29.0	0.52152	0.00431
 29.0	 30.0	0.51732	0.00448
 30.0	 31.0	0.50560	0.00442
 31.0	 32.0	0.50163	0.00450
 32.0	 33.0	0.49625	0.00458
 33.0	 34.0	0.48495	0.00475
 34.0	 35.0	0.48253	0.00482
 35.0	 36.0	0.47612	0.00496
 36.0	 37.0	0.46541	0.00501
 37.0	 38.0	0.44955	0.00505
 38.0	 39.0	0.45517	0.00532
 39.0	 40.0	0.44392	0.00543
 40.0	 41.0	0.43668	0.00556
 41.0	 42.0	0.42182	0.00581
 42.0	 43.0	0.42052	0.00607
 43.0	 44.0	0.40369	0.00607
 44.0	 45.0	0.39363	0.00628
 45.0	 46.0	0.38926	0.00652
 46.0	 47.0	0.36438	0.00672
 47.0	 48.0	0.34917	0.00678
 48.0	 49.0	0.35685	0.00746
 49.0	 50.0	0.33079	0.00739
 50.0	 51.0	0.32434	0.00806
 51.0	 52.0	0.31970	0.00858
 52.0	 53.0	0.31098	0.00861
 53.0	 54.0	0.27620	0.00887
 54.0	 55.0	0.27456	0.00927
 55.0	 56.0	0.25501	0.00984
 56.0	 57.0	0.25284	0.01135
 57.0	 58.0	0.24155	0.01217
 58.0	 59.0	0.25005	0.01433
 59.0	 60.0	0.20387	0.01338
 60.0	 61.0	0.21469	0.01419
 61.0	 62.0	0.20516	0.01669
 62.0	 63.0	0.17400	0.01555
 63.0	 64.0	0.18040	0.01953
 64.0	 65.0	0.15148	0.02029
 65.0	 66.0	0.13777	0.02081
 66.0	 67.0	0.12369	0.01919
 67.0	 68.0	0.18014	0.04084
 68.0	 69.0	0.12036	0.03134
 69.0	 70.0	0.04182	0.03797
 70.0	 71.0	0.04084	0.03021
 71.0	 72.0	0.07474	0.07164
 72.0	 73.0	0.07359	0.04214
 73.0	 74.0	0.04423	0.09882
 74.0	 75.0	0.03621	0.05210
 75.0	 76.0	0.26899	4.17558
 76.0	 77.0	0.04003	0.02774
 77.0	 78.0	0.02468	0.04719
 78.0	 79.0	0.03826	0.03568
 79.0	 80.0	0.06094	0.09868
 80.0	 81.0	0.06466	0.07787
 81.0	 82.0	0.02933	0.04089
 82.0	 83.0	0.00697	0.02674
 83.0	 84.0	0.03058	0.03845
 84.0	 85.0	0.07785	0.10334
 85.0	 86.0	0.00875	0.06413
 86.0	 87.0	0.08192	0.20386
 87.0	 88.0	0.06367	0.17125
 88.0	 89.0	0.03337	0.02929
 89.0	 90.0	0.15381	0.96661
 90.0	 91.0	0.04833	0.12878
 91.0	 92.0	0.23489	0.61602
 92.0	 93.0	0.35242	8.66144
 93.0	 94.0	0.02025	0.27410
 94.0	 95.0	0.10132	0.12589
 95.0	 96.0	0.09375	0.51796
 96.0	 97.0	0.06523	0.10448
 97.0	 98.0	0.05735	0.23718
 98.0	 99.0	0.33661	0.44059
 99.0	100.0	0.21517	1.09622
