  0.0	  2.0	0.44769	0.00244
  2.0	  4.0	0.55393	0.00195
  4.0	  6.0	0.64032	0.00158
  6.0	  8.0	0.70459	0.00136
  8.0	 10.0	0.74959	0.00120
 10.0	 12.0	0.78038	0.00109
 12.0	 14.0	0.80342	0.00102
 14.0	 16.0	0.81788	0.00095
 16.0	 18.0	0.83024	0.00091
 18.0	 20.0	0.83772	0.00089
 20.0	 22.0	0.84020	0.00088
 22.0	 24.0	0.84168	0.00087
 24.0	 26.0	0.84394	0.00088
 26.0	 28.0	0.84012	0.00090
 28.0	 30.0	0.83770	0.00092
 30.0	 32.0	0.83322	0.00094
 32.0	 34.0	0.82564	0.00098
 34.0	 36.0	0.81915	0.00102
 36.0	 38.0	0.80621	0.00108
 38.0	 40.0	0.79284	0.00113
 40.0	 42.0	0.78057	0.00119
 42.0	 44.0	0.76315	0.00127
 44.0	 46.0	0.74320	0.00134
 46.0	 48.0	0.72471	0.00144
 48.0	 50.0	0.70076	0.00154
 50.0	 52.0	0.67435	0.00165
 52.0	 54.0	0.64809	0.00177
 54.0	 56.0	0.62150	0.00191
 56.0	 58.0	0.58806	0.00207
 58.0	 60.0	0.55406	0.00226
 60.0	 62.0	0.51471	0.00244
 62.0	 64.0	0.48161	0.00269
 64.0	 66.0	0.44618	0.00303
 66.0	 68.0	0.40878	0.00338
 68.0	 70.0	0.36706	0.00379
 70.0	 72.0	0.32474	0.00429
 72.0	 74.0	0.29634	0.00506
 74.0	 76.0	0.25974	0.00591
 76.0	 78.0	0.22275	0.00705
 78.0	 80.0	0.21066	0.00914
 80.0	 82.0	0.20084	0.01367
 82.0	 84.0	0.18701	0.01758
 84.0	 86.0	0.13472	0.01962
 86.0	 88.0	0.16046	0.04111
 88.0	 90.0	0.09993	0.03135
 90.0	 92.0	0.13397	0.06856
 92.0	 94.0	0.13796	0.09359
 94.0	 96.0	0.03150	0.17335
 96.0	 98.0	0.20734	0.27495
 98.0	100.0	0.03757	0.12299
