  0.0	  5.0	0.50200	0.00129
  5.0	 10.0	0.67784	0.00084
 10.0	 15.0	0.75729	0.00067
 15.0	 20.0	0.79335	0.00059
 20.0	 25.0	0.80475	0.00058
 25.0	 30.0	0.80367	0.00059
 30.0	 35.0	0.78939	0.00063
 35.0	 40.0	0.76282	0.00070
 40.0	 45.0	0.72457	0.00080
 45.0	 50.0	0.67252	0.00093
 50.0	 55.0	0.60815	0.00109
 55.0	 60.0	0.53040	0.00131
 60.0	 65.0	0.44477	0.00162
 65.0	 70.0	0.35840	0.00212
 70.0	 75.0	0.27576	0.00296
 75.0	 80.0	0.20712	0.00462
 80.0	 85.0	0.16396	0.01075
 85.0	 90.0	0.12932	0.01971
 90.0	 95.0	0.14167	0.10335
 95.0	100.0	0.04966	0.40157
