  0.0	  1.0	0.41090	0.00369
  1.0	  2.0	0.44724	0.00321
  2.0	  3.0	0.50270	0.00290
  3.0	  4.0	0.55298	0.00258
  4.0	  5.0	0.59180	0.00233
  5.0	  6.0	0.62738	0.00215
  6.0	  7.0	0.65808	0.00200
  7.0	  8.0	0.68284	0.00186
  8.0	  9.0	0.70320	0.00176
  9.0	 10.0	0.72349	0.00167
 10.0	 11.0	0.74134	0.00160
 11.0	 12.0	0.75101	0.00154
 12.0	 13.0	0.76501	0.00150
 13.0	 14.0	0.77238	0.00145
 14.0	 15.0	0.78123	0.00140
 15.0	 16.0	0.78661	0.00137
 16.0	 17.0	0.79193	0.00134
 17.0	 18.0	0.79926	0.00131
 18.0	 19.0	0.80018	0.00131
 19.0	 20.0	0.80432	0.00129
 20.0	 21.0	0.80558	0.00129
 21.0	 22.0	0.80849	0.00127
 22.0	 23.0	0.80775	0.00128
 23.0	 24.0	0.80853	0.00128
 24.0	 25.0	0.80738	0.00129
 25.0	 26.0	0.81080	0.00129
 26.0	 27.0	0.80792	0.00131
 27.0	 28.0	0.80663	0.00132
 28.0	 29.0	0.80660	0.00134
 29.0	 30.0	0.80131	0.00135
 30.0	 31.0	0.80114	0.00136
 31.0	 32.0	0.79669	0.00138
 32.0	 33.0	0.79073	0.00141
 33.0	 34.0	0.78924	0.00145
 34.0	 35.0	0.78360	0.00147
 35.0	 36.0	0.78092	0.00148
 36.0	 37.0	0.77045	0.00154
 37.0	 38.0	0.76995	0.00156
 38.0	 39.0	0.75644	0.00161
 39.0	 40.0	0.75156	0.00164
 40.0	 41.0	0.74788	0.00168
 41.0	 42.0	0.73537	0.00175
 42.0	 43.0	0.72798	0.00178
 43.0	 44.0	0.71727	0.00184
 44.0	 45.0	0.70852	0.00189
 45.0	 46.0	0.69625	0.00194
 46.0	 47.0	0.68796	0.00202
 47.0	 48.0	0.67645	0.00206
 48.0	 49.0	0.66577	0.00213
 49.0	 50.0	0.65126	0.00221
 50.0	 51.0	0.63946	0.00228
 51.0	 52.0	0.62529	0.00236
 52.0	 53.0	0.61202	0.00245
 53.0	 54.0	0.59746	0.00252
 54.0	 55.0	0.58663	0.00262
 55.0	 56.0	0.56478	0.00272
 56.0	 57.0	0.54789	0.00281
 57.0	 58.0	0.53468	0.00295
 58.0	 59.0	0.51899	0.00307
 59.0	 60.0	0.50167	0.00320
 60.0	 61.0	0.48043	0.00330
 61.0	 62.0	0.47063	0.00348
 62.0	 63.0	0.44896	0.00362
 63.0	 64.0	0.42923	0.00381
 64.0	 65.0	0.41372	0.00410
 65.0	 66.0	0.39249	0.00423
 66.0	 67.0	0.38138	0.00450
 67.0	 68.0	0.36477	0.00484
 68.0	 69.0	0.34489	0.00511
 69.0	 70.0	0.33386	0.00539
 70.0	 71.0	0.30562	0.00567
 71.0	 72.0	0.29001	0.00624
 72.0	 73.0	0.28431	0.00684
 73.0	 74.0	0.25202	0.00710
 74.0	 75.0	0.24276	0.00789
 75.0	 76.0	0.23047	0.00853
 76.0	 77.0	0.21865	0.00946
 77.0	 78.0	0.19279	0.01027
 78.0	 79.0	0.18918	0.01190
 79.0	 80.0	0.19798	0.01386
 80.0	 81.0	0.15395	0.01456
 81.0	 82.0	0.18609	0.02894
 82.0	 83.0	0.19723	0.02352
 83.0	 84.0	0.21573	0.04018
 84.0	 85.0	0.19085	0.04248
 85.0	 86.0	0.12456	0.02889
 86.0	 87.0	0.15235	0.04041
 87.0	 88.0	0.11915	0.02940
 88.0	 89.0	0.07319	0.14531
 89.0	 90.0	0.07563	0.09392
 90.0	 91.0	0.15427	0.06273
 91.0	 92.0	0.06087	0.12199
 92.0	 93.0	0.13756	0.09360
 93.0	 94.0	0.13873	0.07455
 94.0	 95.0	0.01908	0.06237
 95.0	 96.0	0.09950	0.05677
 96.0	 97.0	0.05881	0.09635
 97.0	 98.0	0.09356	0.09529
 98.0	 99.0	0.23008	0.39164
 99.0	100.0	0.42753	0.29969
