  0.0	  1.0	0.47267	0.00354
  1.0	  2.0	0.48315	0.00348
  2.0	  3.0	0.49055	0.00342
  3.0	  4.0	0.50190	0.00342
  4.0	  5.0	0.50628	0.00337
  5.0	  6.0	0.51016	0.00340
  6.0	  7.0	0.51536	0.00340
  7.0	  8.0	0.52002	0.00341
  8.0	  9.0	0.52120	0.00340
  9.0	 10.0	0.51687	0.00339
 10.0	 11.0	0.51442	0.00343
 11.0	 12.0	0.51000	0.00343
 12.0	 13.0	0.51834	0.00351
 13.0	 14.0	0.52040	0.00355
 14.0	 15.0	0.51102	0.00354
 15.0	 16.0	0.51099	0.00358
 16.0	 17.0	0.50698	0.00354
 17.0	 18.0	0.50580	0.00362
 18.0	 19.0	0.50844	0.00369
 19.0	 20.0	0.50147	0.00370
 20.0	 21.0	0.49856	0.00381
 21.0	 22.0	0.50106	0.00377
 22.0	 23.0	0.49358	0.00383
 23.0	 24.0	0.48830	0.00389
 24.0	 25.0	0.48205	0.00392
 25.0	 26.0	0.48486	0.00401
 26.0	 27.0	0.47750	0.00410
 27.0	 28.0	0.46826	0.00406
 28.0	 29.0	0.46544	0.00415
 29.0	 30.0	0.46517	0.00432
 30.0	 31.0	0.44528	0.00424
 31.0	 32.0	0.43878	0.00431
 32.0	 33.0	0.44272	0.00441
 33.0	 34.0	0.43903	0.00459
 34.0	 35.0	0.43167	0.00463
 35.0	 36.0	0.42475	0.00476
 36.0	 37.0	0.41447	0.00481
 37.0	 38.0	0.40050	0.00486
 38.0	 39.0	0.39463	0.00505
 39.0	 40.0	0.38894	0.00518
 40.0	 41.0	0.38256	0.00531
 41.0	 42.0	0.37331	0.00555
 42.0	 43.0	0.36688	0.00575
 43.0	 44.0	0.35845	0.00581
 44.0	 45.0	0.34579	0.00598
 45.0	 46.0	0.34881	0.00625
 46.0	 47.0	0.33456	0.00650
 47.0	 48.0	0.30588	0.00646
 48.0	 49.0	0.30711	0.00702
 49.0	 50.0	0.28675	0.00701
 50.0	 51.0	0.28492	0.00766
 51.0	 52.0	0.28327	0.00814
 52.0	 53.0	0.26888	0.00811
 53.0	 54.0	0.24884	0.00857
 54.0	 55.0	0.23798	0.00877
 55.0	 56.0	0.23067	0.00946
 56.0	 57.0	0.23819	0.01103
 57.0	 58.0	0.21588	0.01160
 58.0	 59.0	0.20280	0.01293
 59.0	 60.0	0.18817	0.01288
 60.0	 61.0	0.19660	0.01365
 61.0	 62.0	0.16508	0.01500
 62.0	 63.0	0.14354	0.01438
 63.0	 64.0	0.14133	0.01735
 64.0	 65.0	0.15798	0.02063
 65.0	 66.0	0.12937	0.02035
 66.0	 67.0	0.07177	0.01660
 67.0	 68.0	0.13001	0.03268
 68.0	 69.0	0.05291	0.02351
 69.0	 70.0	0.06976	0.02323
 70.0	 71.0	0.08865	0.02467
 71.0	 72.0	0.12510	0.10651
 72.0	 73.0	0.07155	0.04209
 73.0	 74.0	0.00345	0.05409
 74.0	 75.0	0.12009	0.08418
 75.0	 76.0	0.06072	0.19828
 76.0	 77.0	0.01920	0.02531
 77.0	 78.0	0.02691	0.04064
 78.0	 79.0	0.02148	0.03032
 79.0	 80.0	0.04397	0.05570
 80.0	 81.0	0.05746	0.09281
 81.0	 82.0	0.06735	0.04393
 82.0	 83.0	0.02898	0.04237
 83.0	 84.0	0.02156	0.19616
 84.0	 85.0	0.05503	0.03867
 85.0	 86.0	0.01725	0.02516
 86.0	 87.0	0.07546	0.04981
 87.0	 88.0	0.06291	0.06643
 88.0	 89.0	0.03755	0.03210
 89.0	 90.0	0.07161	0.17819
 90.0	 91.0	0.09072	0.12271
 91.0	 92.0	0.02299	0.07310
 92.0	 93.0	0.02932	0.03945
 93.0	 94.0	0.17296	1.72536
 94.0	 95.0	0.12995	0.11921
 95.0	 96.0	0.03454	0.04708
 96.0	 97.0	0.19148	0.15735
 97.0	 98.0	0.22250	0.18434
 98.0	 99.0	0.26293	0.50139
 99.0	100.0	0.21029	0.20670
