  0.0	  2.0	0.42933	0.00242
  2.0	  4.0	0.52858	0.00193
  4.0	  6.0	0.60989	0.00158
  6.0	  8.0	0.67053	0.00136
  8.0	 10.0	0.71340	0.00121
 10.0	 12.0	0.74619	0.00111
 12.0	 14.0	0.76869	0.00104
 14.0	 16.0	0.78393	0.00098
 16.0	 18.0	0.79562	0.00094
 18.0	 20.0	0.80226	0.00092
 20.0	 22.0	0.80705	0.00091
 22.0	 24.0	0.80814	0.00091
 24.0	 26.0	0.80909	0.00091
 26.0	 28.0	0.80728	0.00093
 28.0	 30.0	0.80394	0.00095
 30.0	 32.0	0.79892	0.00097
 32.0	 34.0	0.78999	0.00101
 34.0	 36.0	0.78226	0.00104
 36.0	 38.0	0.77020	0.00110
 38.0	 40.0	0.75399	0.00115
 40.0	 42.0	0.74169	0.00121
 42.0	 44.0	0.72265	0.00128
 44.0	 46.0	0.70238	0.00135
 46.0	 48.0	0.68220	0.00144
 48.0	 50.0	0.65857	0.00154
 50.0	 52.0	0.63242	0.00164
 52.0	 54.0	0.60475	0.00176
 54.0	 56.0	0.57580	0.00189
 56.0	 58.0	0.54137	0.00204
 58.0	 60.0	0.51042	0.00222
 60.0	 62.0	0.47553	0.00240
 62.0	 64.0	0.43920	0.00262
 64.0	 66.0	0.40321	0.00294
 66.0	 68.0	0.37318	0.00330
 68.0	 70.0	0.33938	0.00371
 70.0	 72.0	0.29796	0.00420
 72.0	 74.0	0.26853	0.00493
 74.0	 76.0	0.23659	0.00579
 76.0	 78.0	0.20614	0.00696
 78.0	 80.0	0.19315	0.00903
 80.0	 82.0	0.16377	0.01321
 82.0	 84.0	0.20348	0.02054
 84.0	 86.0	0.15658	0.02454
 86.0	 88.0	0.13649	0.02333
 88.0	 90.0	0.07684	0.08260
 90.0	 92.0	0.11481	0.04970
 92.0	 94.0	0.51677	2.46155
 94.0	 96.0	0.11684	0.20031
 96.0	 98.0	0.04483	0.05842
 98.0	100.0	1.99210	99.80483
