  0.0	  1.0	0.40540	0.00367
  1.0	  2.0	0.44915	0.00321
  2.0	  3.0	0.49955	0.00290
  3.0	  4.0	0.54969	0.00258
  4.0	  5.0	0.58657	0.00233
  5.0	  6.0	0.62635	0.00215
  6.0	  7.0	0.65563	0.00200
  7.0	  8.0	0.67874	0.00186
  8.0	  9.0	0.70377	0.00176
  9.0	 10.0	0.72053	0.00167
 10.0	 11.0	0.73624	0.00160
 11.0	 12.0	0.74806	0.00154
 12.0	 13.0	0.75764	0.00150
 13.0	 14.0	0.76705	0.00145
 14.0	 15.0	0.77691	0.00141
 15.0	 16.0	0.78180	0.00138
 16.0	 17.0	0.78978	0.00135
 17.0	 18.0	0.79522	0.00132
 18.0	 19.0	0.79839	0.00131
 19.0	 20.0	0.80137	0.00130
 20.0	 21.0	0.80340	0.00129
 21.0	 22.0	0.80446	0.00128
 22.0	 23.0	0.80475	0.00129
 23.0	 24.0	0.80500	0.00128
 24.0	 25.0	0.80612	0.00129
 25.0	 26.0	0.80721	0.00129
 26.0	 27.0	0.80735	0.00131
 27.0	 28.0	0.80518	0.00132
 28.0	 29.0	0.79989	0.00135
 29.0	 30.0	0.79867	0.00135
 30.0	 31.0	0.79709	0.00137
 31.0	 32.0	0.79481	0.00138
 32.0	 33.0	0.78902	0.00141
 33.0	 34.0	0.78579	0.00145
 34.0	 35.0	0.78012	0.00147
 35.0	 36.0	0.77569	0.00149
 36.0	 37.0	0.76885	0.00155
 37.0	 38.0	0.76379	0.00157
 38.0	 39.0	0.75650	0.00160
 39.0	 40.0	0.74908	0.00165
 40.0	 41.0	0.74135	0.00169
 41.0	 42.0	0.73355	0.00175
 42.0	 43.0	0.72673	0.00178
 43.0	 44.0	0.71684	0.00184
 44.0	 45.0	0.70378	0.00189
 45.0	 46.0	0.69610	0.00193
 46.0	 47.0	0.68623	0.00202
 47.0	 48.0	0.67240	0.00206
 48.0	 49.0	0.66001	0.00213
 49.0	 50.0	0.64675	0.00221
 50.0	 51.0	0.63487	0.00229
 51.0	 52.0	0.62399	0.00235
 52.0	 53.0	0.60794	0.00245
 53.0	 54.0	0.59495	0.00251
 54.0	 55.0	0.57721	0.00262
 55.0	 56.0	0.56173	0.00271
 56.0	 57.0	0.54470	0.00281
 57.0	 58.0	0.53222	0.00295
 58.0	 59.0	0.51551	0.00307
 59.0	 60.0	0.49531	0.00319
 60.0	 61.0	0.48174	0.00330
 61.0	 62.0	0.45768	0.00346
 62.0	 63.0	0.44363	0.00361
 63.0	 64.0	0.42411	0.00380
 64.0	 65.0	0.41313	0.00410
 65.0	 66.0	0.39480	0.00424
 66.0	 67.0	0.37645	0.00448
 67.0	 68.0	0.35411	0.00479
 68.0	 69.0	0.33851	0.00508
 69.0	 70.0	0.32360	0.00533
 70.0	 71.0	0.30625	0.00567
 71.0	 72.0	0.29060	0.00624
 72.0	 73.0	0.27386	0.00674
 73.0	 74.0	0.25804	0.00719
 74.0	 75.0	0.24600	0.00783
 75.0	 76.0	0.23656	0.00856
 76.0	 77.0	0.21785	0.00938
 77.0	 78.0	0.20260	0.01064
 78.0	 79.0	0.19415	0.01198
 79.0	 80.0	0.17911	0.01290
 80.0	 81.0	0.16304	0.01509
 81.0	 82.0	0.19501	0.02889
 82.0	 83.0	0.14351	0.02088
 83.0	 84.0	0.19032	0.03932
 84.0	 85.0	0.14554	0.03961
 85.0	 86.0	0.11053	0.02837
 86.0	 87.0	0.18209	0.09432
 87.0	 88.0	0.14200	0.03874
 88.0	 89.0	0.10335	0.03907
 89.0	 90.0	0.13462	0.07360
 90.0	 91.0	0.05712	0.12520
 91.0	 92.0	0.26056	0.79896
 92.0	 93.0	0.03348	0.27598
 93.0	 94.0	0.08796	0.11805
 94.0	 95.0	0.23999	0.35263
 95.0	 96.0	0.04501	0.15879
 96.0	 97.0	0.08413	0.23304
 97.0	 98.0	0.46169	2.88488
 98.0	 99.0	0.06841	0.32770
 99.0	100.0	0.50993	0.23778
