  0.0	  2.0	0.48395	0.00249
  2.0	  4.0	0.49883	0.00242
  4.0	  6.0	0.51584	0.00240
  6.0	  8.0	0.51861	0.00241
  8.0	 10.0	0.52097	0.00240
 10.0	 12.0	0.51809	0.00243
 12.0	 14.0	0.52017	0.00250
 14.0	 16.0	0.51747	0.00253
 16.0	 18.0	0.51225	0.00254
 18.0	 20.0	0.50420	0.00261
 20.0	 22.0	0.49896	0.00267
 22.0	 24.0	0.49325	0.00273
 24.0	 26.0	0.47992	0.00280
 26.0	 28.0	0.47597	0.00289
 28.0	 30.0	0.46554	0.00300
 30.0	 32.0	0.45266	0.00304
 32.0	 34.0	0.43696	0.00317
 34.0	 36.0	0.42670	0.00332
 36.0	 38.0	0.40681	0.00342
 38.0	 40.0	0.39538	0.00363
 40.0	 42.0	0.38428	0.00385
 42.0	 44.0	0.37015	0.00412
 44.0	 46.0	0.34261	0.00430
 46.0	 48.0	0.31259	0.00454
 48.0	 50.0	0.31074	0.00505
 50.0	 52.0	0.28904	0.00561
 52.0	 54.0	0.25439	0.00585
 54.0	 56.0	0.23223	0.00644
 56.0	 58.0	0.23455	0.00811
 58.0	 60.0	0.20726	0.00937
 60.0	 62.0	0.16030	0.00963
 62.0	 64.0	0.15044	0.01132
 64.0	 66.0	0.12065	0.01337
 66.0	 68.0	0.09303	0.01486
 68.0	 70.0	0.06904	0.01658
 70.0	 72.0	0.05851	0.02139
 72.0	 74.0	0.02714	0.04256
 74.0	 76.0	0.05684	0.07531
 76.0	 78.0	0.00379	0.02162
 78.0	 80.0	0.00918	0.02109
 80.0	 82.0	0.01838	0.12025
 82.0	 84.0	0.03230	0.04163
 84.0	 86.0	0.05339	0.13899
 86.0	 88.0	0.00886	0.14600
 88.0	 90.0	0.02058	0.04590
 90.0	 92.0	0.19461	0.39673
 92.0	 94.0	0.01604	0.18538
 94.0	 96.0	0.06188	0.16550
 96.0	 98.0	0.19373	0.21033
 98.0	100.0	0.20920	0.16858
