  0.0	  1.0	0.48181	0.00357
  1.0	  2.0	0.48607	0.00349
  2.0	  3.0	0.49775	0.00343
  3.0	  4.0	0.49986	0.00342
  4.0	  5.0	0.51399	0.00338
  5.0	  6.0	0.51768	0.00341
  6.0	  7.0	0.51527	0.00341
  7.0	  8.0	0.52195	0.00342
  8.0	  9.0	0.52148	0.00340
  9.0	 10.0	0.52046	0.00340
 10.0	 11.0	0.51505	0.00343
 11.0	 12.0	0.52112	0.00345
 12.0	 13.0	0.51820	0.00352
 13.0	 14.0	0.52216	0.00355
 14.0	 15.0	0.51988	0.00356
 15.0	 16.0	0.51506	0.00358
 16.0	 17.0	0.50952	0.00355
 17.0	 18.0	0.51504	0.00364
 18.0	 19.0	0.50415	0.00368
 19.0	 20.0	0.50424	0.00370
 20.0	 21.0	0.50404	0.00381
 21.0	 22.0	0.49396	0.00375
 22.0	 23.0	0.49388	0.00383
 23.0	 24.0	0.49262	0.00390
 24.0	 25.0	0.47823	0.00391
 25.0	 26.0	0.48162	0.00400
 26.0	 27.0	0.47990	0.00410
 27.0	 28.0	0.47204	0.00407
 28.0	 29.0	0.46544	0.00415
 29.0	 30.0	0.46577	0.00433
 30.0	 31.0	0.46028	0.00428
 31.0	 32.0	0.44483	0.00433
 32.0	 33.0	0.44368	0.00441
 33.0	 34.0	0.42995	0.00456
 34.0	 35.0	0.42956	0.00463
 35.0	 36.0	0.42382	0.00476
 36.0	 37.0	0.40935	0.00479
 37.0	 38.0	0.40423	0.00488
 38.0	 39.0	0.39275	0.00504
 39.0	 40.0	0.39810	0.00522
 40.0	 41.0	0.39178	0.00534
 41.0	 42.0	0.37654	0.00557
 42.0	 43.0	0.37884	0.00582
 43.0	 44.0	0.36128	0.00582
 44.0	 45.0	0.34492	0.00598
 45.0	 46.0	0.34033	0.00619
 46.0	 47.0	0.31932	0.00639
 47.0	 48.0	0.30577	0.00646
 48.0	 49.0	0.31881	0.00712
 49.0	 50.0	0.30243	0.00716
 50.0	 51.0	0.29540	0.00776
 51.0	 52.0	0.28251	0.00814
 52.0	 53.0	0.26069	0.00804
 53.0	 54.0	0.24797	0.00854
 54.0	 55.0	0.23080	0.00870
 55.0	 56.0	0.23393	0.00957
 56.0	 57.0	0.23888	0.01108
 57.0	 58.0	0.23013	0.01192
 58.0	 59.0	0.21682	0.01332
 59.0	 60.0	0.19750	0.01317
 60.0	 61.0	0.15920	0.01256
 61.0	 62.0	0.16214	0.01498
 62.0	 63.0	0.15500	0.01481
 63.0	 64.0	0.14589	0.01757
 64.0	 65.0	0.12952	0.01884
 65.0	 66.0	0.11036	0.01911
 66.0	 67.0	0.07599	0.01692
 67.0	 68.0	0.11966	0.03101
 68.0	 69.0	0.06866	0.02459
 69.0	 70.0	0.06826	0.02285
 70.0	 71.0	0.02465	0.01985
 71.0	 72.0	0.13819	0.11162
 72.0	 73.0	0.02228	0.04513
 73.0	 74.0	0.03254	0.08094
 74.0	 75.0	0.03517	0.07013
 75.0	 76.0	0.25434	7.82851
 76.0	 77.0	0.00553	0.16030
 77.0	 78.0	0.02740	0.08330
 78.0	 79.0	0.02203	0.02677
 79.0	 80.0	0.06123	0.06180
 80.0	 81.0	0.02037	0.05046
 81.0	 82.0	0.03548	0.05009
 82.0	 83.0	0.00074	0.19886
 83.0	 84.0	0.06885	0.08021
 84.0	 85.0	0.01587	0.06234
 85.0	 86.0	0.05516	0.02957
 86.0	 87.0	0.01872	0.09779
 87.0	 88.0	0.02429	0.09507
 88.0	 89.0	0.04148	0.02908
 89.0	 90.0	0.08973	0.18030
 90.0	 91.0	0.15371	0.30480
 91.0	 92.0	0.23391	1.49319
 92.0	 93.0	0.02860	0.11917
 93.0	 94.0	0.03266	0.19753
 94.0	 95.0	0.20476	1.00671
 95.0	 96.0	0.09973	0.13727
 96.0	 97.0	0.10352	0.08574
 97.0	 98.0	0.14504	0.13910
 98.0	 99.0	0.21007	0.16583
 99.0	100.0	0.16612	5.20987
