  0.0	  2.0	0.42774	0.00242
  2.0	  4.0	0.52534	0.00193
  4.0	  6.0	0.60682	0.00158
  6.0	  8.0	0.66725	0.00137
  8.0	 10.0	0.71219	0.00121
 10.0	 12.0	0.74218	0.00111
 12.0	 14.0	0.76234	0.00105
 14.0	 16.0	0.77936	0.00098
 16.0	 18.0	0.79251	0.00094
 18.0	 20.0	0.79989	0.00092
 20.0	 22.0	0.80394	0.00091
 22.0	 24.0	0.80488	0.00091
 24.0	 26.0	0.80666	0.00091
 26.0	 28.0	0.80627	0.00093
 28.0	 30.0	0.79928	0.00095
 30.0	 32.0	0.79596	0.00097
 32.0	 34.0	0.78742	0.00101
 34.0	 36.0	0.77791	0.00105
 36.0	 38.0	0.76632	0.00110
 38.0	 40.0	0.75278	0.00115
 40.0	 42.0	0.73749	0.00122
 42.0	 44.0	0.72181	0.00128
 44.0	 46.0	0.69993	0.00135
 46.0	 48.0	0.67931	0.00144
 48.0	 50.0	0.65343	0.00153
 50.0	 52.0	0.62946	0.00164
 52.0	 54.0	0.60145	0.00176
 54.0	 56.0	0.56952	0.00188
 56.0	 58.0	0.53852	0.00204
 58.0	 60.0	0.50552	0.00221
 60.0	 62.0	0.46987	0.00239
 62.0	 64.0	0.43397	0.00262
 64.0	 66.0	0.40405	0.00295
 66.0	 68.0	0.36547	0.00327
 68.0	 70.0	0.33107	0.00368
 70.0	 72.0	0.29863	0.00420
 72.0	 74.0	0.26614	0.00492
 74.0	 76.0	0.24118	0.00578
 76.0	 78.0	0.21052	0.00703
 78.0	 80.0	0.18675	0.00878
 80.0	 82.0	0.17319	0.01359
 82.0	 84.0	0.16262	0.01919
 84.0	 86.0	0.12804	0.02369
 86.0	 88.0	0.15613	0.03883
 88.0	 90.0	0.11461	0.03458
 90.0	 92.0	0.11266	0.08478
 92.0	 94.0	0.35926	5.88637
 94.0	 96.0	0.13654	0.13018
 96.0	 98.0	0.08455	0.37876
 98.0	100.0	0.03777	0.26566
