  0.0	  5.0	0.49596	0.00155
  5.0	 10.0	0.51938	0.00152
 10.0	 15.0	0.51924	0.00157
 15.0	 20.0	0.50962	0.00162
 20.0	 25.0	0.49259	0.00172
 25.0	 30.0	0.47299	0.00185
 30.0	 35.0	0.44185	0.00198
 35.0	 40.0	0.40574	0.00220
 40.0	 45.0	0.37100	0.00255
 45.0	 50.0	0.31749	0.00297
 50.0	 55.0	0.26439	0.00367
 55.0	 60.0	0.22355	0.00517
 60.0	 65.0	0.15067	0.00683
 65.0	 70.0	0.08826	0.00957
 70.0	 75.0	0.04894	0.01969
 75.0	 80.0	0.00158	0.02594
 80.0	 85.0	0.02779	0.03725
 85.0	 90.0	0.09905	0.32183
 90.0	 95.0	0.19871	1.02819
 95.0	100.0	0.14161	0.31456
