  0.0	  2.0	0.51848	0.00254
  2.0	  4.0	0.54845	0.00248
  4.0	  6.0	0.55969	0.00245
  6.0	  8.0	0.56705	0.00247
  8.0	 10.0	0.57442	0.00247
 10.0	 12.0	0.57286	0.00250
 12.0	 14.0	0.57411	0.00257
 14.0	 16.0	0.57205	0.00260
 16.0	 18.0	0.56769	0.00261
 18.0	 20.0	0.56372	0.00270
 20.0	 22.0	0.55488	0.00277
 22.0	 24.0	0.54626	0.00282
 24.0	 26.0	0.53788	0.00290
 26.0	 28.0	0.53013	0.00299
 28.0	 30.0	0.51937	0.00311
 30.0	 32.0	0.50363	0.00315
 32.0	 34.0	0.49070	0.00330
 34.0	 36.0	0.47934	0.00346
 36.0	 38.0	0.45751	0.00356
 38.0	 40.0	0.44956	0.00380
 40.0	 42.0	0.42936	0.00402
 42.0	 44.0	0.41218	0.00429
 44.0	 46.0	0.39143	0.00452
 46.0	 48.0	0.35683	0.00477
 48.0	 50.0	0.34394	0.00525
 50.0	 52.0	0.32207	0.00588
 52.0	 54.0	0.29391	0.00618
 54.0	 56.0	0.26497	0.00675
 56.0	 58.0	0.24728	0.00830
 58.0	 60.0	0.22726	0.00980
 60.0	 62.0	0.20987	0.01082
 62.0	 64.0	0.17679	0.01218
 64.0	 66.0	0.14493	0.01452
 66.0	 68.0	0.14541	0.01814
 68.0	 70.0	0.08420	0.02008
 70.0	 72.0	0.05275	0.02220
 72.0	 74.0	0.06677	0.03845
 74.0	 76.0	0.06712	0.07601
 76.0	 78.0	0.03325	0.02392
 78.0	 80.0	0.02511	0.02666
 80.0	 82.0	0.00930	0.35794
 82.0	 84.0	0.04082	0.07607
 84.0	 86.0	0.03882	0.03048
 86.0	 88.0	0.22924	10.97435
 88.0	 90.0	0.04401	0.03617
 90.0	 92.0	0.27190	1.74154
 92.0	 94.0	0.05279	0.14754
 94.0	 96.0	0.06847	0.15776
 96.0	 98.0	0.08227	0.06361
 98.0	100.0	0.34144	0.51009
