  0.0	  2.0	0.47792	0.00248
  2.0	  4.0	0.49626	0.00242
  4.0	  6.0	0.50822	0.00239
  6.0	  8.0	0.51768	0.00241
  8.0	 10.0	0.51904	0.00240
 10.0	 12.0	0.51222	0.00243
 12.0	 14.0	0.51936	0.00250
 14.0	 16.0	0.51100	0.00252
 16.0	 18.0	0.50639	0.00253
 18.0	 20.0	0.50495	0.00261
 20.0	 22.0	0.49982	0.00268
 22.0	 24.0	0.49095	0.00273
 24.0	 26.0	0.48344	0.00280
 26.0	 28.0	0.47289	0.00288
 28.0	 30.0	0.46525	0.00299
 30.0	 32.0	0.44206	0.00302
 32.0	 34.0	0.44088	0.00318
 34.0	 36.0	0.42823	0.00332
 36.0	 38.0	0.40751	0.00342
 38.0	 40.0	0.39179	0.00362
 40.0	 42.0	0.37801	0.00384
 42.0	 44.0	0.36272	0.00409
 44.0	 46.0	0.34723	0.00432
 46.0	 48.0	0.32030	0.00458
 48.0	 50.0	0.29705	0.00496
 50.0	 52.0	0.28410	0.00558
 52.0	 54.0	0.25909	0.00589
 54.0	 56.0	0.23433	0.00643
 56.0	 58.0	0.22753	0.00799
 58.0	 60.0	0.19569	0.00912
 60.0	 62.0	0.18155	0.01010
 62.0	 64.0	0.14230	0.01107
 64.0	 66.0	0.14400	0.01450
 66.0	 68.0	0.09472	0.01494
 68.0	 70.0	0.06161	0.01647
 70.0	 72.0	0.09486	0.02557
 72.0	 74.0	0.04083	0.02993
 74.0	 76.0	0.05818	0.05479
 76.0	 78.0	0.00864	0.03321
 78.0	 80.0	0.00866	0.04411
 80.0	 82.0	0.04908	0.07318
 82.0	 84.0	0.04080	0.07515
 84.0	 86.0	0.07683	0.09387
 86.0	 88.0	0.03509	0.06027
 88.0	 90.0	0.03103	0.03990
 90.0	 92.0	0.10475	0.21982
 92.0	 94.0	0.02151	0.04911
 94.0	 96.0	0.04138	0.05952
 96.0	 98.0	0.20831	0.11987
 98.0	100.0	0.20318	0.62003
