  0.0	  5.0	0.50511	0.00129
  5.0	 10.0	0.67983	0.00084
 10.0	 15.0	0.76231	0.00067
 15.0	 20.0	0.79650	0.00059
 20.0	 25.0	0.80755	0.00057
 25.0	 30.0	0.80666	0.00059
 30.0	 35.0	0.79230	0.00063
 35.0	 40.0	0.76592	0.00070
 40.0	 45.0	0.72754	0.00080
 45.0	 50.0	0.67572	0.00093
 50.0	 55.0	0.61248	0.00109
 55.0	 60.0	0.53407	0.00132
 60.0	 65.0	0.44934	0.00163
 65.0	 70.0	0.36410	0.00213
 70.0	 75.0	0.27587	0.00296
 75.0	 80.0	0.20604	0.00463
 80.0	 85.0	0.18063	0.01091
 85.0	 90.0	0.12616	0.01830
 90.0	 95.0	0.21360	0.16800
 95.0	100.0	0.11878	0.19369
