  0.0	  5.0	0.49098	0.00154
  5.0	 10.0	0.51673	0.00152
 10.0	 15.0	0.51480	0.00156
 15.0	 20.0	0.50672	0.00162
 20.0	 25.0	0.49276	0.00172
 25.0	 30.0	0.47229	0.00184
 30.0	 35.0	0.43945	0.00198
 35.0	 40.0	0.40483	0.00220
 40.0	 45.0	0.36564	0.00253
 45.0	 50.0	0.31727	0.00296
 50.0	 55.0	0.26545	0.00368
 55.0	 60.0	0.21578	0.00507
 60.0	 65.0	0.16168	0.00702
 65.0	 70.0	0.09118	0.00966
 70.0	 75.0	0.09144	0.02578
 75.0	 80.0	0.00559	0.02876
 80.0	 85.0	0.06262	0.09107
 85.0	 90.0	0.04807	0.04131
 90.0	 95.0	0.01862	0.04093
 95.0	100.0	0.07101	0.04258
