  0.0	  5.0	0.52904	0.00130
  5.0	 10.0	0.71407	0.00084
 10.0	 15.0	0.79641	0.00066
 15.0	 20.0	0.83157	0.00057
 20.0	 25.0	0.84116	0.00055
 25.0	 30.0	0.84031	0.00057
 30.0	 35.0	0.82778	0.00061
 35.0	 40.0	0.80309	0.00069
 40.0	 45.0	0.76770	0.00079
 45.0	 50.0	0.71746	0.00092
 50.0	 55.0	0.65476	0.00110
 55.0	 60.0	0.58038	0.00134
 60.0	 65.0	0.49129	0.00166
 65.0	 70.0	0.39720	0.00218
 70.0	 75.0	0.30230	0.00303
 75.0	 80.0	0.22413	0.00471
 80.0	 85.0	0.19242	0.01046
 85.0	 90.0	0.11686	0.01694
 90.0	 95.0	0.15925	0.08918
 95.0	100.0	0.07413	0.16715
