  0.0	  5.0	0.71524	0.00233
  5.0	 10.0	0.86306	0.00139
 10.0	 15.0	0.91171	0.00105
 15.0	 20.0	0.92908	0.00090
 20.0	 25.0	0.93294	0.00085
 25.0	 30.0	0.93035	0.00087
 30.0	 35.0	0.92196	0.00093
 35.0	 40.0	0.90512	0.00104
 40.0	 45.0	0.87984	0.00120
 45.0	 50.0	0.84506	0.00142
 50.0	 55.0	0.79577	0.00173
 55.0	 60.0	0.72762	0.00213
 60.0	 65.0	0.63880	0.00274
 65.0	 70.0	0.54070	0.00370
 70.0	 75.0	0.42778	0.00518
 75.0	 80.0	0.29796	0.00693
 80.0	 85.0	0.21239	0.01074
 85.0	 90.0	0.17492	0.01875
 90.0	 95.0	0.09647	0.02816
 95.0	100.0	0.24646	0.37630
