  0.0	  2.0	0.63673	0.00448
  2.0	  4.0	0.74584	0.00351
  4.0	  6.0	0.81410	0.00274
  6.0	  8.0	0.85656	0.00226
  8.0	 10.0	0.88627	0.00197
 10.0	 12.0	0.90317	0.00175
 12.0	 14.0	0.91548	0.00162
 14.0	 16.0	0.92305	0.00151
 16.0	 18.0	0.92695	0.00143
 18.0	 20.0	0.93338	0.00139
 20.0	 22.0	0.93347	0.00136
 22.0	 24.0	0.93241	0.00134
 24.0	 26.0	0.93180	0.00135
 26.0	 28.0	0.93145	0.00137
 28.0	 30.0	0.92909	0.00139
 30.0	 32.0	0.92568	0.00144
 32.0	 34.0	0.92041	0.00149
 34.0	 36.0	0.91413	0.00153
 36.0	 38.0	0.90775	0.00162
 38.0	 40.0	0.89974	0.00170
 40.0	 42.0	0.88873	0.00181
 42.0	 44.0	0.87651	0.00192
 44.0	 46.0	0.86359	0.00206
 46.0	 48.0	0.84947	0.00222
 48.0	 50.0	0.83400	0.00235
 50.0	 52.0	0.81276	0.00256
 52.0	 54.0	0.78899	0.00277
 54.0	 56.0	0.76612	0.00304
 56.0	 58.0	0.73835	0.00331
 58.0	 60.0	0.70163	0.00360
 60.0	 62.0	0.66743	0.00401
 62.0	 64.0	0.62956	0.00447
 64.0	 66.0	0.58970	0.00501
 66.0	 68.0	0.55011	0.00574
 68.0	 70.0	0.50874	0.00641
 70.0	 72.0	0.46379	0.00740
 72.0	 74.0	0.41020	0.00842
 74.0	 76.0	0.35954	0.00942
 76.0	 78.0	0.31208	0.01138
 78.0	 80.0	0.26150	0.01215
 80.0	 82.0	0.22390	0.01441
 82.0	 84.0	0.22141	0.01949
 84.0	 86.0	0.17127	0.01874
 86.0	 88.0	0.14855	0.03028
 88.0	 90.0	0.21322	0.05750
 90.0	 92.0	0.09885	0.03782
 92.0	 94.0	0.11103	0.06328
 94.0	 96.0	0.07270	0.05790
 96.0	 98.0	0.57409	3.96495
 98.0	100.0	0.30332	0.55341
