  0.0	  5.0	0.66813	0.00243
  5.0	 10.0	0.68189	0.00229
 10.0	 15.0	0.67345	0.00230
 15.0	 20.0	0.65962	0.00232
 20.0	 25.0	0.63728	0.00242
 25.0	 30.0	0.60761	0.00254
 30.0	 35.0	0.57338	0.00274
 35.0	 40.0	0.53233	0.00302
 40.0	 45.0	0.48305	0.00342
 45.0	 50.0	0.41604	0.00384
 50.0	 55.0	0.34848	0.00480
 55.0	 60.0	0.27990	0.00630
 60.0	 65.0	0.20254	0.00863
 65.0	 70.0	0.13261	0.01385
 70.0	 75.0	0.10337	0.03618
 75.0	 80.0	0.03581	0.12021
 80.0	 85.0	0.02300	0.26924
 85.0	 90.0	0.02441	0.05198
 90.0	 95.0	0.06257	0.76381
 95.0	100.0	0.05809	0.11659
