  0.0	  2.0	0.65856	0.00399
  2.0	  4.0	0.67282	0.00380
  4.0	  6.0	0.68115	0.00368
  6.0	  8.0	0.68327	0.00360
  8.0	 10.0	0.67936	0.00360
 10.0	 12.0	0.67426	0.00358
 12.0	 14.0	0.67704	0.00368
 14.0	 16.0	0.66064	0.00361
 16.0	 18.0	0.66486	0.00367
 18.0	 20.0	0.65591	0.00372
 20.0	 22.0	0.64625	0.00375
 22.0	 24.0	0.63801	0.00387
 24.0	 26.0	0.61442	0.00385
 26.0	 28.0	0.61097	0.00400
 28.0	 30.0	0.60241	0.00412
 30.0	 32.0	0.58457	0.00421
 32.0	 34.0	0.57117	0.00435
 34.0	 36.0	0.55085	0.00455
 36.0	 38.0	0.53929	0.00477
 38.0	 40.0	0.51770	0.00488
 40.0	 42.0	0.49534	0.00512
 42.0	 44.0	0.48152	0.00561
 44.0	 46.0	0.44603	0.00562
 46.0	 48.0	0.42618	0.00603
 48.0	 50.0	0.39805	0.00643
 50.0	 52.0	0.36196	0.00698
 52.0	 54.0	0.34014	0.00783
 54.0	 56.0	0.31365	0.00832
 56.0	 58.0	0.29010	0.00983
 58.0	 60.0	0.26678	0.01195
 60.0	 62.0	0.22670	0.01283
 62.0	 64.0	0.19855	0.01372
 64.0	 66.0	0.15295	0.01810
 66.0	 68.0	0.11922	0.01827
 68.0	 70.0	0.13873	0.02779
 70.0	 72.0	0.07084	0.01916
 72.0	 74.0	0.06829	0.09022
 74.0	 76.0	0.08786	0.07557
 76.0	 78.0	0.01137	0.04822
 78.0	 80.0	0.11683	0.83363
 80.0	 82.0	0.00922	0.05142
 82.0	 84.0	0.03850	0.03118
 84.0	 86.0	0.16340	1.51263
 86.0	 88.0	6.57974	36958.08145
 88.0	 90.0	0.02083	0.05354
 90.0	 92.0	0.07850	0.07359
 92.0	 94.0	0.05415	0.08615
 94.0	 96.0	0.09499	0.10598
 96.0	 98.0	0.04196	0.15957
 98.0	100.0	0.05559	1.60461
