  0.0	  1.0	0.65742	0.00575
  1.0	  2.0	0.65979	0.00553
  2.0	  3.0	0.66504	0.00540
  3.0	  4.0	0.68051	0.00536
  4.0	  5.0	0.67804	0.00516
  5.0	  6.0	0.68432	0.00526
  6.0	  7.0	0.67824	0.00509
  7.0	  8.0	0.68825	0.00510
  8.0	  9.0	0.68118	0.00507
  9.0	 10.0	0.67754	0.00511
 10.0	 11.0	0.67020	0.00505
 11.0	 12.0	0.67830	0.00507
 12.0	 13.0	0.67632	0.00516
 13.0	 14.0	0.67777	0.00526
 14.0	 15.0	0.66479	0.00515
 15.0	 16.0	0.65653	0.00507
 16.0	 17.0	0.66696	0.00519
 17.0	 18.0	0.66275	0.00520
 18.0	 19.0	0.65673	0.00522
 19.0	 20.0	0.65508	0.00530
 20.0	 21.0	0.64970	0.00533
 21.0	 22.0	0.64282	0.00528
 22.0	 23.0	0.64307	0.00547
 23.0	 24.0	0.63289	0.00548
 24.0	 25.0	0.61745	0.00548
 25.0	 26.0	0.61141	0.00542
 26.0	 27.0	0.61288	0.00558
 27.0	 28.0	0.60907	0.00574
 28.0	 29.0	0.60568	0.00579
 29.0	 30.0	0.59913	0.00587
 30.0	 31.0	0.58698	0.00595
 31.0	 32.0	0.58214	0.00594
 32.0	 33.0	0.57399	0.00596
 33.0	 34.0	0.56846	0.00636
 34.0	 35.0	0.55465	0.00642
 35.0	 36.0	0.54701	0.00646
 36.0	 37.0	0.53665	0.00664
 37.0	 38.0	0.54191	0.00688
 38.0	 39.0	0.52905	0.00701
 39.0	 40.0	0.50650	0.00680
 40.0	 41.0	0.49765	0.00699
 41.0	 42.0	0.49314	0.00751
 42.0	 43.0	0.48819	0.00788
 43.0	 44.0	0.47471	0.00797
 44.0	 45.0	0.46099	0.00802
 45.0	 46.0	0.43102	0.00787
 46.0	 47.0	0.42775	0.00824
 47.0	 48.0	0.42479	0.00885
 48.0	 49.0	0.40428	0.00895
 49.0	 50.0	0.39160	0.00923
 50.0	 51.0	0.36437	0.00936
 51.0	 52.0	0.35970	0.01048
 52.0	 53.0	0.34173	0.01066
 53.0	 54.0	0.33832	0.01156
 54.0	 55.0	0.33835	0.01233
 55.0	 56.0	0.28935	0.01123
 56.0	 57.0	0.29932	0.01331
 57.0	 58.0	0.28040	0.01457
 58.0	 59.0	0.28432	0.01692
 59.0	 60.0	0.24836	0.01685
 60.0	 61.0	0.23379	0.01854
 61.0	 62.0	0.21951	0.01776
 62.0	 63.0	0.20056	0.01763
 63.0	 64.0	0.19725	0.02180
 64.0	 65.0	0.15302	0.02212
 65.0	 66.0	0.15139	0.03152
 66.0	 67.0	0.13444	0.02662
 67.0	 68.0	0.10120	0.02538
 68.0	 69.0	0.12306	0.02752
 69.0	 70.0	0.17276	0.08083
 70.0	 71.0	0.09470	0.03943
 71.0	 72.0	0.05141	0.02443
 72.0	 73.0	0.06248	0.11960
 73.0	 74.0	0.07343	0.13851
 74.0	 75.0	0.16010	0.12612
 75.0	 76.0	0.02864	0.03398
 76.0	 77.0	0.03575	0.04264
 77.0	 78.0	0.03163	0.03678
 78.0	 79.0	0.03299	0.04472
 79.0	 80.0	0.07605	0.05817
 80.0	 81.0	0.03265	0.04154
 81.0	 82.0	0.04200	0.08990
 82.0	 83.0	0.05982	0.06642
 83.0	 84.0	0.02143	0.05028
 84.0	 85.0	0.07603	0.07207
 85.0	 86.0	0.01312	0.09880
 86.0	 87.0	0.18748	13.41809
 87.0	 88.0	1.15694	76.86833
 88.0	 89.0	0.01691	0.03465
 89.0	 90.0	0.00379	0.12624
 90.0	 91.0	0.12408	0.25528
 91.0	 92.0	0.04213	0.05110
 92.0	 93.0	0.11388	0.52602
 93.0	 94.0	0.03896	0.06411
 94.0	 95.0	0.09634	0.22253
 95.0	 96.0	0.03025	0.48556
 96.0	 97.0	0.03966	0.38777
 97.0	 98.0	2.09988	48.51663
 98.0	 99.0	0.25009	0.52531
 99.0	100.0	0.99089	0.00000
