  0.0	  1.0	0.47855	0.00523
  1.0	  2.0	0.52708	0.00452
  2.0	  3.0	0.58822	0.00403
  3.0	  4.0	0.63753	0.00352
  4.0	  5.0	0.68393	0.00317
  5.0	  6.0	0.72195	0.00288
  6.0	  7.0	0.74865	0.00265
  7.0	  8.0	0.77130	0.00245
  8.0	  9.0	0.79122	0.00229
  9.0	 10.0	0.80786	0.00215
 10.0	 11.0	0.82186	0.00204
 11.0	 12.0	0.82934	0.00194
 12.0	 13.0	0.83793	0.00188
 13.0	 14.0	0.84577	0.00180
 14.0	 15.0	0.85069	0.00174
 15.0	 16.0	0.85588	0.00170
 16.0	 17.0	0.85819	0.00166
 17.0	 18.0	0.86071	0.00164
 18.0	 19.0	0.86359	0.00161
 19.0	 20.0	0.86721	0.00159
 20.0	 21.0	0.86871	0.00158
 21.0	 22.0	0.86996	0.00155
 22.0	 23.0	0.86770	0.00156
 23.0	 24.0	0.86809	0.00157
 24.0	 25.0	0.86809	0.00158
 25.0	 26.0	0.86742	0.00157
 26.0	 27.0	0.86563	0.00159
 27.0	 28.0	0.86487	0.00162
 28.0	 29.0	0.86005	0.00162
 29.0	 30.0	0.85784	0.00164
 30.0	 31.0	0.85213	0.00167
 31.0	 32.0	0.85168	0.00170
 32.0	 33.0	0.84909	0.00173
 33.0	 34.0	0.84341	0.00178
 34.0	 35.0	0.84034	0.00180
 35.0	 36.0	0.83195	0.00184
 36.0	 37.0	0.82775	0.00189
 37.0	 38.0	0.82591	0.00192
 38.0	 39.0	0.81288	0.00198
 39.0	 40.0	0.80927	0.00203
 40.0	 41.0	0.80087	0.00207
 41.0	 42.0	0.79333	0.00217
 42.0	 43.0	0.78284	0.00220
 43.0	 44.0	0.77677	0.00229
 44.0	 45.0	0.76493	0.00238
 45.0	 46.0	0.75482	0.00241
 46.0	 47.0	0.74403	0.00252
 47.0	 48.0	0.73436	0.00261
 48.0	 49.0	0.72508	0.00264
 49.0	 50.0	0.71118	0.00275
 50.0	 51.0	0.69747	0.00288
 51.0	 52.0	0.68179	0.00297
 52.0	 53.0	0.66272	0.00308
 53.0	 54.0	0.65362	0.00321
 54.0	 55.0	0.63394	0.00330
 55.0	 56.0	0.62274	0.00344
 56.0	 57.0	0.60489	0.00358
 57.0	 58.0	0.58339	0.00370
 58.0	 59.0	0.56254	0.00381
 59.0	 60.0	0.53912	0.00400
 60.0	 61.0	0.53566	0.00427
 61.0	 62.0	0.50996	0.00435
 62.0	 63.0	0.48723	0.00459
 63.0	 64.0	0.47475	0.00477
 64.0	 65.0	0.45129	0.00497
 65.0	 66.0	0.43142	0.00524
 66.0	 67.0	0.40645	0.00564
 67.0	 68.0	0.37826	0.00572
 68.0	 69.0	0.35244	0.00610
 69.0	 70.0	0.34623	0.00657
 70.0	 71.0	0.32790	0.00696
 71.0	 72.0	0.29344	0.00741
 72.0	 73.0	0.27990	0.00780
 73.0	 74.0	0.25879	0.00817
 74.0	 75.0	0.23762	0.00855
 75.0	 76.0	0.22989	0.00953
 76.0	 77.0	0.20746	0.01120
 77.0	 78.0	0.18431	0.01059
 78.0	 79.0	0.17520	0.01202
 79.0	 80.0	0.14562	0.01251
 80.0	 81.0	0.13259	0.01387
 81.0	 82.0	0.12213	0.01374
 82.0	 83.0	0.09957	0.01753
 83.0	 84.0	0.13347	0.02346
 84.0	 85.0	0.06200	0.01755
 85.0	 86.0	0.08009	0.02498
 86.0	 87.0	0.09884	0.03864
 87.0	 88.0	0.00753	0.17089
 88.0	 89.0	0.05815	0.03934
 89.0	 90.0	0.09381	0.04274
 90.0	 91.0	0.01730	0.02804
 91.0	 92.0	0.00907	0.04651
 92.0	 93.0	0.00113	0.46047
 93.0	 94.0	0.18507	0.16893
 94.0	 95.0	0.03879	0.06288
 95.0	 96.0	0.09305	0.05108
 96.0	 97.0	0.02629	0.06513
 97.0	 98.0	0.24232	0.69291
 98.0	 99.0	0.14946	0.15339
 99.0	100.0	1.85483	18.03300
