  0.0	  5.0	0.58746	0.00179
  5.0	 10.0	0.76889	0.00111
 10.0	 15.0	0.83719	0.00084
 15.0	 20.0	0.86111	0.00073
 20.0	 25.0	0.86851	0.00070
 25.0	 30.0	0.86317	0.00072
 30.0	 35.0	0.84736	0.00078
 35.0	 40.0	0.82159	0.00086
 40.0	 45.0	0.78388	0.00099
 45.0	 50.0	0.73403	0.00116
 50.0	 55.0	0.66626	0.00138
 55.0	 60.0	0.58323	0.00166
 60.0	 65.0	0.49266	0.00205
 65.0	 70.0	0.38430	0.00260
 70.0	 75.0	0.28106	0.00345
 75.0	 80.0	0.19033	0.00493
 80.0	 85.0	0.11159	0.00728
 85.0	 90.0	0.06959	0.01424
 90.0	 95.0	0.02500	0.02196
 95.0	100.0	0.07759	0.04088
