  0.0	  2.0	0.50329	0.00343
  2.0	  4.0	0.61338	0.00266
  4.0	  6.0	0.70314	0.00214
  6.0	  8.0	0.76009	0.00180
  8.0	 10.0	0.79960	0.00157
 10.0	 12.0	0.82562	0.00141
 12.0	 14.0	0.84187	0.00130
 14.0	 16.0	0.85328	0.00122
 16.0	 18.0	0.85945	0.00117
 18.0	 20.0	0.86540	0.00113
 20.0	 22.0	0.86934	0.00111
 22.0	 24.0	0.86789	0.00111
 24.0	 26.0	0.86775	0.00111
 26.0	 28.0	0.86525	0.00113
 28.0	 30.0	0.85894	0.00115
 30.0	 32.0	0.85190	0.00119
 32.0	 34.0	0.84627	0.00124
 34.0	 36.0	0.83615	0.00129
 36.0	 38.0	0.82683	0.00135
 38.0	 40.0	0.81106	0.00142
 40.0	 42.0	0.79714	0.00150
 42.0	 44.0	0.77981	0.00159
 44.0	 46.0	0.75987	0.00169
 46.0	 48.0	0.73921	0.00181
 48.0	 50.0	0.71821	0.00191
 50.0	 52.0	0.68964	0.00207
 52.0	 54.0	0.65819	0.00222
 54.0	 56.0	0.62833	0.00238
 56.0	 58.0	0.59427	0.00257
 58.0	 60.0	0.55096	0.00276
 60.0	 62.0	0.52295	0.00305
 62.0	 64.0	0.48102	0.00331
 64.0	 66.0	0.44145	0.00361
 66.0	 68.0	0.39252	0.00402
 68.0	 70.0	0.34922	0.00447
 70.0	 72.0	0.31117	0.00507
 72.0	 74.0	0.26952	0.00564
 74.0	 76.0	0.23358	0.00637
 76.0	 78.0	0.19585	0.00770
 78.0	 80.0	0.16076	0.00866
 80.0	 82.0	0.12740	0.00975
 82.0	 84.0	0.11418	0.01384
 84.0	 86.0	0.07291	0.01441
 86.0	 88.0	0.05805	0.02385
 88.0	 90.0	0.07582	0.02692
 90.0	 92.0	0.01413	0.02288
 92.0	 94.0	0.06749	0.05726
 94.0	 96.0	0.04177	0.04196
 96.0	 98.0	0.05539	0.06159
 98.0	100.0	0.19712	0.14532
