  0.0	  2.0	0.51067	0.00304
  2.0	  4.0	0.52387	0.00292
  4.0	  6.0	0.52347	0.00284
  6.0	  8.0	0.52502	0.00280
  8.0	 10.0	0.52429	0.00279
 10.0	 12.0	0.52381	0.00282
 12.0	 14.0	0.51419	0.00282
 14.0	 16.0	0.50853	0.00287
 16.0	 18.0	0.50833	0.00289
 18.0	 20.0	0.49774	0.00292
 20.0	 22.0	0.48872	0.00298
 22.0	 24.0	0.47691	0.00304
 24.0	 26.0	0.47067	0.00314
 26.0	 28.0	0.45610	0.00317
 28.0	 30.0	0.44688	0.00324
 30.0	 32.0	0.43064	0.00331
 32.0	 34.0	0.41910	0.00346
 34.0	 36.0	0.40571	0.00355
 36.0	 38.0	0.38818	0.00376
 38.0	 40.0	0.37351	0.00388
 40.0	 42.0	0.36527	0.00417
 42.0	 44.0	0.33831	0.00427
 44.0	 46.0	0.31876	0.00457
 46.0	 48.0	0.29315	0.00481
 48.0	 50.0	0.27837	0.00525
 50.0	 52.0	0.25629	0.00547
 52.0	 54.0	0.23411	0.00612
 54.0	 56.0	0.22466	0.00704
 56.0	 58.0	0.18424	0.00732
 58.0	 60.0	0.16375	0.00817
 60.0	 62.0	0.15772	0.00991
 62.0	 64.0	0.13246	0.01152
 64.0	 66.0	0.09784	0.01090
 66.0	 68.0	0.09163	0.01437
 68.0	 70.0	0.06848	0.01774
 70.0	 72.0	0.05913	0.01812
 72.0	 74.0	0.02934	0.02980
 74.0	 76.0	0.04471	0.04339
 76.0	 78.0	0.00143	0.26310
 78.0	 80.0	0.00945	0.03013
 80.0	 82.0	0.03995	0.08663
 82.0	 84.0	0.01930	0.06046
 84.0	 86.0	0.04275	0.05582
 86.0	 88.0	0.07534	1.00727
 88.0	 90.0	0.09972	0.15951
 90.0	 92.0	0.04842	0.05082
 92.0	 94.0	0.05049	0.04958
 94.0	 96.0	0.13039	0.20492
 96.0	 98.0	0.06078	0.09662
 98.0	100.0	0.21527	0.30200
