  0.0	  5.0	0.51861	0.00187
  5.0	 10.0	0.52433	0.00177
 10.0	 15.0	0.51780	0.00179
 15.0	 20.0	0.50330	0.00183
 20.0	 25.0	0.48094	0.00192
 25.0	 30.0	0.45490	0.00202
 30.0	 35.0	0.42282	0.00216
 35.0	 40.0	0.38419	0.00238
 40.0	 45.0	0.34586	0.00270
 45.0	 50.0	0.29241	0.00313
 50.0	 55.0	0.24127	0.00377
 55.0	 60.0	0.18526	0.00479
 60.0	 65.0	0.13921	0.00675
 65.0	 70.0	0.08138	0.00902
 70.0	 75.0	0.04443	0.01428
 75.0	 80.0	0.01703	0.11281
 80.0	 85.0	0.02186	0.05497
 85.0	 90.0	0.09807	0.40765
 90.0	 95.0	0.02898	0.05395
 95.0	100.0	0.04646	0.12847
