  0.0	  1.0	0.50325	0.00433
  1.0	  2.0	0.51806	0.00428
  2.0	  3.0	0.51872	0.00411
  3.0	  4.0	0.52902	0.00414
  4.0	  5.0	0.52394	0.00402
  5.0	  6.0	0.52299	0.00401
  6.0	  7.0	0.52473	0.00397
  7.0	  8.0	0.52528	0.00394
  8.0	  9.0	0.52469	0.00396
  9.0	 10.0	0.52390	0.00394
 10.0	 11.0	0.51816	0.00399
 11.0	 12.0	0.52942	0.00400
 12.0	 13.0	0.51801	0.00397
 13.0	 14.0	0.51033	0.00401
 14.0	 15.0	0.51292	0.00407
 15.0	 16.0	0.50410	0.00406
 16.0	 17.0	0.50904	0.00407
 17.0	 18.0	0.50754	0.00411
 18.0	 19.0	0.49871	0.00411
 19.0	 20.0	0.49677	0.00416
 20.0	 21.0	0.49451	0.00425
 21.0	 22.0	0.48302	0.00417
 22.0	 23.0	0.47876	0.00425
 23.0	 24.0	0.47503	0.00435
 24.0	 25.0	0.47318	0.00445
 25.0	 26.0	0.46815	0.00445
 26.0	 27.0	0.46286	0.00446
 27.0	 28.0	0.44928	0.00450
 28.0	 29.0	0.45221	0.00455
 29.0	 30.0	0.44141	0.00462
 30.0	 31.0	0.43044	0.00463
 31.0	 32.0	0.43087	0.00474
 32.0	 33.0	0.42263	0.00485
 33.0	 34.0	0.41552	0.00493
 34.0	 35.0	0.41428	0.00503
 35.0	 36.0	0.39712	0.00501
 36.0	 37.0	0.38755	0.00532
 37.0	 38.0	0.38880	0.00531
 38.0	 39.0	0.37678	0.00549
 39.0	 40.0	0.37020	0.00550
 40.0	 41.0	0.36988	0.00574
 41.0	 42.0	0.36054	0.00605
 42.0	 43.0	0.34668	0.00609
 43.0	 44.0	0.32986	0.00599
 44.0	 45.0	0.32020	0.00633
 45.0	 46.0	0.31738	0.00661
 46.0	 47.0	0.29881	0.00670
 47.0	 48.0	0.28737	0.00691
 48.0	 49.0	0.28122	0.00727
 49.0	 50.0	0.27544	0.00759
 50.0	 51.0	0.25517	0.00742
 51.0	 52.0	0.25765	0.00812
 52.0	 53.0	0.24081	0.00853
 53.0	 54.0	0.22717	0.00880
 54.0	 55.0	0.22395	0.00989
 55.0	 56.0	0.22523	0.01003
 56.0	 57.0	0.19145	0.01023
 57.0	 58.0	0.17654	0.01048
 58.0	 59.0	0.16028	0.01114
 59.0	 60.0	0.16747	0.01202
 60.0	 61.0	0.15585	0.01281
 61.0	 62.0	0.15849	0.01574
 62.0	 63.0	0.13991	0.01605
 63.0	 64.0	0.12424	0.01658
 64.0	 65.0	0.10951	0.01555
 65.0	 66.0	0.08565	0.01533
 66.0	 67.0	0.08962	0.02228
 67.0	 68.0	0.09366	0.01880
 68.0	 69.0	0.04925	0.02296
 69.0	 70.0	0.09146	0.04261
 70.0	 71.0	0.06065	0.02406
 71.0	 72.0	0.05638	0.02930
 72.0	 73.0	0.03590	0.03241
 73.0	 74.0	0.02431	0.17205
 74.0	 75.0	0.03413	0.03947
 75.0	 76.0	0.09362	0.39746
 76.0	 77.0	0.02479	0.03475
 77.0	 78.0	0.03542	0.06178
 78.0	 79.0	0.00185	0.03689
 79.0	 80.0	0.02532	0.04635
 80.0	 81.0	0.02471	0.25998
 81.0	 82.0	0.10154	0.14528
 82.0	 83.0	0.02027	0.07844
 83.0	 84.0	0.04538	0.06647
 84.0	 85.0	0.06903	0.11074
 85.0	 86.0	0.07734	0.08239
 86.0	 87.0	0.09043	0.12533
 87.0	 88.0	0.03509	0.07726
 88.0	 89.0	0.04360	0.13533
 89.0	 90.0	0.19758	0.53650
 90.0	 91.0	0.04890	0.05538
 91.0	 92.0	0.03723	0.62506
 92.0	 93.0	0.06149	0.16545
 93.0	 94.0	0.05634	0.05780
 94.0	 95.0	0.21565	0.42761
 95.0	 96.0	0.10974	0.24506
 96.0	 97.0	0.07709	0.07076
 97.0	 98.0	0.22919	0.80360
 98.0	 99.0	0.39909	0.62457
 99.0	100.0	0.45236	0.30195
