  0.0	  1.0	0.47943	0.00524
  1.0	  2.0	0.53544	0.00459
  2.0	  3.0	0.59122	0.00405
  3.0	  4.0	0.64198	0.00354
  4.0	  5.0	0.68736	0.00319
  5.0	  6.0	0.72511	0.00289
  6.0	  7.0	0.75027	0.00266
  7.0	  8.0	0.77455	0.00246
  8.0	  9.0	0.79172	0.00230
  9.0	 10.0	0.80914	0.00216
 10.0	 11.0	0.82156	0.00204
 11.0	 12.0	0.83259	0.00195
 12.0	 13.0	0.83908	0.00189
 13.0	 14.0	0.84675	0.00180
 14.0	 15.0	0.85604	0.00175
 15.0	 16.0	0.85969	0.00171
 16.0	 17.0	0.86078	0.00166
 17.0	 18.0	0.86395	0.00165
 18.0	 19.0	0.86776	0.00162
 19.0	 20.0	0.86862	0.00160
 20.0	 21.0	0.86820	0.00158
 21.0	 22.0	0.87012	0.00155
 22.0	 23.0	0.87005	0.00157
 23.0	 24.0	0.87071	0.00157
 24.0	 25.0	0.86962	0.00158
 25.0	 26.0	0.86758	0.00157
 26.0	 27.0	0.86968	0.00159
 27.0	 28.0	0.86489	0.00162
 28.0	 29.0	0.86455	0.00163
 29.0	 30.0	0.86045	0.00164
 30.0	 31.0	0.85558	0.00168
 31.0	 32.0	0.85322	0.00170
 32.0	 33.0	0.84900	0.00173
 33.0	 34.0	0.84348	0.00178
 34.0	 35.0	0.83870	0.00180
 35.0	 36.0	0.83555	0.00185
 36.0	 37.0	0.82971	0.00190
 37.0	 38.0	0.82482	0.00191
 38.0	 39.0	0.81845	0.00200
 39.0	 40.0	0.80970	0.00203
 40.0	 41.0	0.80498	0.00208
 41.0	 42.0	0.79354	0.00217
 42.0	 43.0	0.78740	0.00222
 43.0	 44.0	0.77281	0.00227
 44.0	 45.0	0.76478	0.00238
 45.0	 46.0	0.75921	0.00243
 46.0	 47.0	0.74501	0.00252
 47.0	 48.0	0.73405	0.00261
 48.0	 49.0	0.72634	0.00265
 49.0	 50.0	0.71093	0.00275
 50.0	 51.0	0.69703	0.00288
 51.0	 52.0	0.68583	0.00299
 52.0	 53.0	0.66576	0.00309
 53.0	 54.0	0.65174	0.00320
 54.0	 55.0	0.63746	0.00332
 55.0	 56.0	0.62179	0.00343
 56.0	 57.0	0.60246	0.00356
 57.0	 58.0	0.58632	0.00372
 58.0	 59.0	0.57112	0.00387
 59.0	 60.0	0.54991	0.00408
 60.0	 61.0	0.52248	0.00417
 61.0	 62.0	0.51344	0.00438
 62.0	 63.0	0.48866	0.00461
 63.0	 64.0	0.47607	0.00478
 64.0	 65.0	0.45312	0.00499
 65.0	 66.0	0.43404	0.00528
 66.0	 67.0	0.40548	0.00563
 67.0	 68.0	0.39014	0.00590
 68.0	 69.0	0.36605	0.00633
 69.0	 70.0	0.34668	0.00657
 70.0	 71.0	0.31896	0.00677
 71.0	 72.0	0.30334	0.00766
 72.0	 73.0	0.27851	0.00776
 73.0	 74.0	0.26164	0.00826
 74.0	 75.0	0.24321	0.00875
 75.0	 76.0	0.22177	0.00920
 76.0	 77.0	0.18666	0.01008
 77.0	 78.0	0.19579	0.01125
 78.0	 79.0	0.17810	0.01222
 79.0	 80.0	0.15477	0.01330
 80.0	 81.0	0.13302	0.01391
 81.0	 82.0	0.12708	0.01430
 82.0	 83.0	0.09214	0.01622
 83.0	 84.0	0.08706	0.01530
 84.0	 85.0	0.11488	0.03251
 85.0	 86.0	0.06466	0.02017
 86.0	 87.0	0.05491	0.02147
 87.0	 88.0	0.00922	0.20933
 88.0	 89.0	0.04688	0.03172
 89.0	 90.0	0.06587	0.03001
 90.0	 91.0	0.08821	0.14299
 91.0	 92.0	0.04690	0.24061
 92.0	 93.0	0.00509	2.07460
 93.0	 94.0	0.03939	0.03595
 94.0	 95.0	0.08090	0.13113
 95.0	 96.0	0.16713	0.09176
 96.0	 97.0	0.12666	0.31382
 97.0	 98.0	0.11691	0.33431
 98.0	 99.0	0.51907	0.53274
 99.0	100.0	0.09315	0.90564
