  0.0	  5.0	0.59148	0.00180
  5.0	 10.0	0.77081	0.00111
 10.0	 15.0	0.83931	0.00084
 15.0	 20.0	0.86416	0.00074
 20.0	 25.0	0.86974	0.00070
 25.0	 30.0	0.86543	0.00072
 30.0	 35.0	0.84805	0.00078
 35.0	 40.0	0.82368	0.00087
 40.0	 45.0	0.78486	0.00099
 45.0	 50.0	0.73527	0.00116
 50.0	 55.0	0.66792	0.00138
 55.0	 60.0	0.58683	0.00167
 60.0	 65.0	0.49144	0.00204
 65.0	 70.0	0.38976	0.00264
 70.0	 75.0	0.28237	0.00347
 75.0	 80.0	0.18862	0.00488
 80.0	 85.0	0.11085	0.00723
 85.0	 90.0	0.05651	0.01156
 90.0	 95.0	0.05316	0.04669
 95.0	100.0	0.13900	0.07324
