  0.0	  2.0	0.50814	0.00346
  2.0	  4.0	0.61713	0.00268
  4.0	  6.0	0.70643	0.00215
  6.0	  8.0	0.76254	0.00181
  8.0	 10.0	0.80050	0.00157
 10.0	 12.0	0.82712	0.00141
 12.0	 14.0	0.84293	0.00130
 14.0	 16.0	0.85786	0.00122
 16.0	 18.0	0.86236	0.00117
 18.0	 20.0	0.86819	0.00114
 20.0	 22.0	0.86917	0.00111
 22.0	 24.0	0.87038	0.00111
 24.0	 26.0	0.86860	0.00111
 26.0	 28.0	0.86729	0.00114
 28.0	 30.0	0.86249	0.00116
 30.0	 32.0	0.85441	0.00119
 32.0	 34.0	0.84626	0.00124
 34.0	 36.0	0.83712	0.00129
 36.0	 38.0	0.82727	0.00135
 38.0	 40.0	0.81407	0.00142
 40.0	 42.0	0.79932	0.00150
 42.0	 44.0	0.78013	0.00159
 44.0	 46.0	0.76199	0.00170
 46.0	 48.0	0.73955	0.00181
 48.0	 50.0	0.71872	0.00191
 50.0	 52.0	0.69143	0.00207
 52.0	 54.0	0.65880	0.00222
 54.0	 56.0	0.62965	0.00239
 56.0	 58.0	0.59448	0.00257
 58.0	 60.0	0.56062	0.00281
 60.0	 62.0	0.51798	0.00302
 62.0	 64.0	0.48240	0.00332
 64.0	 66.0	0.44367	0.00363
 66.0	 68.0	0.39794	0.00407
 68.0	 70.0	0.35644	0.00456
 70.0	 72.0	0.31118	0.00508
 72.0	 74.0	0.27021	0.00565
 74.0	 76.0	0.23258	0.00634
 76.0	 78.0	0.19100	0.00750
 78.0	 80.0	0.16683	0.00899
 80.0	 82.0	0.13016	0.00996
 82.0	 84.0	0.09077	0.01100
 84.0	 86.0	0.08458	0.01672
 86.0	 88.0	0.04949	0.02033
 88.0	 90.0	0.05758	0.02044
 90.0	 92.0	0.07247	0.11736
 92.0	 94.0	0.04400	0.03733
 94.0	 96.0	0.07914	0.07950
 96.0	 98.0	0.17845	0.19842
 98.0	100.0	0.43221	0.31863
