  0.0	  2.0	0.51408	0.00306
  2.0	  4.0	0.52527	0.00293
  4.0	  6.0	0.53237	0.00289
  6.0	  8.0	0.53406	0.00284
  8.0	 10.0	0.53018	0.00283
 10.0	 12.0	0.52075	0.00281
 12.0	 14.0	0.52184	0.00286
 14.0	 16.0	0.50833	0.00287
 16.0	 18.0	0.50133	0.00285
 18.0	 20.0	0.50344	0.00295
 20.0	 22.0	0.49135	0.00299
 22.0	 24.0	0.47903	0.00305
 24.0	 26.0	0.46810	0.00313
 26.0	 28.0	0.46052	0.00320
 28.0	 30.0	0.45519	0.00330
 30.0	 32.0	0.43915	0.00338
 32.0	 34.0	0.42187	0.00348
 34.0	 36.0	0.41219	0.00361
 36.0	 38.0	0.39052	0.00378
 38.0	 40.0	0.37501	0.00390
 40.0	 42.0	0.35306	0.00403
 42.0	 44.0	0.34694	0.00438
 44.0	 46.0	0.32131	0.00461
 46.0	 48.0	0.30878	0.00507
 48.0	 50.0	0.27528	0.00519
 50.0	 52.0	0.26751	0.00571
 52.0	 54.0	0.23669	0.00619
 54.0	 56.0	0.20732	0.00650
 56.0	 58.0	0.19232	0.00764
 58.0	 60.0	0.17307	0.00863
 60.0	 62.0	0.14837	0.00932
 62.0	 64.0	0.12080	0.01051
 64.0	 66.0	0.13832	0.01540
 66.0	 68.0	0.09709	0.01523
 68.0	 70.0	0.08229	0.02132
 70.0	 72.0	0.06628	0.02031
 72.0	 74.0	0.03653	0.03711
 74.0	 76.0	0.04099	0.03978
 76.0	 78.0	0.72912	133.99636
 78.0	 80.0	0.03270	0.10423
 80.0	 82.0	0.01450	0.03146
 82.0	 84.0	0.01705	0.05341
 84.0	 86.0	0.02328	0.03041
 86.0	 88.0	0.02232	0.29845
 88.0	 90.0	0.02203	0.03524
 90.0	 92.0	0.04452	0.04672
 92.0	 94.0	0.04694	0.04608
 94.0	 96.0	0.07844	0.12327
 96.0	 98.0	0.06767	0.10758
 98.0	100.0	0.32913	0.46173
