  0.0	  1.0	0.50777	0.00436
  1.0	  2.0	0.52033	0.00430
  2.0	  3.0	0.52392	0.00416
  3.0	  4.0	0.52659	0.00412
  4.0	  5.0	0.53418	0.00410
  5.0	  6.0	0.53055	0.00406
  6.0	  7.0	0.53599	0.00406
  7.0	  8.0	0.53216	0.00399
  8.0	  9.0	0.52865	0.00399
  9.0	 10.0	0.53170	0.00400
 10.0	 11.0	0.52267	0.00402
 11.0	 12.0	0.51889	0.00392
 12.0	 13.0	0.52752	0.00404
 13.0	 14.0	0.51613	0.00406
 14.0	 15.0	0.50733	0.00402
 15.0	 16.0	0.50936	0.00411
 16.0	 17.0	0.49694	0.00397
 17.0	 18.0	0.50582	0.00409
 18.0	 19.0	0.50367	0.00415
 19.0	 20.0	0.50321	0.00421
 20.0	 21.0	0.48807	0.00419
 21.0	 22.0	0.49466	0.00427
 22.0	 23.0	0.48115	0.00427
 23.0	 24.0	0.47687	0.00437
 24.0	 25.0	0.47018	0.00442
 25.0	 26.0	0.46602	0.00443
 26.0	 27.0	0.46299	0.00446
 27.0	 28.0	0.45804	0.00458
 28.0	 29.0	0.46724	0.00470
 29.0	 30.0	0.44318	0.00464
 30.0	 31.0	0.44200	0.00475
 31.0	 32.0	0.43626	0.00480
 32.0	 33.0	0.42596	0.00489
 33.0	 34.0	0.41771	0.00495
 34.0	 35.0	0.41377	0.00503
 35.0	 36.0	0.41058	0.00518
 36.0	 37.0	0.38769	0.00532
 37.0	 38.0	0.39336	0.00537
 38.0	 39.0	0.37304	0.00543
 39.0	 40.0	0.37706	0.00560
 40.0	 41.0	0.36094	0.00561
 41.0	 42.0	0.34491	0.00579
 42.0	 43.0	0.34216	0.00601
 43.0	 44.0	0.35204	0.00640
 44.0	 45.0	0.32947	0.00651
 45.0	 46.0	0.31310	0.00652
 46.0	 47.0	0.31597	0.00708
 47.0	 48.0	0.30144	0.00725
 48.0	 49.0	0.28272	0.00731
 49.0	 50.0	0.26766	0.00738
 50.0	 51.0	0.26981	0.00785
 51.0	 52.0	0.26500	0.00835
 52.0	 53.0	0.24350	0.00862
 53.0	 54.0	0.22966	0.00890
 54.0	 55.0	0.20372	0.00900
 55.0	 56.0	0.21098	0.00939
 56.0	 57.0	0.19052	0.01018
 57.0	 58.0	0.19475	0.01156
 58.0	 59.0	0.17392	0.01209
 59.0	 60.0	0.17202	0.01234
 60.0	 61.0	0.17436	0.01433
 61.0	 62.0	0.12370	0.01228
 62.0	 63.0	0.11910	0.01366
 63.0	 64.0	0.12347	0.01647
 64.0	 65.0	0.14638	0.02079
 65.0	 66.0	0.12893	0.02307
 66.0	 67.0	0.08704	0.02164
 67.0	 68.0	0.10669	0.02141
 68.0	 69.0	0.06596	0.03075
 69.0	 70.0	0.08721	0.04063
 70.0	 71.0	0.06481	0.02570
 71.0	 72.0	0.06931	0.03601
 72.0	 73.0	0.04563	0.04120
 73.0	 74.0	0.02086	0.14760
 74.0	 75.0	0.04891	0.05656
 75.0	 76.0	0.02126	0.09025
 76.0	 77.0	0.04511	0.06324
 77.0	 78.0	0.02736	0.04771
 78.0	 79.0	0.10963	2.18678
 79.0	 80.0	0.03195	0.05848
 80.0	 81.0	0.06761	0.71145
 81.0	 82.0	0.02803	0.04010
 82.0	 83.0	0.03525	0.13637
 83.0	 84.0	0.03152	0.04617
 84.0	 85.0	0.02863	0.04593
 85.0	 86.0	0.05260	0.05604
 86.0	 87.0	0.04428	0.06137
 87.0	 88.0	0.02468	0.05435
 88.0	 89.0	0.01527	0.04739
 89.0	 90.0	0.02715	0.07372
 90.0	 91.0	0.08316	0.09418
 91.0	 92.0	0.00338	0.05668
 92.0	 93.0	0.01805	0.04857
 93.0	 94.0	0.13210	0.13551
 94.0	 95.0	0.05263	0.10435
 95.0	 96.0	0.07377	0.16473
 96.0	 97.0	0.12413	0.11395
 97.0	 98.0	0.04904	0.17197
 98.0	 99.0	0.15630	0.24461
 99.0	100.0	0.37204	0.24833
