  0.0	  5.0	0.52261	0.00188
  5.0	 10.0	0.53181	0.00180
 10.0	 15.0	0.51849	0.00179
 15.0	 20.0	0.50374	0.00183
 20.0	 25.0	0.48227	0.00192
 25.0	 30.0	0.45951	0.00204
 30.0	 35.0	0.42732	0.00218
 35.0	 40.0	0.38852	0.00240
 40.0	 45.0	0.34593	0.00270
 45.0	 50.0	0.29654	0.00317
 50.0	 55.0	0.24335	0.00381
 55.0	 60.0	0.18896	0.00488
 60.0	 65.0	0.13633	0.00661
 65.0	 70.0	0.09864	0.01094
 70.0	 75.0	0.05246	0.01686
 75.0	 80.0	0.04068	0.26951
 80.0	 85.0	0.01153	0.02900
 85.0	 90.0	0.00966	0.04017
 90.0	 95.0	0.02040	0.03797
 95.0	100.0	0.03083	0.08527
