  0.0	  1.0	0.47844	0.00435
  1.0	  2.0	0.48162	0.00422
  2.0	  3.0	0.49431	0.00423
  3.0	  4.0	0.50483	0.00418
  4.0	  5.0	0.50983	0.00417
  5.0	  6.0	0.51741	0.00423
  6.0	  7.0	0.51385	0.00416
  7.0	  8.0	0.52911	0.00421
  8.0	  9.0	0.52885	0.00424
  9.0	 10.0	0.52136	0.00420
 10.0	 11.0	0.52110	0.00431
 11.0	 12.0	0.52488	0.00425
 12.0	 13.0	0.51883	0.00428
 13.0	 14.0	0.52344	0.00440
 14.0	 15.0	0.51806	0.00441
 15.0	 16.0	0.51996	0.00448
 16.0	 17.0	0.51754	0.00448
 17.0	 18.0	0.51156	0.00442
 18.0	 19.0	0.51268	0.00453
 19.0	 20.0	0.50070	0.00451
 20.0	 21.0	0.51175	0.00465
 21.0	 22.0	0.49858	0.00462
 22.0	 23.0	0.49424	0.00475
 23.0	 24.0	0.49130	0.00483
 24.0	 25.0	0.48295	0.00485
 25.0	 26.0	0.47952	0.00489
 26.0	 27.0	0.48048	0.00498
 27.0	 28.0	0.47291	0.00510
 28.0	 29.0	0.46154	0.00498
 29.0	 30.0	0.46373	0.00524
 30.0	 31.0	0.46286	0.00533
 31.0	 32.0	0.45322	0.00537
 32.0	 33.0	0.45221	0.00553
 33.0	 34.0	0.43583	0.00561
 34.0	 35.0	0.42519	0.00561
 35.0	 36.0	0.41938	0.00579
 36.0	 37.0	0.41781	0.00612
 37.0	 38.0	0.40250	0.00596
 38.0	 39.0	0.40772	0.00637
 39.0	 40.0	0.39412	0.00630
 40.0	 41.0	0.38729	0.00644
 41.0	 42.0	0.37774	0.00676
 42.0	 43.0	0.36679	0.00687
 43.0	 44.0	0.35950	0.00693
 44.0	 45.0	0.35121	0.00738
 45.0	 46.0	0.33364	0.00752
 46.0	 47.0	0.33184	0.00782
 47.0	 48.0	0.32551	0.00822
 48.0	 49.0	0.31766	0.00858
 49.0	 50.0	0.30448	0.00894
 50.0	 51.0	0.27559	0.00909
 51.0	 52.0	0.25500	0.00886
 52.0	 53.0	0.25411	0.00983
 53.0	 54.0	0.26333	0.01081
 54.0	 55.0	0.25879	0.01177
 55.0	 56.0	0.21270	0.01061
 56.0	 57.0	0.23596	0.01326
 57.0	 58.0	0.20701	0.01319
 58.0	 59.0	0.20965	0.01520
 59.0	 60.0	0.17996	0.01404
 60.0	 61.0	0.16154	0.01406
 61.0	 62.0	0.16876	0.01796
 62.0	 63.0	0.16105	0.01982
 63.0	 64.0	0.12501	0.01899
 64.0	 65.0	0.09386	0.01710
 65.0	 66.0	0.12984	0.02421
 66.0	 67.0	0.14830	0.03347
 67.0	 68.0	0.04584	0.03098
 68.0	 69.0	0.13762	0.06774
 69.0	 70.0	0.08178	0.02606
 70.0	 71.0	0.10068	0.05207
 71.0	 72.0	0.05974	0.03760
 72.0	 73.0	0.07603	0.07717
 73.0	 74.0	0.08189	0.26993
 74.0	 75.0	0.11170	0.09053
 75.0	 76.0	0.04578	0.06242
 76.0	 77.0	0.06232	0.09596
 77.0	 78.0	0.01102	1.11975
 78.0	 79.0	0.32128	8.83050
 79.0	 80.0	0.11195	0.26226
 80.0	 81.0	0.01528	0.12189
 81.0	 82.0	0.03425	0.04713
 82.0	 83.0	0.03877	0.04643
 83.0	 84.0	0.00215	0.04019
 84.0	 85.0	0.07514	0.08264
 85.0	 86.0	0.01990	0.04063
 86.0	 87.0	0.01511	0.11418
 87.0	 88.0	0.04727	0.07790
 88.0	 89.0	0.00791	0.12663
 89.0	 90.0	0.04357	0.07254
 90.0	 91.0	0.11289	0.10155
 91.0	 92.0	0.03704	0.03828
 92.0	 93.0	0.14938	0.14838
 93.0	 94.0	0.05224	0.09319
 94.0	 95.0	0.04138	0.16515
 95.0	 96.0	0.13404	0.11674
 96.0	 97.0	0.31257	0.37948
 97.0	 98.0	0.07151	0.24833
 98.0	 99.0	0.11878	0.16015
 99.0	100.0	0.79605	1.65004
