  0.0	  1.0	0.51669	0.00444
  1.0	  2.0	0.52160	0.00431
  2.0	  3.0	0.54781	0.00435
  3.0	  4.0	0.54433	0.00426
  4.0	  5.0	0.55603	0.00426
  5.0	  6.0	0.56438	0.00432
  6.0	  7.0	0.56479	0.00427
  7.0	  8.0	0.57261	0.00429
  8.0	  9.0	0.57481	0.00434
  9.0	 10.0	0.57344	0.00431
 10.0	 11.0	0.57594	0.00443
 11.0	 12.0	0.57859	0.00437
 12.0	 13.0	0.57390	0.00439
 13.0	 14.0	0.57525	0.00452
 14.0	 15.0	0.57256	0.00454
 15.0	 16.0	0.57068	0.00460
 16.0	 17.0	0.58012	0.00463
 17.0	 18.0	0.56101	0.00454
 18.0	 19.0	0.56537	0.00466
 19.0	 20.0	0.55520	0.00464
 20.0	 21.0	0.55512	0.00477
 21.0	 22.0	0.55129	0.00476
 22.0	 23.0	0.55488	0.00493
 23.0	 24.0	0.54424	0.00498
 24.0	 25.0	0.53179	0.00500
 25.0	 26.0	0.53345	0.00507
 26.0	 27.0	0.53466	0.00516
 27.0	 28.0	0.52836	0.00529
 28.0	 29.0	0.51075	0.00514
 29.0	 30.0	0.52121	0.00545
 30.0	 31.0	0.51269	0.00551
 31.0	 32.0	0.50592	0.00556
 32.0	 33.0	0.49727	0.00570
 33.0	 34.0	0.49332	0.00585
 34.0	 35.0	0.47977	0.00583
 35.0	 36.0	0.48021	0.00606
 36.0	 37.0	0.46117	0.00633
 37.0	 38.0	0.45536	0.00621
 38.0	 39.0	0.45447	0.00662
 39.0	 40.0	0.44054	0.00654
 40.0	 41.0	0.43125	0.00670
 41.0	 42.0	0.41836	0.00702
 42.0	 43.0	0.40656	0.00714
 43.0	 44.0	0.39464	0.00717
 44.0	 45.0	0.38739	0.00765
 45.0	 46.0	0.37729	0.00786
 46.0	 47.0	0.35827	0.00803
 47.0	 48.0	0.35280	0.00848
 48.0	 49.0	0.34149	0.00883
 49.0	 50.0	0.33837	0.00933
 50.0	 51.0	0.33867	0.00985
 51.0	 52.0	0.29615	0.00933
 52.0	 53.0	0.29290	0.01037
 53.0	 54.0	0.29119	0.01128
 54.0	 55.0	0.27293	0.01206
 55.0	 56.0	0.25389	0.01130
 56.0	 57.0	0.25780	0.01378
 57.0	 58.0	0.23198	0.01377
 58.0	 59.0	0.22662	0.01575
 59.0	 60.0	0.20539	0.01474
 60.0	 61.0	0.17692	0.01454
 61.0	 62.0	0.19443	0.01930
 62.0	 63.0	0.18478	0.02120
 63.0	 64.0	0.15422	0.02057
 64.0	 65.0	0.13472	0.01913
 65.0	 66.0	0.14464	0.02588
 66.0	 67.0	0.12125	0.03015
 67.0	 68.0	0.12914	0.02592
 68.0	 69.0	0.16832	0.07847
 69.0	 70.0	0.04922	0.02293
 70.0	 71.0	0.15258	0.06051
 71.0	 72.0	0.07986	0.04150
 72.0	 73.0	0.13181	0.11901
 73.0	 74.0	0.01302	0.09213
 74.0	 75.0	0.05744	0.06641
 75.0	 76.0	0.01512	0.06420
 76.0	 77.0	0.08073	0.11317
 77.0	 78.0	0.05631	0.09820
 78.0	 79.0	0.03815	0.76094
 79.0	 80.0	0.07768	0.14220
 80.0	 81.0	0.00544	0.05721
 81.0	 82.0	0.03633	0.05199
 82.0	 83.0	0.02266	0.08768
 83.0	 84.0	0.04839	0.07087
 84.0	 85.0	0.03725	0.05975
 85.0	 86.0	0.03298	0.03513
 86.0	 87.0	0.02836	0.03931
 87.0	 88.0	0.06304	0.13880
 88.0	 89.0	0.06443	0.19999
 89.0	 90.0	0.02434	0.06608
 90.0	 91.0	0.04391	0.04973
 91.0	 92.0	0.21764	3.65374
 92.0	 93.0	0.08042	0.21638
 93.0	 94.0	0.05750	0.05899
 94.0	 95.0	0.03563	0.07065
 95.0	 96.0	0.03734	0.08339
 96.0	 97.0	0.21206	0.19467
 97.0	 98.0	0.07514	0.26347
 98.0	 99.0	0.10685	0.16722
 99.0	100.0	0.52434	0.34999
