  0.0	  2.0	0.51913	0.00309
  2.0	  4.0	0.54605	0.00304
  4.0	  6.0	0.56018	0.00304
  6.0	  8.0	0.56871	0.00303
  8.0	 10.0	0.57412	0.00306
 10.0	 12.0	0.57729	0.00311
 12.0	 14.0	0.57454	0.00315
 14.0	 16.0	0.57163	0.00323
 16.0	 18.0	0.57055	0.00324
 18.0	 20.0	0.56029	0.00329
 20.0	 22.0	0.55322	0.00337
 22.0	 24.0	0.54960	0.00350
 24.0	 26.0	0.53261	0.00356
 26.0	 28.0	0.53152	0.00369
 28.0	 30.0	0.51583	0.00374
 30.0	 32.0	0.50933	0.00392
 32.0	 34.0	0.49530	0.00408
 34.0	 36.0	0.47997	0.00420
 36.0	 38.0	0.45825	0.00443
 38.0	 40.0	0.44750	0.00465
 40.0	 42.0	0.42491	0.00485
 42.0	 44.0	0.40070	0.00506
 44.0	 46.0	0.38238	0.00548
 46.0	 48.0	0.35551	0.00583
 48.0	 50.0	0.33992	0.00641
 50.0	 52.0	0.31737	0.00678
 52.0	 54.0	0.29194	0.00764
 54.0	 56.0	0.26327	0.00825
 56.0	 58.0	0.24520	0.00974
 58.0	 60.0	0.21593	0.01077
 60.0	 62.0	0.18507	0.01162
 62.0	 64.0	0.16989	0.01478
 64.0	 66.0	0.13869	0.01544
 66.0	 68.0	0.12530	0.01965
 68.0	 70.0	0.09314	0.02413
 70.0	 72.0	0.11648	0.03569
 72.0	 74.0	0.08595	0.08731
 74.0	 76.0	0.03765	0.03653
 76.0	 78.0	0.00355	0.65333
 78.0	 80.0	0.10158	0.32381
 80.0	 82.0	0.04770	0.10344
 82.0	 84.0	0.06759	0.21177
 84.0	 86.0	0.05990	0.07823
 86.0	 88.0	0.00381	0.05090
 88.0	 90.0	0.03769	0.06029
 90.0	 92.0	0.05216	0.05474
 92.0	 94.0	0.08419	0.08266
 94.0	 96.0	0.02777	0.04365
 96.0	 98.0	0.27272	0.43354
 98.0	100.0	0.09410	0.13201
