  0.0	  1.0	0.47237	0.00434
  1.0	  2.0	0.47715	0.00420
  2.0	  3.0	0.49555	0.00424
  3.0	  4.0	0.49933	0.00416
  4.0	  5.0	0.51117	0.00417
  5.0	  6.0	0.51502	0.00422
  6.0	  7.0	0.51652	0.00417
  7.0	  8.0	0.52434	0.00419
  8.0	  9.0	0.52063	0.00423
  9.0	 10.0	0.51403	0.00419
 10.0	 11.0	0.51614	0.00431
 11.0	 12.0	0.51661	0.00424
 12.0	 13.0	0.51440	0.00427
 13.0	 14.0	0.51057	0.00437
 14.0	 15.0	0.50961	0.00439
 15.0	 16.0	0.51573	0.00446
 16.0	 17.0	0.51577	0.00448
 17.0	 18.0	0.50861	0.00441
 18.0	 19.0	0.50687	0.00452
 19.0	 20.0	0.50571	0.00452
 20.0	 21.0	0.49837	0.00462
 21.0	 22.0	0.49661	0.00461
 22.0	 23.0	0.50050	0.00477
 23.0	 24.0	0.49302	0.00482
 24.0	 25.0	0.47768	0.00483
 25.0	 26.0	0.47367	0.00487
 26.0	 27.0	0.47200	0.00496
 27.0	 28.0	0.47188	0.00509
 28.0	 29.0	0.46073	0.00498
 29.0	 30.0	0.45801	0.00521
 30.0	 31.0	0.45118	0.00529
 31.0	 32.0	0.44405	0.00532
 32.0	 33.0	0.44789	0.00550
 33.0	 34.0	0.43816	0.00561
 34.0	 35.0	0.42286	0.00560
 35.0	 36.0	0.41993	0.00578
 36.0	 37.0	0.41554	0.00610
 37.0	 38.0	0.41717	0.00602
 38.0	 39.0	0.40268	0.00633
 39.0	 40.0	0.38973	0.00627
 40.0	 41.0	0.37676	0.00638
 41.0	 42.0	0.37336	0.00673
 42.0	 43.0	0.36692	0.00687
 43.0	 44.0	0.34679	0.00684
 44.0	 45.0	0.35430	0.00739
 45.0	 46.0	0.33684	0.00754
 46.0	 47.0	0.33053	0.00780
 47.0	 48.0	0.32833	0.00826
 48.0	 49.0	0.30846	0.00849
 49.0	 50.0	0.30502	0.00899
 50.0	 51.0	0.29845	0.00934
 51.0	 52.0	0.25495	0.00885
 52.0	 53.0	0.26284	0.00996
 53.0	 54.0	0.25412	0.01071
 54.0	 55.0	0.25896	0.01180
 55.0	 56.0	0.22398	0.01082
 56.0	 57.0	0.23198	0.01315
 57.0	 58.0	0.21330	0.01332
 58.0	 59.0	0.20495	0.01510
 59.0	 60.0	0.17233	0.01378
 60.0	 61.0	0.15413	0.01387
 61.0	 62.0	0.15563	0.01739
 62.0	 63.0	0.16539	0.02007
 63.0	 64.0	0.14660	0.02020
 64.0	 65.0	0.12303	0.01832
 65.0	 66.0	0.06829	0.02555
 66.0	 67.0	0.07917	0.02639
 67.0	 68.0	0.07723	0.02173
 68.0	 69.0	0.11875	0.06115
 69.0	 70.0	0.08942	0.02606
 70.0	 71.0	0.08962	0.04329
 71.0	 72.0	0.06338	0.03891
 72.0	 73.0	0.08690	0.09165
 73.0	 74.0	0.07196	0.17531
 74.0	 75.0	0.05960	0.08738
 75.0	 76.0	0.03229	0.09089
 76.0	 77.0	0.01940	0.09655
 77.0	 78.0	0.26252	8.25174
 78.0	 79.0	0.08276	0.46480
 79.0	 80.0	0.04376	0.19447
 80.0	 81.0	0.02285	0.10501
 81.0	 82.0	0.02881	0.10889
 82.0	 83.0	0.00155	0.27812
 83.0	 84.0	0.09174	0.25637
 84.0	 85.0	0.03080	0.07768
 85.0	 86.0	0.03906	0.05090
 86.0	 87.0	0.08395	0.13828
 87.0	 88.0	0.10542	0.17426
 88.0	 89.0	0.17008	2.40894
 89.0	 90.0	0.05350	0.04101
 90.0	 91.0	0.04120	0.21047
 91.0	 92.0	0.09061	0.15001
 92.0	 93.0	0.08821	0.09145
 93.0	 94.0	0.28729	1.24605
 94.0	 95.0	0.12287	0.22504
 95.0	 96.0	0.20308	1.89404
 96.0	 97.0	0.13582	0.34529
 97.0	 98.0	0.35358	0.25536
 98.0	 99.0	0.13412	0.14224
 99.0	100.0	0.26787	0.46155
