  0.0	  2.0	0.44553	0.00303
  2.0	  4.0	0.55322	0.00240
  4.0	  6.0	0.64157	0.00195
  6.0	  8.0	0.70406	0.00167
  8.0	 10.0	0.75053	0.00148
 10.0	 12.0	0.78230	0.00134
 12.0	 14.0	0.80362	0.00124
 14.0	 16.0	0.81851	0.00117
 16.0	 18.0	0.82985	0.00113
 18.0	 20.0	0.83618	0.00110
 20.0	 22.0	0.84160	0.00107
 22.0	 24.0	0.84365	0.00108
 24.0	 26.0	0.84342	0.00108
 26.0	 28.0	0.83948	0.00110
 28.0	 30.0	0.83837	0.00112
 30.0	 32.0	0.83306	0.00116
 32.0	 34.0	0.82407	0.00121
 34.0	 36.0	0.81671	0.00126
 36.0	 38.0	0.80699	0.00131
 38.0	 40.0	0.79333	0.00139
 40.0	 42.0	0.78108	0.00147
 42.0	 44.0	0.76549	0.00156
 44.0	 46.0	0.74520	0.00166
 46.0	 48.0	0.72346	0.00177
 48.0	 50.0	0.70401	0.00187
 50.0	 52.0	0.67368	0.00202
 52.0	 54.0	0.65014	0.00219
 54.0	 56.0	0.61865	0.00234
 56.0	 58.0	0.58714	0.00254
 58.0	 60.0	0.55381	0.00278
 60.0	 62.0	0.51901	0.00303
 62.0	 64.0	0.48273	0.00332
 64.0	 66.0	0.44724	0.00366
 66.0	 68.0	0.40544	0.00415
 68.0	 70.0	0.36915	0.00472
 70.0	 72.0	0.33070	0.00539
 72.0	 74.0	0.30590	0.00640
 74.0	 76.0	0.26895	0.00733
 76.0	 78.0	0.22491	0.00884
 78.0	 80.0	0.19551	0.01053
 80.0	 82.0	0.20044	0.01534
 82.0	 84.0	0.17342	0.02102
 84.0	 86.0	0.16455	0.03252
 86.0	 88.0	0.18258	0.07501
 88.0	 90.0	0.12051	0.04279
 90.0	 92.0	0.11829	0.19157
 92.0	 94.0	0.08265	0.07012
 94.0	 96.0	0.15764	0.15837
 96.0	 98.0	0.12688	0.14108
 98.0	100.0	0.18664	0.13759
