  0.0	  5.0	0.52805	0.00161
  5.0	 10.0	0.71488	0.00103
 10.0	 15.0	0.79753	0.00080
 15.0	 20.0	0.83078	0.00071
 20.0	 25.0	0.84275	0.00068
 25.0	 30.0	0.83986	0.00070
 30.0	 35.0	0.82688	0.00076
 35.0	 40.0	0.80285	0.00084
 40.0	 45.0	0.76847	0.00097
 45.0	 50.0	0.71944	0.00113
 50.0	 55.0	0.65557	0.00136
 55.0	 60.0	0.57831	0.00164
 60.0	 65.0	0.49317	0.00205
 65.0	 70.0	0.39759	0.00269
 70.0	 75.0	0.31168	0.00383
 75.0	 80.0	0.21989	0.00569
 80.0	 85.0	0.17942	0.01170
 85.0	 90.0	0.16452	0.03367
 90.0	 95.0	0.12687	0.11145
 95.0	100.0	0.14345	0.07558
