  0.0	  2.0	0.47476	0.00302
  2.0	  4.0	0.49744	0.00297
  4.0	  6.0	0.51309	0.00296
  6.0	  8.0	0.52044	0.00295
  8.0	 10.0	0.51732	0.00297
 10.0	 12.0	0.51637	0.00302
 12.0	 14.0	0.51249	0.00305
 14.0	 16.0	0.51266	0.00313
 16.0	 18.0	0.51218	0.00315
 18.0	 20.0	0.50631	0.00320
 20.0	 22.0	0.49749	0.00326
 22.0	 24.0	0.49679	0.00339
 24.0	 26.0	0.47568	0.00343
 26.0	 28.0	0.47194	0.00355
 28.0	 30.0	0.45930	0.00360
 30.0	 32.0	0.44770	0.00375
 32.0	 34.0	0.44308	0.00393
 34.0	 36.0	0.42138	0.00402
 36.0	 38.0	0.41636	0.00429
 38.0	 40.0	0.39619	0.00445
 40.0	 42.0	0.37505	0.00463
 42.0	 44.0	0.35691	0.00485
 44.0	 46.0	0.34563	0.00528
 46.0	 48.0	0.32940	0.00567
 48.0	 50.0	0.30674	0.00617
 50.0	 52.0	0.27666	0.00643
 52.0	 54.0	0.25851	0.00729
 54.0	 56.0	0.24122	0.00798
 56.0	 58.0	0.22291	0.00935
 58.0	 60.0	0.18883	0.01018
 60.0	 62.0	0.15441	0.01084
 62.0	 64.0	0.15641	0.01422
 64.0	 66.0	0.10106	0.01404
 66.0	 68.0	0.07838	0.01671
 68.0	 70.0	0.09948	0.02473
 70.0	 72.0	0.07668	0.02902
 72.0	 74.0	0.08002	0.08142
 74.0	 76.0	0.04898	0.04715
 76.0	 78.0	0.04195	0.09845
 78.0	 80.0	0.00874	0.26063
 80.0	 82.0	0.17169	1.00573
 82.0	 84.0	0.02184	0.05225
 84.0	 86.0	0.05722	0.09600
 86.0	 88.0	0.36869	4.27045
 88.0	 90.0	0.05126	0.04549
 90.0	 92.0	0.07479	0.12253
 92.0	 94.0	0.01935	0.09058
 94.0	 96.0	0.12305	0.24397
 96.0	 98.0	0.23847	0.20320
 98.0	100.0	0.12126	0.16238
