  0.0	  2.0	0.43523	0.00302
  2.0	  4.0	0.52917	0.00238
  4.0	  6.0	0.61037	0.00195
  6.0	  8.0	0.66972	0.00168
  8.0	 10.0	0.71091	0.00150
 10.0	 12.0	0.74467	0.00136
 12.0	 14.0	0.76677	0.00128
 14.0	 16.0	0.78366	0.00120
 16.0	 18.0	0.79507	0.00116
 18.0	 20.0	0.80386	0.00113
 20.0	 22.0	0.80640	0.00111
 22.0	 24.0	0.80786	0.00112
 24.0	 26.0	0.80951	0.00112
 26.0	 28.0	0.80886	0.00113
 28.0	 30.0	0.80438	0.00116
 30.0	 32.0	0.79713	0.00120
 32.0	 34.0	0.78915	0.00124
 34.0	 36.0	0.78080	0.00129
 36.0	 38.0	0.76654	0.00134
 38.0	 40.0	0.75756	0.00141
 40.0	 42.0	0.74085	0.00149
 42.0	 44.0	0.72198	0.00158
 44.0	 46.0	0.70192	0.00167
 46.0	 48.0	0.68193	0.00178
 48.0	 50.0	0.66276	0.00187
 50.0	 52.0	0.63124	0.00201
 52.0	 54.0	0.60849	0.00218
 54.0	 56.0	0.57582	0.00232
 56.0	 58.0	0.54673	0.00251
 58.0	 60.0	0.50894	0.00272
 60.0	 62.0	0.47615	0.00296
 62.0	 64.0	0.43631	0.00324
 64.0	 66.0	0.40415	0.00356
 66.0	 68.0	0.37396	0.00406
 68.0	 70.0	0.33898	0.00460
 70.0	 72.0	0.30588	0.00528
 72.0	 74.0	0.27237	0.00618
 74.0	 76.0	0.23556	0.00705
 76.0	 78.0	0.21043	0.00873
 78.0	 80.0	0.19199	0.01065
 80.0	 82.0	0.17713	0.01503
 82.0	 84.0	0.16781	0.02045
 84.0	 86.0	0.11875	0.02496
 86.0	 88.0	0.13000	0.03050
 88.0	 90.0	0.16587	0.05555
 90.0	 92.0	0.09575	0.11246
 92.0	 94.0	0.10479	0.05009
 94.0	 96.0	0.14343	0.43924
 96.0	 98.0	0.03477	0.31589
 98.0	100.0	0.09901	0.10758
