  0.0	  5.0	0.53738	0.00193
  5.0	 10.0	0.57001	0.00193
 10.0	 15.0	0.57525	0.00199
 15.0	 20.0	0.56652	0.00206
 20.0	 25.0	0.54753	0.00219
 25.0	 30.0	0.52569	0.00233
 30.0	 35.0	0.49795	0.00254
 35.0	 40.0	0.45848	0.00284
 40.0	 45.0	0.40804	0.00318
 45.0	 50.0	0.35387	0.00378
 50.0	 55.0	0.29883	0.00467
 55.0	 60.0	0.23556	0.00609
 60.0	 65.0	0.16979	0.00823
 65.0	 70.0	0.11833	0.01312
 70.0	 75.0	0.09345	0.03003
 75.0	 80.0	0.00572	0.03790
 80.0	 85.0	0.08183	0.20576
 85.0	 90.0	0.01798	0.07472
 90.0	 95.0	0.12330	0.22954
 95.0	100.0	0.19855	0.54907
