  0.0	  5.0	0.50728	0.00159
  5.0	 10.0	0.67892	0.00104
 10.0	 15.0	0.76090	0.00082
 15.0	 20.0	0.79686	0.00073
 20.0	 25.0	0.80749	0.00071
 25.0	 30.0	0.80733	0.00072
 30.0	 35.0	0.79188	0.00078
 35.0	 40.0	0.76463	0.00086
 40.0	 45.0	0.72700	0.00098
 45.0	 50.0	0.67698	0.00114
 50.0	 55.0	0.61294	0.00135
 55.0	 60.0	0.53623	0.00162
 60.0	 65.0	0.44851	0.00200
 65.0	 70.0	0.36465	0.00262
 70.0	 75.0	0.28048	0.00371
 75.0	 80.0	0.20727	0.00565
 80.0	 85.0	0.15996	0.01094
 85.0	 90.0	0.14986	0.02502
 90.0	 95.0	0.10246	0.06241
 95.0	100.0	0.10836	0.06287
