  0.0	  5.0	0.50199	0.00159
  5.0	 10.0	0.67598	0.00104
 10.0	 15.0	0.75617	0.00082
 15.0	 20.0	0.79234	0.00073
 20.0	 25.0	0.80617	0.00071
 25.0	 30.0	0.80209	0.00073
 30.0	 35.0	0.78950	0.00078
 35.0	 40.0	0.76320	0.00086
 40.0	 45.0	0.72308	0.00099
 45.0	 50.0	0.67269	0.00114
 50.0	 55.0	0.61011	0.00135
 55.0	 60.0	0.53379	0.00162
 60.0	 65.0	0.44591	0.00200
 65.0	 70.0	0.36136	0.00262
 70.0	 75.0	0.28405	0.00372
 75.0	 80.0	0.19585	0.00556
 80.0	 85.0	0.14031	0.01140
 85.0	 90.0	0.16520	0.03636
 90.0	 95.0	0.11298	0.05579
 95.0	100.0	0.09812	0.04824
