  0.0	  1.0	0.41293	0.00453
  1.0	  2.0	0.45657	0.00403
  2.0	  3.0	0.50514	0.00356
  3.0	  4.0	0.55211	0.00319
  4.0	  5.0	0.59054	0.00288
  5.0	  6.0	0.62970	0.00263
  6.0	  7.0	0.65630	0.00246
  7.0	  8.0	0.68282	0.00229
  8.0	  9.0	0.70247	0.00218
  9.0	 10.0	0.71920	0.00205
 10.0	 11.0	0.73837	0.00196
 11.0	 12.0	0.75087	0.00189
 12.0	 13.0	0.76191	0.00184
 13.0	 14.0	0.77159	0.00178
 14.0	 15.0	0.78099	0.00172
 15.0	 16.0	0.78635	0.00168
 16.0	 17.0	0.79279	0.00165
 17.0	 18.0	0.79734	0.00163
 18.0	 19.0	0.80124	0.00161
 19.0	 20.0	0.80648	0.00158
 20.0	 21.0	0.80319	0.00159
 21.0	 22.0	0.80957	0.00156
 22.0	 23.0	0.81070	0.00157
 23.0	 24.0	0.80499	0.00159
 24.0	 25.0	0.80891	0.00158
 25.0	 26.0	0.81011	0.00158
 26.0	 27.0	0.80845	0.00159
 27.0	 28.0	0.80927	0.00161
 28.0	 29.0	0.80628	0.00163
 29.0	 30.0	0.80249	0.00165
 30.0	 31.0	0.79880	0.00169
 31.0	 32.0	0.79544	0.00170
 32.0	 33.0	0.78917	0.00173
 33.0	 34.0	0.78913	0.00177
 34.0	 35.0	0.78671	0.00181
 35.0	 36.0	0.77487	0.00185
 36.0	 37.0	0.77007	0.00189
 37.0	 38.0	0.76300	0.00191
 38.0	 39.0	0.76073	0.00198
 39.0	 40.0	0.75440	0.00201
 40.0	 41.0	0.74711	0.00206
 41.0	 42.0	0.73444	0.00215
 42.0	 43.0	0.72816	0.00219
 43.0	 44.0	0.71575	0.00227
 44.0	 45.0	0.70874	0.00234
 45.0	 46.0	0.69509	0.00239
 46.0	 47.0	0.69132	0.00248
 47.0	 48.0	0.67245	0.00255
 48.0	 49.0	0.66988	0.00259
 49.0	 50.0	0.65548	0.00270
 50.0	 51.0	0.63933	0.00280
 51.0	 52.0	0.62311	0.00289
 52.0	 53.0	0.61754	0.00304
 53.0	 54.0	0.59929	0.00312
 54.0	 55.0	0.58405	0.00324
 55.0	 56.0	0.56754	0.00332
 56.0	 57.0	0.55360	0.00346
 57.0	 58.0	0.53968	0.00364
 58.0	 59.0	0.51845	0.00376
 59.0	 60.0	0.49922	0.00396
 60.0	 61.0	0.48190	0.00410
 61.0	 62.0	0.47030	0.00428
 62.0	 63.0	0.44125	0.00452
 63.0	 64.0	0.43131	0.00465
 64.0	 65.0	0.41404	0.00492
 65.0	 66.0	0.39403	0.00515
 66.0	 67.0	0.38319	0.00558
 67.0	 68.0	0.36447	0.00593
 68.0	 69.0	0.34422	0.00641
 69.0	 70.0	0.33373	0.00661
 70.0	 71.0	0.31195	0.00711
 71.0	 72.0	0.29973	0.00787
 72.0	 73.0	0.28777	0.00851
 73.0	 74.0	0.25620	0.00899
 74.0	 75.0	0.24113	0.00970
 75.0	 76.0	0.22991	0.01029
 76.0	 77.0	0.20705	0.01196
 77.0	 78.0	0.21397	0.01278
 78.0	 79.0	0.19646	0.01388
 79.0	 80.0	0.18787	0.01665
 80.0	 81.0	0.18054	0.02041
 81.0	 82.0	0.17323	0.02222
 82.0	 83.0	0.16788	0.03046
 83.0	 84.0	0.16729	0.02749
 84.0	 85.0	0.08676	0.03138
 85.0	 86.0	0.17343	0.06293
 86.0	 87.0	0.13942	0.03790
 87.0	 88.0	0.11419	0.05214
 88.0	 89.0	0.19270	0.11802
 89.0	 90.0	0.14811	0.06017
 90.0	 91.0	0.07093	0.13418
 91.0	 92.0	0.25006	0.63005
 92.0	 93.0	0.12985	0.08125
 93.0	 94.0	0.07616	0.06300
 94.0	 95.0	0.10529	0.11709
 95.0	 96.0	0.07040	0.10590
 96.0	 97.0	0.11448	0.13693
 97.0	 98.0	0.17018	0.16107
 98.0	 99.0	0.10755	0.12356
 99.0	100.0	0.12088	0.29289
