  0.0	  2.0	0.48001	0.00303
  2.0	  4.0	0.49962	0.00297
  4.0	  6.0	0.51360	0.00297
  6.0	  8.0	0.52148	0.00296
  8.0	 10.0	0.52511	0.00299
 10.0	 12.0	0.52300	0.00303
 12.0	 14.0	0.52111	0.00307
 14.0	 16.0	0.51900	0.00314
 16.0	 18.0	0.51454	0.00315
 18.0	 20.0	0.50669	0.00319
 20.0	 22.0	0.50514	0.00328
 22.0	 24.0	0.49278	0.00339
 24.0	 26.0	0.48124	0.00344
 26.0	 28.0	0.47673	0.00356
 28.0	 30.0	0.46254	0.00361
 30.0	 32.0	0.45811	0.00378
 32.0	 34.0	0.44412	0.00394
 34.0	 36.0	0.42229	0.00403
 36.0	 38.0	0.41014	0.00427
 38.0	 40.0	0.40091	0.00448
 40.0	 42.0	0.38258	0.00467
 42.0	 44.0	0.36316	0.00488
 44.0	 46.0	0.34248	0.00527
 46.0	 48.0	0.32868	0.00567
 48.0	 50.0	0.31120	0.00619
 50.0	 52.0	0.26531	0.00634
 52.0	 54.0	0.25847	0.00727
 54.0	 56.0	0.23540	0.00789
 56.0	 58.0	0.22177	0.00935
 58.0	 60.0	0.19472	0.01032
 60.0	 62.0	0.16433	0.01108
 62.0	 64.0	0.14337	0.01373
 64.0	 66.0	0.11003	0.01397
 66.0	 68.0	0.09927	0.01840
 68.0	 70.0	0.10079	0.02528
 70.0	 72.0	0.08454	0.03124
 72.0	 74.0	0.07420	0.07908
 74.0	 76.0	0.02523	0.08333
 76.0	 78.0	0.01899	0.12648
 78.0	 80.0	0.07698	0.30764
 80.0	 82.0	0.03767	0.06933
 82.0	 84.0	0.44442	89.75150
 84.0	 86.0	0.03812	0.08054
 86.0	 88.0	0.04096	0.10182
 88.0	 90.0	0.02985	0.15838
 90.0	 92.0	0.06959	0.03960
 92.0	 94.0	0.06490	0.07284
 94.0	 96.0	0.49944	10.10365
 96.0	 98.0	0.02301	0.51996
 98.0	100.0	0.09998	0.22671
