  0.0	  1.0	0.41495	0.00453
  1.0	  2.0	0.47442	0.00407
  2.0	  3.0	0.52292	0.00359
  3.0	  4.0	0.58200	0.00321
  4.0	  5.0	0.62162	0.00288
  5.0	  6.0	0.66105	0.00263
  6.0	  7.0	0.69097	0.00245
  7.0	  8.0	0.71685	0.00228
  8.0	  9.0	0.74188	0.00215
  9.0	 10.0	0.75904	0.00202
 10.0	 11.0	0.77589	0.00193
 11.0	 12.0	0.78861	0.00185
 12.0	 13.0	0.79808	0.00180
 13.0	 14.0	0.80910	0.00172
 14.0	 15.0	0.81527	0.00167
 15.0	 16.0	0.82177	0.00163
 16.0	 17.0	0.82794	0.00160
 17.0	 18.0	0.83176	0.00158
 18.0	 19.0	0.83492	0.00156
 19.0	 20.0	0.83744	0.00154
 20.0	 21.0	0.84025	0.00153
 21.0	 22.0	0.84293	0.00150
 22.0	 23.0	0.84406	0.00152
 23.0	 24.0	0.84323	0.00152
 24.0	 25.0	0.84328	0.00153
 25.0	 26.0	0.84357	0.00153
 26.0	 27.0	0.84087	0.00154
 27.0	 28.0	0.83808	0.00157
 28.0	 29.0	0.83978	0.00158
 29.0	 30.0	0.83697	0.00160
 30.0	 31.0	0.83524	0.00164
 31.0	 32.0	0.83086	0.00166
 32.0	 33.0	0.82560	0.00169
 33.0	 34.0	0.82253	0.00174
 34.0	 35.0	0.81996	0.00176
 35.0	 36.0	0.81345	0.00180
 36.0	 37.0	0.80885	0.00185
 37.0	 38.0	0.80512	0.00187
 38.0	 39.0	0.79719	0.00194
 39.0	 40.0	0.78949	0.00198
 40.0	 41.0	0.78608	0.00203
 41.0	 42.0	0.77597	0.00212
 42.0	 43.0	0.76999	0.00217
 43.0	 44.0	0.76095	0.00224
 44.0	 45.0	0.74866	0.00233
 45.0	 46.0	0.74174	0.00237
 46.0	 47.0	0.73045	0.00247
 47.0	 48.0	0.71641	0.00254
 48.0	 49.0	0.70843	0.00258
 49.0	 50.0	0.69952	0.00271
 50.0	 51.0	0.68112	0.00281
 51.0	 52.0	0.66621	0.00290
 52.0	 53.0	0.65843	0.00306
 53.0	 54.0	0.64171	0.00315
 54.0	 55.0	0.62923	0.00328
 55.0	 56.0	0.60799	0.00335
 56.0	 57.0	0.59391	0.00351
 57.0	 58.0	0.58024	0.00368
 58.0	 59.0	0.56325	0.00382
 59.0	 60.0	0.54419	0.00404
 60.0	 61.0	0.52495	0.00419
 61.0	 62.0	0.51295	0.00438
 62.0	 63.0	0.49213	0.00464
 63.0	 64.0	0.47318	0.00475
 64.0	 65.0	0.45944	0.00506
 65.0	 66.0	0.43474	0.00528
 66.0	 67.0	0.40789	0.00566
 67.0	 68.0	0.40314	0.00610
 68.0	 69.0	0.38373	0.00664
 69.0	 70.0	0.35441	0.00672
 70.0	 71.0	0.34517	0.00733
 71.0	 72.0	0.31537	0.00797
 72.0	 73.0	0.31291	0.00872
 73.0	 74.0	0.29878	0.00943
 74.0	 75.0	0.28441	0.01023
 75.0	 76.0	0.25329	0.01050
 76.0	 77.0	0.22734	0.01227
 77.0	 78.0	0.22207	0.01276
 78.0	 79.0	0.19680	0.01351
 79.0	 80.0	0.19539	0.01678
 80.0	 81.0	0.19406	0.02029
 81.0	 82.0	0.20749	0.02334
 82.0	 83.0	0.20243	0.03564
 83.0	 84.0	0.14553	0.02558
 84.0	 85.0	0.12841	0.03634
 85.0	 86.0	0.20192	0.06297
 86.0	 87.0	0.11399	0.04456
 87.0	 88.0	1.31052	29.75585
 88.0	 89.0	0.16460	0.11135
 89.0	 90.0	0.09228	0.04205
 90.0	 91.0	0.10850	0.17589
 91.0	 92.0	0.15736	0.80727
 92.0	 93.0	1.67707	683.56648
 93.0	 94.0	0.08900	0.08124
 94.0	 95.0	0.08814	0.14287
 95.0	 96.0	0.13541	0.07434
 96.0	 97.0	0.22889	0.56711
 97.0	 98.0	0.04073	0.11647
 98.0	 99.0	0.17033	0.17481
 99.0	100.0	0.09010	0.87595
