  0.0	  2.0	0.42942	0.00301
  2.0	  4.0	0.52460	0.00238
  4.0	  6.0	0.60417	0.00195
  6.0	  8.0	0.66644	0.00168
  8.0	 10.0	0.70981	0.00150
 10.0	 12.0	0.74087	0.00136
 12.0	 14.0	0.76230	0.00128
 14.0	 16.0	0.77872	0.00121
 16.0	 18.0	0.78987	0.00116
 18.0	 20.0	0.79923	0.00114
 20.0	 22.0	0.80427	0.00112
 22.0	 24.0	0.80717	0.00111
 24.0	 26.0	0.80612	0.00112
 26.0	 28.0	0.80301	0.00114
 28.0	 30.0	0.80008	0.00117
 30.0	 32.0	0.79517	0.00120
 32.0	 34.0	0.78592	0.00124
 34.0	 36.0	0.78092	0.00129
 36.0	 38.0	0.76669	0.00134
 38.0	 40.0	0.75286	0.00141
 40.0	 42.0	0.73589	0.00149
 42.0	 44.0	0.71804	0.00158
 44.0	 46.0	0.70008	0.00167
 46.0	 48.0	0.67801	0.00178
 48.0	 50.0	0.65688	0.00187
 50.0	 52.0	0.63003	0.00201
 52.0	 54.0	0.60482	0.00218
 54.0	 56.0	0.57294	0.00231
 56.0	 58.0	0.53821	0.00250
 58.0	 60.0	0.51218	0.00273
 60.0	 62.0	0.47414	0.00296
 62.0	 64.0	0.43763	0.00324
 64.0	 66.0	0.39405	0.00354
 66.0	 68.0	0.36582	0.00403
 68.0	 70.0	0.34393	0.00463
 70.0	 72.0	0.30649	0.00528
 72.0	 74.0	0.27555	0.00618
 74.0	 76.0	0.23994	0.00712
 76.0	 78.0	0.20145	0.00858
 78.0	 80.0	0.17070	0.01043
 80.0	 82.0	0.13525	0.01575
 82.0	 84.0	0.14935	0.01991
 84.0	 86.0	0.17003	0.03408
 86.0	 88.0	0.11828	0.04140
 88.0	 90.0	0.18276	0.11611
 90.0	 92.0	0.12838	0.06281
 92.0	 94.0	0.02353	0.55837
 94.0	 96.0	0.09774	0.06816
 96.0	 98.0	0.08512	0.06059
 98.0	100.0	0.16477	0.14947
