  0.0	  5.0	0.49122	0.00189
  5.0	 10.0	0.51812	0.00188
 10.0	 15.0	0.51347	0.00193
 15.0	 20.0	0.51057	0.00200
 20.0	 25.0	0.49329	0.00211
 25.0	 30.0	0.46728	0.00224
 30.0	 35.0	0.44097	0.00244
 35.0	 40.0	0.40911	0.00272
 40.0	 45.0	0.36371	0.00305
 45.0	 50.0	0.32203	0.00365
 50.0	 55.0	0.26574	0.00447
 55.0	 60.0	0.20983	0.00581
 60.0	 65.0	0.14870	0.00781
 65.0	 70.0	0.08497	0.01158
 70.0	 75.0	0.07408	0.02671
 75.0	 80.0	0.02293	0.10338
 80.0	 85.0	0.10393	0.34498
 85.0	 90.0	0.06442	0.29167
 90.0	 95.0	0.01000	0.18661
 95.0	100.0	0.12733	0.78905
