  0.0	  1.0	0.40878	0.00453
  1.0	  2.0	0.44920	0.00402
  2.0	  3.0	0.49901	0.00355
  3.0	  4.0	0.54900	0.00319
  4.0	  5.0	0.58451	0.00287
  5.0	  6.0	0.62334	0.00263
  6.0	  7.0	0.65225	0.00246
  7.0	  8.0	0.68029	0.00229
  8.0	  9.0	0.69854	0.00218
  9.0	 10.0	0.72087	0.00205
 10.0	 11.0	0.73597	0.00196
 11.0	 12.0	0.74570	0.00190
 12.0	 13.0	0.75686	0.00185
 13.0	 14.0	0.76769	0.00178
 14.0	 15.0	0.77397	0.00172
 15.0	 16.0	0.78348	0.00169
 16.0	 17.0	0.78835	0.00165
 17.0	 18.0	0.79139	0.00164
 18.0	 19.0	0.79818	0.00162
 19.0	 20.0	0.80028	0.00160
 20.0	 21.0	0.80296	0.00159
 21.0	 22.0	0.80557	0.00157
 22.0	 23.0	0.80903	0.00157
 23.0	 24.0	0.80528	0.00158
 24.0	 25.0	0.80797	0.00158
 25.0	 26.0	0.80427	0.00159
 26.0	 27.0	0.80182	0.00160
 27.0	 28.0	0.80420	0.00162
 28.0	 29.0	0.80090	0.00164
 29.0	 30.0	0.79926	0.00166
 30.0	 31.0	0.79696	0.00169
 31.0	 32.0	0.79336	0.00170
 32.0	 33.0	0.78876	0.00173
 33.0	 34.0	0.78306	0.00178
 34.0	 35.0	0.78515	0.00180
 35.0	 36.0	0.77668	0.00184
 36.0	 37.0	0.76964	0.00188
 37.0	 38.0	0.76373	0.00191
 38.0	 39.0	0.75650	0.00198
 39.0	 40.0	0.74924	0.00201
 40.0	 41.0	0.73832	0.00207
 41.0	 42.0	0.73341	0.00215
 42.0	 43.0	0.72306	0.00220
 43.0	 44.0	0.71299	0.00226
 44.0	 45.0	0.70705	0.00234
 45.0	 46.0	0.69311	0.00239
 46.0	 47.0	0.68561	0.00248
 47.0	 48.0	0.67034	0.00255
 48.0	 49.0	0.66683	0.00259
 49.0	 50.0	0.64668	0.00270
 50.0	 51.0	0.63896	0.00280
 51.0	 52.0	0.62106	0.00288
 52.0	 53.0	0.61565	0.00304
 53.0	 54.0	0.59379	0.00312
 54.0	 55.0	0.57937	0.00323
 55.0	 56.0	0.56646	0.00331
 56.0	 57.0	0.54393	0.00345
 57.0	 58.0	0.53239	0.00363
 58.0	 59.0	0.51995	0.00376
 59.0	 60.0	0.50430	0.00396
 60.0	 61.0	0.48308	0.00410
 61.0	 62.0	0.46498	0.00427
 62.0	 63.0	0.44697	0.00453
 63.0	 64.0	0.42811	0.00464
 64.0	 65.0	0.40159	0.00489
 65.0	 66.0	0.38638	0.00512
 66.0	 67.0	0.37035	0.00551
 67.0	 68.0	0.36130	0.00591
 68.0	 69.0	0.35825	0.00652
 69.0	 70.0	0.32937	0.00658
 70.0	 71.0	0.30709	0.00709
 71.0	 72.0	0.30633	0.00790
 72.0	 73.0	0.28877	0.00849
 73.0	 74.0	0.26175	0.00902
 74.0	 75.0	0.25310	0.00986
 75.0	 76.0	0.22640	0.01030
 76.0	 77.0	0.19839	0.01174
 77.0	 78.0	0.20442	0.01257
 78.0	 79.0	0.16631	0.01332
 79.0	 80.0	0.17680	0.01670
 80.0	 81.0	0.15844	0.02066
 81.0	 82.0	0.10392	0.02682
 82.0	 83.0	0.13936	0.02931
 83.0	 84.0	0.15896	0.02722
 84.0	 85.0	0.12412	0.03505
 85.0	 86.0	0.22592	0.07131
 86.0	 87.0	0.04852	0.09188
 87.0	 88.0	0.16255	0.06455
 88.0	 89.0	0.24866	0.34705
 89.0	 90.0	0.14064	0.10305
 90.0	 91.0	0.13116	0.06295
 91.0	 92.0	0.12531	0.17815
 92.0	 93.0	0.06182	0.12032
 93.0	 94.0	0.04355	0.07753
 94.0	 95.0	0.06598	0.18105
 95.0	 96.0	0.12287	0.07250
 96.0	 97.0	0.09482	0.06924
 97.0	 98.0	0.03517	0.26711
 98.0	 99.0	0.15834	0.15087
 99.0	100.0	0.15712	0.85394
