  0.0	  5.0	0.49389	0.00189
  5.0	 10.0	0.52213	0.00188
 10.0	 15.0	0.52126	0.00194
 15.0	 20.0	0.51252	0.00200
 20.0	 25.0	0.49585	0.00212
 25.0	 30.0	0.47167	0.00225
 30.0	 35.0	0.44612	0.00245
 35.0	 40.0	0.40834	0.00273
 40.0	 45.0	0.36876	0.00307
 45.0	 50.0	0.32271	0.00365
 50.0	 55.0	0.26076	0.00443
 55.0	 60.0	0.20884	0.00580
 60.0	 65.0	0.14299	0.00770
 65.0	 70.0	0.10764	0.01253
 70.0	 75.0	0.08433	0.02828
 75.0	 80.0	0.06456	0.09168
 80.0	 85.0	0.18408	4.54160
 85.0	 90.0	0.03017	0.09421
 90.0	 95.0	0.02639	0.04150
 95.0	100.0	0.10950	0.07391
