  0.0	  1.0	0.61951	0.00474
  1.0	  2.0	0.66731	0.00425
  2.0	  3.0	0.72121	0.00366
  3.0	  4.0	0.76308	0.00318
  4.0	  5.0	0.80099	0.00285
  5.0	  6.0	0.82583	0.00254
  6.0	  7.0	0.85268	0.00236
  7.0	  8.0	0.86648	0.00214
  8.0	  9.0	0.88324	0.00201
  9.0	 10.0	0.88983	0.00188
 10.0	 11.0	0.90133	0.00179
 11.0	 12.0	0.90768	0.00169
 12.0	 13.0	0.91456	0.00163
 13.0	 14.0	0.91649	0.00157
 14.0	 15.0	0.92081	0.00152
 15.0	 16.0	0.92560	0.00147
 16.0	 17.0	0.92812	0.00144
 17.0	 18.0	0.92910	0.00141
 18.0	 19.0	0.93199	0.00139
 19.0	 20.0	0.93197	0.00136
 20.0	 21.0	0.93138	0.00136
 21.0	 22.0	0.93287	0.00134
 22.0	 23.0	0.93261	0.00133
 23.0	 24.0	0.93455	0.00134
 24.0	 25.0	0.93359	0.00134
 25.0	 26.0	0.93274	0.00135
 26.0	 27.0	0.93182	0.00136
 27.0	 28.0	0.93136	0.00135
 28.0	 29.0	0.92977	0.00138
 29.0	 30.0	0.92632	0.00138
 30.0	 31.0	0.92570	0.00140
 31.0	 32.0	0.92483	0.00144
 32.0	 33.0	0.92013	0.00144
 33.0	 34.0	0.91903	0.00149
 34.0	 35.0	0.91548	0.00150
 35.0	 36.0	0.91213	0.00155
 36.0	 37.0	0.90890	0.00159
 37.0	 38.0	0.90583	0.00163
 38.0	 39.0	0.90173	0.00166
 39.0	 40.0	0.89661	0.00170
 40.0	 41.0	0.88922	0.00176
 41.0	 42.0	0.88746	0.00183
 42.0	 43.0	0.88107	0.00188
 43.0	 44.0	0.87430	0.00193
 44.0	 45.0	0.86778	0.00201
 45.0	 46.0	0.85990	0.00206
 46.0	 47.0	0.85287	0.00215
 47.0	 48.0	0.84492	0.00223
 48.0	 49.0	0.83627	0.00231
 49.0	 50.0	0.83059	0.00240
 50.0	 51.0	0.81672	0.00248
 51.0	 52.0	0.80666	0.00258
 52.0	 53.0	0.79504	0.00270
 53.0	 54.0	0.78043	0.00283
 54.0	 55.0	0.76739	0.00291
 55.0	 56.0	0.76348	0.00312
 56.0	 57.0	0.74332	0.00320
 57.0	 58.0	0.72555	0.00337
 58.0	 59.0	0.71194	0.00352
 59.0	 60.0	0.69735	0.00372
 60.0	 61.0	0.67806	0.00392
 61.0	 62.0	0.65434	0.00408
 62.0	 63.0	0.64307	0.00433
 63.0	 64.0	0.61745	0.00450
 64.0	 65.0	0.59761	0.00479
 65.0	 66.0	0.57279	0.00497
 66.0	 67.0	0.55336	0.00534
 67.0	 68.0	0.53759	0.00579
 68.0	 69.0	0.50900	0.00608
 69.0	 70.0	0.48281	0.00627
 70.0	 71.0	0.46321	0.00681
 71.0	 72.0	0.43188	0.00728
 72.0	 73.0	0.40902	0.00790
 73.0	 74.0	0.38338	0.00832
 74.0	 75.0	0.36008	0.00880
 75.0	 76.0	0.35975	0.01009
 76.0	 77.0	0.34183	0.01187
 77.0	 78.0	0.29718	0.01144
 78.0	 79.0	0.28045	0.01260
 79.0	 80.0	0.26041	0.01364
 80.0	 81.0	0.25300	0.01462
 81.0	 82.0	0.22051	0.01508
 82.0	 83.0	0.21741	0.01853
 83.0	 84.0	0.15170	0.01466
 84.0	 85.0	0.17826	0.02492
 85.0	 86.0	0.12798	0.01573
 86.0	 87.0	0.17473	0.03391
 87.0	 88.0	0.15337	0.02350
 88.0	 89.0	0.20447	0.05786
 89.0	 90.0	0.07686	0.02291
 90.0	 91.0	0.09157	0.02508
 91.0	 92.0	0.08550	0.03421
 92.0	 93.0	0.08733	0.08487
 93.0	 94.0	0.16787	0.12468
 94.0	 95.0	0.03385	0.06598
 95.0	 96.0	0.06680	0.14393
 96.0	 97.0	0.11401	0.09645
 97.0	 98.0	0.17938	0.53251
 98.0	 99.0	0.90335	14.49502
