  0.0	  5.0	0.71569	0.00162
  5.0	 10.0	0.86375	0.00097
 10.0	 15.0	0.91214	0.00073
 15.0	 20.0	0.92935	0.00063
 20.0	 25.0	0.93300	0.00060
 25.0	 30.0	0.93041	0.00061
 30.0	 35.0	0.92104	0.00065
 35.0	 40.0	0.90502	0.00073
 40.0	 45.0	0.87996	0.00084
 45.0	 50.0	0.84493	0.00100
 50.0	 55.0	0.79336	0.00121
 55.0	 60.0	0.72868	0.00151
 60.0	 65.0	0.63874	0.00192
 65.0	 70.0	0.53198	0.00252
 70.0	 75.0	0.41112	0.00346
 75.0	 80.0	0.31051	0.00526
 80.0	 85.0	0.20844	0.00745
 85.0	 90.0	0.14223	0.01083
 90.0	 95.0	0.09236	0.01682
 95.0	100.0	0.09291	0.06704
