  0.0	  2.0	0.64334	0.00317
  2.0	  4.0	0.74234	0.00241
  4.0	  6.0	0.81341	0.00190
  6.0	  8.0	0.85951	0.00159
  8.0	 10.0	0.88651	0.00137
 10.0	 12.0	0.90450	0.00123
 12.0	 14.0	0.91550	0.00113
 14.0	 16.0	0.92320	0.00106
 16.0	 18.0	0.92860	0.00101
 18.0	 20.0	0.93198	0.00097
 20.0	 22.0	0.93213	0.00096
 22.0	 24.0	0.93358	0.00094
 24.0	 26.0	0.93317	0.00095
 26.0	 28.0	0.93159	0.00096
 28.0	 30.0	0.92803	0.00098
 30.0	 32.0	0.92526	0.00101
 32.0	 34.0	0.91958	0.00104
 34.0	 36.0	0.91381	0.00108
 36.0	 38.0	0.90737	0.00114
 38.0	 40.0	0.89917	0.00119
 40.0	 42.0	0.88834	0.00127
 42.0	 44.0	0.87770	0.00134
 44.0	 46.0	0.86382	0.00144
 46.0	 48.0	0.84889	0.00155
 48.0	 50.0	0.83343	0.00166
 50.0	 52.0	0.81170	0.00179
 52.0	 54.0	0.78777	0.00196
 54.0	 56.0	0.76535	0.00213
 56.0	 58.0	0.73456	0.00232
 58.0	 60.0	0.70468	0.00256
 60.0	 62.0	0.66633	0.00283
 62.0	 64.0	0.63039	0.00312
 64.0	 66.0	0.58534	0.00345
 66.0	 68.0	0.54546	0.00393
 68.0	 70.0	0.49604	0.00436
 70.0	 72.0	0.44785	0.00498
 72.0	 74.0	0.39645	0.00573
 74.0	 76.0	0.35951	0.00663
 76.0	 78.0	0.31991	0.00825
 78.0	 80.0	0.27064	0.00926
 80.0	 82.0	0.23750	0.01050
 82.0	 84.0	0.18502	0.01163
 84.0	 86.0	0.15028	0.01349
 86.0	 88.0	0.16275	0.01952
 88.0	 90.0	0.13169	0.02252
 90.0	 92.0	0.08989	0.02005
 92.0	 94.0	0.12209	0.06397
 94.0	 96.0	0.02705	0.06730
 96.0	 98.0	0.12118	0.08845
 98.0	100.0	0.90335	14.49502
