  0.0	  1.0	0.64954	0.00387
  1.0	  2.0	0.65803	0.00381
  2.0	  3.0	0.66664	0.00379
  3.0	  4.0	0.67057	0.00366
  4.0	  5.0	0.68142	0.00369
  5.0	  6.0	0.67429	0.00359
  6.0	  7.0	0.68091	0.00357
  7.0	  8.0	0.68043	0.00359
  8.0	  9.0	0.68270	0.00355
  9.0	 10.0	0.68050	0.00356
 10.0	 11.0	0.67514	0.00357
 11.0	 12.0	0.67700	0.00356
 12.0	 13.0	0.67580	0.00362
 13.0	 14.0	0.66609	0.00358
 14.0	 15.0	0.66773	0.00363
 15.0	 16.0	0.66730	0.00363
 16.0	 17.0	0.65921	0.00359
 17.0	 18.0	0.66376	0.00368
 18.0	 19.0	0.65532	0.00369
 19.0	 20.0	0.64847	0.00370
 20.0	 21.0	0.64946	0.00377
 21.0	 22.0	0.64234	0.00375
 22.0	 23.0	0.63759	0.00377
 23.0	 24.0	0.62784	0.00378
 24.0	 25.0	0.63234	0.00389
 25.0	 26.0	0.62666	0.00392
 26.0	 27.0	0.62075	0.00407
 27.0	 28.0	0.60672	0.00394
 28.0	 29.0	0.60184	0.00405
 29.0	 30.0	0.59860	0.00416
 30.0	 31.0	0.58640	0.00415
 31.0	 32.0	0.58498	0.00422
 32.0	 33.0	0.57563	0.00425
 33.0	 34.0	0.56601	0.00437
 34.0	 35.0	0.56565	0.00450
 35.0	 36.0	0.54941	0.00460
 36.0	 37.0	0.54639	0.00473
 37.0	 38.0	0.53156	0.00476
 38.0	 39.0	0.51679	0.00478
 39.0	 40.0	0.50772	0.00499
 40.0	 41.0	0.50712	0.00515
 41.0	 42.0	0.49166	0.00529
 42.0	 43.0	0.49246	0.00554
 43.0	 44.0	0.46231	0.00542
 44.0	 45.0	0.45968	0.00578
 45.0	 46.0	0.44265	0.00584
 46.0	 47.0	0.42843	0.00610
 47.0	 48.0	0.42007	0.00638
 48.0	 49.0	0.40918	0.00667
 49.0	 50.0	0.40001	0.00712
 50.0	 51.0	0.38266	0.00696
 51.0	 52.0	0.38094	0.00774
 52.0	 53.0	0.36130	0.00782
 53.0	 54.0	0.33551	0.00790
 54.0	 55.0	0.32504	0.00863
 55.0	 56.0	0.29676	0.00822
 56.0	 57.0	0.28941	0.00876
 57.0	 58.0	0.27791	0.00988
 58.0	 59.0	0.24219	0.00978
 59.0	 60.0	0.24994	0.01070
 60.0	 61.0	0.24686	0.01302
 61.0	 62.0	0.20220	0.01247
 62.0	 63.0	0.18184	0.01115
 63.0	 64.0	0.18079	0.01416
 64.0	 65.0	0.17779	0.01538
 65.0	 66.0	0.15985	0.01778
 66.0	 67.0	0.11313	0.01561
 67.0	 68.0	0.14519	0.02184
 68.0	 69.0	0.08879	0.02133
 69.0	 70.0	0.12227	0.02945
 70.0	 71.0	0.08760	0.02599
 71.0	 72.0	0.06978	0.02295
 72.0	 73.0	0.06893	0.02402
 73.0	 74.0	0.08926	0.04968
 74.0	 75.0	0.08113	0.12526
 75.0	 76.0	0.09635	0.20699
 76.0	 77.0	0.02965	0.02386
 77.0	 78.0	0.05590	0.18854
 78.0	 79.0	0.17943	0.29329
 79.0	 80.0	0.02792	0.03998
 80.0	 81.0	0.02565	0.05390
 81.0	 82.0	0.00748	0.09081
 82.0	 83.0	0.04050	0.04459
 83.0	 84.0	0.01802	0.04521
 84.0	 85.0	0.15824	0.78847
 85.0	 86.0	0.01446	0.06834
 86.0	 87.0	0.03675	0.03268
 87.0	 88.0	0.58992	72.58371
 88.0	 89.0	0.03818	0.10037
 89.0	 90.0	0.00953	0.03861
 90.0	 91.0	0.06356	0.03821
 91.0	 92.0	0.12725	0.17884
 92.0	 93.0	0.06166	0.04818
 93.0	 94.0	0.15501	1.17385
 94.0	 95.0	0.07160	0.11835
 95.0	 96.0	0.10101	0.19937
 96.0	 97.0	0.34385	1.07026
 97.0	 98.0	0.11393	0.19498
 98.0	 99.0	0.01638	2.39695
