  0.0	  5.0	0.66515	0.00168
  5.0	 10.0	0.67978	0.00160
 10.0	 15.0	0.67236	0.00161
 15.0	 20.0	0.65883	0.00164
 20.0	 25.0	0.63794	0.00170
 25.0	 30.0	0.61098	0.00180
 30.0	 35.0	0.57582	0.00192
 35.0	 40.0	0.53056	0.00213
 40.0	 45.0	0.48295	0.00243
 45.0	 50.0	0.42031	0.00285
 50.0	 55.0	0.35773	0.00347
 55.0	 60.0	0.27197	0.00418
 60.0	 65.0	0.19854	0.00583
 65.0	 70.0	0.12686	0.00890
 70.0	 75.0	0.07552	0.01365
 75.0	 80.0	0.05846	0.03001
 80.0	 85.0	0.08240	0.15063
 85.0	 90.0	0.03218	0.01956
 90.0	 95.0	0.03876	0.02860
 95.0	100.0	0.05042	0.11963
