  0.0	  2.0	0.65371	0.00272
  2.0	  4.0	0.66859	0.00263
  4.0	  6.0	0.67781	0.00257
  6.0	  8.0	0.68067	0.00253
  8.0	 10.0	0.68160	0.00251
 10.0	 12.0	0.67607	0.00252
 12.0	 14.0	0.67095	0.00254
 14.0	 16.0	0.66752	0.00257
 16.0	 18.0	0.66146	0.00257
 18.0	 20.0	0.65190	0.00262
 20.0	 22.0	0.64588	0.00266
 22.0	 24.0	0.63275	0.00267
 24.0	 26.0	0.62951	0.00276
 26.0	 28.0	0.61364	0.00283
 28.0	 30.0	0.60019	0.00290
 30.0	 32.0	0.58569	0.00296
 32.0	 34.0	0.57089	0.00305
 34.0	 36.0	0.55762	0.00322
 36.0	 38.0	0.53903	0.00336
 38.0	 40.0	0.51226	0.00345
 40.0	 42.0	0.49951	0.00369
 42.0	 44.0	0.47744	0.00388
 44.0	 46.0	0.45118	0.00411
 46.0	 48.0	0.42429	0.00441
 48.0	 50.0	0.40462	0.00487
 50.0	 52.0	0.38160	0.00518
 52.0	 54.0	0.34859	0.00556
 54.0	 56.0	0.31093	0.00595
 56.0	 58.0	0.28369	0.00656
 58.0	 60.0	0.24589	0.00722
 60.0	 62.0	0.22497	0.00902
 62.0	 64.0	0.18074	0.00877
 64.0	 66.0	0.16909	0.01163
 66.0	 68.0	0.12760	0.01277
 68.0	 70.0	0.10637	0.01729
 70.0	 72.0	0.07859	0.01723
 72.0	 74.0	0.07723	0.02186
 74.0	 76.0	0.08794	0.11135
 76.0	 78.0	0.02749	0.03395
 78.0	 80.0	0.08690	0.06622
 80.0	 82.0	0.01375	0.04751
 82.0	 84.0	0.05919	0.08774
 84.0	 86.0	0.05807	0.07970
 86.0	 88.0	0.03661	0.03728
 88.0	 90.0	0.02058	0.03624
 90.0	 92.0	0.05835	0.04200
 92.0	 94.0	0.03082	0.05020
 94.0	 96.0	0.06520	0.16690
 96.0	 98.0	0.20111	0.23166
 98.0	100.0	0.01638	2.39695
