  0.0	  1.0	0.48125	0.00362
  1.0	  2.0	0.53263	0.00320
  2.0	  3.0	0.59310	0.00282
  3.0	  4.0	0.64403	0.00249
  4.0	  5.0	0.68526	0.00223
  5.0	  6.0	0.72151	0.00202
  6.0	  7.0	0.74796	0.00185
  7.0	  8.0	0.77244	0.00173
  8.0	  9.0	0.79379	0.00160
  9.0	 10.0	0.80550	0.00151
 10.0	 11.0	0.82107	0.00144
 11.0	 12.0	0.83140	0.00137
 12.0	 13.0	0.83921	0.00131
 13.0	 14.0	0.84632	0.00127
 14.0	 15.0	0.85141	0.00123
 15.0	 16.0	0.85891	0.00119
 16.0	 17.0	0.86149	0.00116
 17.0	 18.0	0.86306	0.00115
 18.0	 19.0	0.86523	0.00114
 19.0	 20.0	0.86834	0.00111
 20.0	 21.0	0.86754	0.00111
 21.0	 22.0	0.87011	0.00110
 22.0	 23.0	0.86898	0.00110
 23.0	 24.0	0.86776	0.00110
 24.0	 25.0	0.86783	0.00110
 25.0	 26.0	0.86659	0.00110
 26.0	 27.0	0.86457	0.00112
 27.0	 28.0	0.86359	0.00112
 28.0	 29.0	0.85989	0.00115
 29.0	 30.0	0.85960	0.00117
 30.0	 31.0	0.85623	0.00117
 31.0	 32.0	0.85187	0.00119
 32.0	 33.0	0.84736	0.00120
 33.0	 34.0	0.84257	0.00125
 34.0	 35.0	0.83895	0.00126
 35.0	 36.0	0.83483	0.00129
 36.0	 37.0	0.82817	0.00132
 37.0	 38.0	0.82159	0.00136
 38.0	 39.0	0.81506	0.00138
 39.0	 40.0	0.80867	0.00143
 40.0	 41.0	0.79918	0.00147
 41.0	 42.0	0.79079	0.00151
 42.0	 43.0	0.78510	0.00155
 43.0	 44.0	0.77394	0.00160
 44.0	 45.0	0.76605	0.00166
 45.0	 46.0	0.75316	0.00170
 46.0	 47.0	0.74154	0.00176
 47.0	 48.0	0.73243	0.00181
 48.0	 49.0	0.71789	0.00187
 49.0	 50.0	0.70953	0.00194
 50.0	 51.0	0.69528	0.00200
 51.0	 52.0	0.67928	0.00206
 52.0	 53.0	0.66945	0.00216
 53.0	 54.0	0.64916	0.00223
 54.0	 55.0	0.63512	0.00230
 55.0	 56.0	0.62050	0.00241
 56.0	 57.0	0.60309	0.00248
 57.0	 58.0	0.58490	0.00261
 58.0	 59.0	0.56185	0.00271
 59.0	 60.0	0.54744	0.00283
 60.0	 61.0	0.53161	0.00297
 61.0	 62.0	0.50682	0.00308
 62.0	 63.0	0.49205	0.00321
 63.0	 64.0	0.47005	0.00337
 64.0	 65.0	0.43934	0.00347
 65.0	 66.0	0.42577	0.00374
 66.0	 67.0	0.40246	0.00385
 67.0	 68.0	0.38353	0.00408
 68.0	 69.0	0.35964	0.00430
 69.0	 70.0	0.34826	0.00460
 70.0	 71.0	0.32096	0.00486
 71.0	 72.0	0.30215	0.00512
 72.0	 73.0	0.28307	0.00560
 73.0	 74.0	0.26369	0.00594
 74.0	 75.0	0.24607	0.00634
 75.0	 76.0	0.21117	0.00656
 76.0	 77.0	0.19614	0.00684
 77.0	 78.0	0.18499	0.00756
 78.0	 79.0	0.16145	0.00797
 79.0	 80.0	0.16700	0.00925
 80.0	 81.0	0.14307	0.00949
 81.0	 82.0	0.12779	0.01128
 82.0	 83.0	0.11230	0.01134
 83.0	 84.0	0.09593	0.01270
 84.0	 85.0	0.06662	0.01612
 85.0	 86.0	0.08112	0.01535
 86.0	 87.0	0.06812	0.01376
 87.0	 88.0	0.02957	0.02001
 88.0	 89.0	0.04425	0.01663
 89.0	 90.0	0.04952	0.05768
 90.0	 91.0	0.02294	0.06332
 91.0	 92.0	0.08969	0.03064
 92.0	 93.0	0.04757	0.03817
 93.0	 94.0	0.05156	0.03921
 94.0	 95.0	0.09969	0.09605
 95.0	 96.0	0.20654	0.48042
 96.0	 97.0	0.08205	0.19777
 97.0	 98.0	0.23438	0.64937
 98.0	 99.0	0.03826	0.50926
 99.0	100.0	0.03627	2.27156
