  0.0	  5.0	0.59075	0.00126
  5.0	 10.0	0.76895	0.00078
 10.0	 15.0	0.83795	0.00059
 15.0	 20.0	0.86342	0.00051
 20.0	 25.0	0.86845	0.00049
 25.0	 30.0	0.86286	0.00051
 30.0	 35.0	0.84744	0.00054
 35.0	 40.0	0.82169	0.00061
 40.0	 45.0	0.78311	0.00070
 45.0	 50.0	0.73112	0.00081
 50.0	 55.0	0.66597	0.00096
 55.0	 60.0	0.58420	0.00116
 60.0	 65.0	0.48901	0.00144
 65.0	 70.0	0.38495	0.00183
 70.0	 75.0	0.28444	0.00246
 75.0	 80.0	0.18502	0.00334
 80.0	 85.0	0.11333	0.00517
 85.0	 90.0	0.05778	0.00762
 90.0	 95.0	0.01652	0.05168
 95.0	100.0	0.10837	0.13580
