  0.0	  2.0	0.50708	0.00240
  2.0	  4.0	0.61911	0.00187
  4.0	  6.0	0.70363	0.00150
  6.0	  8.0	0.76029	0.00126
  8.0	 10.0	0.79966	0.00110
 10.0	 12.0	0.82627	0.00099
 12.0	 14.0	0.84276	0.00091
 14.0	 16.0	0.85516	0.00086
 16.0	 18.0	0.86228	0.00082
 18.0	 20.0	0.86680	0.00079
 20.0	 22.0	0.86883	0.00078
 22.0	 24.0	0.86837	0.00078
 24.0	 26.0	0.86721	0.00078
 26.0	 28.0	0.86408	0.00079
 28.0	 30.0	0.85975	0.00082
 30.0	 32.0	0.85406	0.00084
 32.0	 34.0	0.84499	0.00087
 34.0	 36.0	0.83690	0.00090
 36.0	 38.0	0.82490	0.00095
 38.0	 40.0	0.81186	0.00099
 40.0	 42.0	0.79503	0.00105
 42.0	 44.0	0.77955	0.00111
 44.0	 46.0	0.75959	0.00119
 46.0	 48.0	0.73699	0.00126
 48.0	 50.0	0.71374	0.00135
 50.0	 52.0	0.68733	0.00144
 52.0	 54.0	0.65939	0.00155
 54.0	 56.0	0.62787	0.00166
 56.0	 58.0	0.59414	0.00180
 58.0	 60.0	0.55471	0.00196
 60.0	 62.0	0.51938	0.00214
 62.0	 64.0	0.48118	0.00232
 64.0	 66.0	0.43257	0.00255
 66.0	 68.0	0.39310	0.00280
 68.0	 70.0	0.35394	0.00314
 70.0	 72.0	0.31172	0.00352
 72.0	 74.0	0.27361	0.00408
 74.0	 76.0	0.22879	0.00456
 76.0	 78.0	0.19067	0.00507
 78.0	 80.0	0.16409	0.00604
 80.0	 82.0	0.13591	0.00725
 82.0	 84.0	0.10473	0.00843
 84.0	 86.0	0.07506	0.01075
 86.0	 88.0	0.05168	0.01095
 88.0	 90.0	0.04536	0.01739
 90.0	 92.0	0.06048	0.02243
 92.0	 94.0	0.04938	0.02718
 94.0	 96.0	0.13263	0.09577
 96.0	 98.0	0.12238	0.17334
 98.0	100.0	0.03973	0.51439
