  0.0	  1.0	0.50611	0.00303
  1.0	  2.0	0.50512	0.00296
  2.0	  3.0	0.51979	0.00291
  3.0	  4.0	0.52345	0.00286
  4.0	  5.0	0.53095	0.00286
  5.0	  6.0	0.52300	0.00280
  6.0	  7.0	0.52551	0.00277
  7.0	  8.0	0.52561	0.00280
  8.0	  9.0	0.53107	0.00280
  9.0	 10.0	0.52626	0.00279
 10.0	 11.0	0.52462	0.00279
 11.0	 12.0	0.52283	0.00280
 12.0	 13.0	0.51891	0.00283
 13.0	 14.0	0.51251	0.00281
 14.0	 15.0	0.51416	0.00283
 15.0	 16.0	0.50983	0.00285
 16.0	 17.0	0.50750	0.00282
 17.0	 18.0	0.50707	0.00287
 18.0	 19.0	0.50018	0.00292
 19.0	 20.0	0.49440	0.00292
 20.0	 21.0	0.48878	0.00295
 21.0	 22.0	0.48563	0.00297
 22.0	 23.0	0.47923	0.00301
 23.0	 24.0	0.47604	0.00309
 24.0	 25.0	0.47549	0.00306
 25.0	 26.0	0.46790	0.00307
 26.0	 27.0	0.46723	0.00319
 27.0	 28.0	0.44916	0.00315
 28.0	 29.0	0.45358	0.00324
 29.0	 30.0	0.44258	0.00328
 30.0	 31.0	0.43756	0.00331
 31.0	 32.0	0.43156	0.00336
 32.0	 33.0	0.42622	0.00341
 33.0	 34.0	0.41180	0.00346
 34.0	 35.0	0.40796	0.00352
 35.0	 36.0	0.40207	0.00361
 36.0	 37.0	0.39280	0.00365
 37.0	 38.0	0.38336	0.00378
 38.0	 39.0	0.37976	0.00382
 39.0	 40.0	0.36492	0.00390
 40.0	 41.0	0.35946	0.00404
 41.0	 42.0	0.35067	0.00416
 42.0	 43.0	0.34108	0.00423
 43.0	 44.0	0.33726	0.00430
 44.0	 45.0	0.30980	0.00435
 45.0	 46.0	0.29895	0.00444
 46.0	 47.0	0.30083	0.00476
 47.0	 48.0	0.29533	0.00488
 48.0	 49.0	0.28948	0.00511
 49.0	 50.0	0.26110	0.00520
 50.0	 51.0	0.26105	0.00537
 51.0	 52.0	0.26247	0.00584
 52.0	 53.0	0.24174	0.00594
 53.0	 54.0	0.23610	0.00639
 54.0	 55.0	0.22053	0.00640
 55.0	 56.0	0.20637	0.00690
 56.0	 57.0	0.19283	0.00718
 57.0	 58.0	0.19311	0.00763
 58.0	 59.0	0.18862	0.00900
 59.0	 60.0	0.15349	0.00790
 60.0	 61.0	0.16692	0.00933
 61.0	 62.0	0.14481	0.00996
 62.0	 63.0	0.13338	0.01097
 63.0	 64.0	0.11003	0.01048
 64.0	 65.0	0.13074	0.01459
 65.0	 66.0	0.10732	0.01283
 66.0	 67.0	0.09073	0.01432
 67.0	 68.0	0.07255	0.01461
 68.0	 69.0	0.06723	0.01586
 69.0	 70.0	0.07373	0.01698
 70.0	 71.0	0.09755	0.02786
 71.0	 72.0	0.12980	0.05966
 72.0	 73.0	0.06280	0.03108
 73.0	 74.0	0.01623	0.02690
 74.0	 75.0	0.04649	0.02528
 75.0	 76.0	0.04235	0.14060
 76.0	 77.0	0.16159	0.80755
 77.0	 78.0	0.02401	0.02308
 78.0	 79.0	0.02143	0.08767
 79.0	 80.0	0.01344	0.02505
 80.0	 81.0	0.02711	0.08643
 81.0	 82.0	0.01077	0.05186
 82.0	 83.0	0.02072	0.03350
 83.0	 84.0	0.06977	0.14870
 84.0	 85.0	0.07865	0.09750
 85.0	 86.0	0.00961	0.08320
 86.0	 87.0	0.02574	0.06691
 87.0	 88.0	0.02583	0.05306
 88.0	 89.0	0.03484	0.06226
 89.0	 90.0	0.08551	0.10334
 90.0	 91.0	0.03873	0.03939
 91.0	 92.0	0.08593	0.30619
 92.0	 93.0	0.01603	0.05317
 93.0	 94.0	0.02695	0.07137
 94.0	 95.0	0.14937	0.62519
 95.0	 96.0	0.06407	0.05919
 96.0	 97.0	0.15222	0.12897
 97.0	 98.0	0.10323	0.20208
 98.0	 99.0	0.20106	0.15215
 99.0	100.0	0.09662	0.39797
