  0.0	  5.0	0.51704	0.00131
  5.0	 10.0	0.52630	0.00125
 10.0	 15.0	0.51862	0.00126
 15.0	 20.0	0.50382	0.00129
 20.0	 25.0	0.48106	0.00135
 25.0	 30.0	0.45616	0.00142
 30.0	 35.0	0.42320	0.00152
 35.0	 40.0	0.38476	0.00168
 40.0	 45.0	0.34001	0.00188
 45.0	 50.0	0.28941	0.00217
 50.0	 55.0	0.24485	0.00266
 55.0	 60.0	0.18729	0.00341
 60.0	 65.0	0.13788	0.00476
 65.0	 70.0	0.08348	0.00654
 70.0	 75.0	0.06608	0.01213
 75.0	 80.0	0.02150	0.01616
 80.0	 85.0	0.05889	0.07887
 85.0	 90.0	0.06733	0.10372
 90.0	 95.0	0.01338	0.02826
 95.0	100.0	0.07062	0.12908
