  0.0	  2.0	0.50557	0.00212
  2.0	  4.0	0.52163	0.00204
  4.0	  6.0	0.52694	0.00200
  6.0	  8.0	0.52556	0.00197
  8.0	 10.0	0.52866	0.00198
 10.0	 12.0	0.52373	0.00198
 12.0	 14.0	0.51571	0.00199
 14.0	 16.0	0.51200	0.00201
 16.0	 18.0	0.50728	0.00201
 18.0	 20.0	0.49728	0.00206
 20.0	 22.0	0.48720	0.00209
 22.0	 24.0	0.47764	0.00215
 24.0	 26.0	0.47171	0.00217
 26.0	 28.0	0.45814	0.00224
 28.0	 30.0	0.44808	0.00231
 30.0	 32.0	0.43458	0.00236
 32.0	 34.0	0.41912	0.00243
 34.0	 36.0	0.40504	0.00252
 36.0	 38.0	0.38812	0.00263
 38.0	 40.0	0.37240	0.00273
 40.0	 42.0	0.35513	0.00290
 42.0	 44.0	0.33918	0.00301
 44.0	 46.0	0.30440	0.00311
 46.0	 48.0	0.29808	0.00341
 48.0	 50.0	0.27554	0.00364
 50.0	 52.0	0.26161	0.00395
 52.0	 54.0	0.23894	0.00435
 54.0	 56.0	0.21359	0.00469
 56.0	 58.0	0.19293	0.00523
 58.0	 60.0	0.17058	0.00594
 60.0	 62.0	0.15630	0.00680
 62.0	 64.0	0.12190	0.00752
 64.0	 66.0	0.11892	0.00961
 66.0	 68.0	0.08186	0.01020
 68.0	 70.0	0.07092	0.01141
 70.0	 72.0	0.11004	0.02629
 72.0	 74.0	0.02959	0.02187
 74.0	 76.0	0.04002	0.02247
 76.0	 78.0	0.01237	0.05622
 78.0	 80.0	0.01177	0.05104
 80.0	 82.0	0.01439	0.17424
 82.0	 84.0	0.05481	0.07642
 84.0	 86.0	0.03564	0.04289
 86.0	 88.0	0.03316	0.03196
 88.0	 90.0	0.04616	0.04059
 90.0	 92.0	0.02455	0.05461
 92.0	 94.0	0.02628	0.04986
 94.0	 96.0	0.00311	0.15905
 96.0	 98.0	0.19478	0.22813
 98.0	100.0	0.19650	0.18416
