  0.0	  2.0	0.50523	0.00239
  2.0	  4.0	0.61714	0.00187
  4.0	  6.0	0.70651	0.00151
  6.0	  8.0	0.76343	0.00127
  8.0	 10.0	0.80153	0.00110
 10.0	 12.0	0.82549	0.00099
 12.0	 14.0	0.84436	0.00091
 14.0	 16.0	0.85512	0.00086
 16.0	 18.0	0.86267	0.00082
 18.0	 20.0	0.86733	0.00079
 20.0	 22.0	0.86974	0.00078
 22.0	 24.0	0.87028	0.00078
 24.0	 26.0	0.86859	0.00078
 26.0	 28.0	0.86539	0.00079
 28.0	 30.0	0.85964	0.00082
 30.0	 32.0	0.85453	0.00084
 32.0	 34.0	0.84766	0.00087
 34.0	 36.0	0.83727	0.00090
 36.0	 38.0	0.82786	0.00095
 38.0	 40.0	0.81241	0.00099
 40.0	 42.0	0.79903	0.00106
 42.0	 44.0	0.78288	0.00112
 44.0	 46.0	0.76190	0.00119
 46.0	 48.0	0.74159	0.00127
 48.0	 50.0	0.71871	0.00136
 50.0	 52.0	0.69285	0.00145
 52.0	 54.0	0.66396	0.00156
 54.0	 56.0	0.62838	0.00167
 56.0	 58.0	0.59489	0.00180
 58.0	 60.0	0.56199	0.00198
 60.0	 62.0	0.51794	0.00213
 62.0	 64.0	0.48265	0.00233
 64.0	 66.0	0.44169	0.00260
 66.0	 68.0	0.40313	0.00287
 68.0	 70.0	0.35601	0.00316
 70.0	 72.0	0.31412	0.00355
 72.0	 74.0	0.27181	0.00405
 74.0	 76.0	0.22618	0.00451
 76.0	 78.0	0.19433	0.00517
 78.0	 80.0	0.16118	0.00593
 80.0	 82.0	0.12471	0.00665
 82.0	 84.0	0.10869	0.00875
 84.0	 86.0	0.08598	0.01232
 86.0	 88.0	0.08060	0.01707
 88.0	 90.0	0.05340	0.02048
 90.0	 92.0	0.05110	0.01895
 92.0	 94.0	0.07389	0.04067
 94.0	 96.0	0.04355	0.03145
 96.0	 98.0	0.05019	0.07109
 98.0	100.0	0.04332	0.56079
