  0.0	  5.0	0.59015	0.00126
  5.0	 10.0	0.77136	0.00078
 10.0	 15.0	0.83852	0.00059
 15.0	 20.0	0.86356	0.00051
 20.0	 25.0	0.86975	0.00049
 25.0	 30.0	0.86373	0.00051
 30.0	 35.0	0.84895	0.00054
 35.0	 40.0	0.82297	0.00061
 40.0	 45.0	0.78589	0.00070
 45.0	 50.0	0.73605	0.00082
 50.0	 55.0	0.67031	0.00097
 55.0	 60.0	0.58720	0.00117
 60.0	 65.0	0.49230	0.00144
 65.0	 70.0	0.38977	0.00185
 70.0	 75.0	0.28293	0.00245
 75.0	 80.0	0.18667	0.00337
 80.0	 85.0	0.11038	0.00504
 85.0	 90.0	0.07881	0.01040
 90.0	 95.0	0.01462	0.04572
 95.0	100.0	0.04010	0.05025
