  0.0	  1.0	0.47545	0.00357
  1.0	  2.0	0.53442	0.00321
  2.0	  3.0	0.58983	0.00280
  3.0	  4.0	0.64323	0.00249
  4.0	  5.0	0.68896	0.00225
  5.0	  6.0	0.72362	0.00202
  6.0	  7.0	0.75260	0.00186
  7.0	  8.0	0.77413	0.00173
  8.0	  9.0	0.79320	0.00160
  9.0	 10.0	0.80976	0.00152
 10.0	 11.0	0.81969	0.00144
 11.0	 12.0	0.83122	0.00137
 12.0	 13.0	0.84127	0.00132
 13.0	 14.0	0.84746	0.00127
 14.0	 15.0	0.85251	0.00124
 15.0	 16.0	0.85774	0.00119
 16.0	 17.0	0.86130	0.00116
 17.0	 18.0	0.86404	0.00115
 18.0	 19.0	0.86589	0.00114
 19.0	 20.0	0.86875	0.00111
 20.0	 21.0	0.86990	0.00112
 21.0	 22.0	0.86958	0.00110
 22.0	 23.0	0.86983	0.00111
 23.0	 24.0	0.87074	0.00111
 24.0	 25.0	0.86869	0.00110
 25.0	 26.0	0.86849	0.00111
 26.0	 27.0	0.86657	0.00112
 27.0	 28.0	0.86422	0.00112
 28.0	 29.0	0.86112	0.00115
 29.0	 30.0	0.85816	0.00116
 30.0	 31.0	0.85636	0.00117
 31.0	 32.0	0.85268	0.00119
 32.0	 33.0	0.84984	0.00121
 33.0	 34.0	0.84542	0.00125
 34.0	 35.0	0.84030	0.00126
 35.0	 36.0	0.83422	0.00129
 36.0	 37.0	0.83089	0.00132
 37.0	 38.0	0.82481	0.00136
 38.0	 39.0	0.81569	0.00138
 39.0	 40.0	0.80913	0.00143
 40.0	 41.0	0.80174	0.00147
 41.0	 42.0	0.79626	0.00152
 42.0	 43.0	0.78612	0.00155
 43.0	 44.0	0.77961	0.00161
 44.0	 45.0	0.76518	0.00166
 45.0	 46.0	0.75864	0.00171
 46.0	 47.0	0.74644	0.00177
 47.0	 48.0	0.73674	0.00182
 48.0	 49.0	0.72534	0.00189
 49.0	 50.0	0.71196	0.00195
 50.0	 51.0	0.69938	0.00201
 51.0	 52.0	0.68624	0.00209
 52.0	 53.0	0.67008	0.00216
 53.0	 54.0	0.65778	0.00226
 54.0	 55.0	0.63648	0.00231
 55.0	 56.0	0.62013	0.00241
 56.0	 57.0	0.60325	0.00248
 57.0	 58.0	0.58627	0.00261
 58.0	 59.0	0.57033	0.00275
 59.0	 60.0	0.55347	0.00286
 60.0	 61.0	0.53003	0.00296
 61.0	 62.0	0.50552	0.00307
 62.0	 63.0	0.49226	0.00321
 63.0	 64.0	0.47284	0.00339
 64.0	 65.0	0.45736	0.00362
 65.0	 66.0	0.42557	0.00374
 66.0	 67.0	0.41458	0.00396
 67.0	 68.0	0.39137	0.00416
 68.0	 69.0	0.36813	0.00440
 69.0	 70.0	0.34364	0.00453
 70.0	 71.0	0.32030	0.00485
 71.0	 72.0	0.30784	0.00522
 72.0	 73.0	0.28500	0.00564
 73.0	 74.0	0.25808	0.00581
 74.0	 75.0	0.23576	0.00608
 75.0	 76.0	0.21643	0.00672
 76.0	 77.0	0.20609	0.00719
 77.0	 78.0	0.18208	0.00744
 78.0	 79.0	0.17746	0.00876
 79.0	 80.0	0.14541	0.00806
 80.0	 81.0	0.13946	0.00925
 81.0	 82.0	0.10894	0.00961
 82.0	 83.0	0.11756	0.01187
 83.0	 84.0	0.09852	0.01304
 84.0	 85.0	0.07097	0.01717
 85.0	 86.0	0.10147	0.01920
 86.0	 87.0	0.09329	0.01885
 87.0	 88.0	0.05879	0.03977
 88.0	 89.0	0.08086	0.03039
 89.0	 90.0	0.02290	0.02667
 90.0	 91.0	0.02133	0.05887
 91.0	 92.0	0.06921	0.02364
 92.0	 93.0	0.07482	0.06004
 93.0	 94.0	0.07332	0.05575
 94.0	 95.0	0.03508	0.03380
 95.0	 96.0	0.04955	0.11524
 96.0	 97.0	0.03140	0.07568
 97.0	 98.0	0.06829	0.18920
 98.0	 99.0	0.04649	0.61882
 99.0	100.0	0.03140	1.96665
