  0.0	  5.0	0.52074	0.00132
  5.0	 10.0	0.52886	0.00125
 10.0	 15.0	0.52063	0.00126
 15.0	 20.0	0.50579	0.00129
 20.0	 25.0	0.48093	0.00135
 25.0	 30.0	0.45668	0.00143
 30.0	 35.0	0.42474	0.00153
 35.0	 40.0	0.38984	0.00170
 40.0	 45.0	0.34401	0.00191
 45.0	 50.0	0.29798	0.00224
 50.0	 55.0	0.24086	0.00262
 55.0	 60.0	0.18394	0.00335
 60.0	 65.0	0.13492	0.00466
 65.0	 70.0	0.09191	0.00720
 70.0	 75.0	0.05191	0.00953
 75.0	 80.0	0.03935	0.02958
 80.0	 85.0	0.02559	0.03427
 85.0	 90.0	0.02226	0.03430
 90.0	 95.0	0.03981	0.08407
 95.0	100.0	0.15056	0.27520
