  0.0	  2.0	0.51001	0.00214
  2.0	  4.0	0.52850	0.00207
  4.0	  6.0	0.53033	0.00202
  6.0	  8.0	0.52968	0.00198
  8.0	 10.0	0.52574	0.00197
 10.0	 12.0	0.52508	0.00198
 12.0	 14.0	0.51833	0.00200
 14.0	 16.0	0.51484	0.00202
 16.0	 18.0	0.50869	0.00202
 18.0	 20.0	0.49899	0.00207
 20.0	 22.0	0.48833	0.00210
 22.0	 24.0	0.47688	0.00215
 24.0	 26.0	0.47161	0.00217
 26.0	 28.0	0.45921	0.00225
 28.0	 30.0	0.44767	0.00230
 30.0	 32.0	0.43400	0.00235
 32.0	 34.0	0.42263	0.00245
 34.0	 36.0	0.40845	0.00254
 36.0	 38.0	0.39521	0.00268
 38.0	 40.0	0.37552	0.00275
 40.0	 42.0	0.35817	0.00292
 42.0	 44.0	0.33722	0.00300
 44.0	 46.0	0.32197	0.00329
 46.0	 48.0	0.30472	0.00348
 48.0	 50.0	0.28149	0.00372
 50.0	 52.0	0.25634	0.00387
 52.0	 54.0	0.22992	0.00419
 54.0	 56.0	0.22176	0.00487
 56.0	 58.0	0.18839	0.00510
 58.0	 60.0	0.16339	0.00569
 60.0	 62.0	0.14771	0.00643
 62.0	 64.0	0.12853	0.00793
 64.0	 66.0	0.11434	0.00924
 66.0	 68.0	0.09061	0.01129
 68.0	 70.0	0.08314	0.01338
 70.0	 72.0	0.05973	0.01427
 72.0	 74.0	0.03238	0.02393
 74.0	 76.0	0.04640	0.02605
 76.0	 78.0	0.01168	0.05312
 78.0	 80.0	0.12190	0.52871
 80.0	 82.0	0.03630	0.43952
 82.0	 84.0	0.04228	0.05894
 84.0	 86.0	0.03021	0.03635
 86.0	 88.0	0.03035	0.02925
 88.0	 90.0	0.06695	0.05887
 90.0	 92.0	0.01996	0.04440
 92.0	 94.0	0.07550	0.14322
 94.0	 96.0	0.27994	14.31643
 96.0	 98.0	0.07678	0.08992
 98.0	100.0	0.16325	0.15299
