  0.0	  1.0	0.50261	0.00301
  1.0	  2.0	0.51759	0.00303
  2.0	  3.0	0.52725	0.00295
  3.0	  4.0	0.52975	0.00289
  4.0	  5.0	0.52702	0.00284
  5.0	  6.0	0.53361	0.00286
  6.0	  7.0	0.53114	0.00280
  7.0	  8.0	0.52822	0.00281
  8.0	  9.0	0.52572	0.00278
  9.0	 10.0	0.52575	0.00279
 10.0	 11.0	0.52473	0.00279
 11.0	 12.0	0.52544	0.00281
 12.0	 13.0	0.51678	0.00281
 13.0	 14.0	0.51990	0.00285
 14.0	 15.0	0.51624	0.00284
 15.0	 16.0	0.51343	0.00287
 16.0	 17.0	0.51424	0.00286
 17.0	 18.0	0.50315	0.00285
 18.0	 19.0	0.50007	0.00292
 19.0	 20.0	0.49793	0.00294
 20.0	 21.0	0.49211	0.00297
 21.0	 22.0	0.48459	0.00296
 22.0	 23.0	0.48092	0.00302
 23.0	 24.0	0.47277	0.00306
 24.0	 25.0	0.47406	0.00305
 25.0	 26.0	0.46914	0.00308
 26.0	 27.0	0.46143	0.00315
 27.0	 28.0	0.45696	0.00320
 28.0	 29.0	0.45055	0.00322
 29.0	 30.0	0.44482	0.00330
 30.0	 31.0	0.43643	0.00330
 31.0	 32.0	0.43155	0.00336
 32.0	 33.0	0.42563	0.00340
 33.0	 34.0	0.41953	0.00353
 34.0	 35.0	0.40993	0.00353
 35.0	 36.0	0.40698	0.00365
 36.0	 37.0	0.40053	0.00372
 37.0	 38.0	0.38980	0.00385
 38.0	 39.0	0.38160	0.00384
 39.0	 40.0	0.36934	0.00395
 40.0	 41.0	0.36397	0.00409
 41.0	 42.0	0.35219	0.00418
 42.0	 43.0	0.34012	0.00422
 43.0	 44.0	0.33428	0.00426
 44.0	 45.0	0.32834	0.00461
 45.0	 46.0	0.31556	0.00468
 46.0	 47.0	0.30780	0.00487
 47.0	 48.0	0.30163	0.00499
 48.0	 49.0	0.28750	0.00507
 49.0	 50.0	0.27521	0.00548
 50.0	 51.0	0.26474	0.00544
 51.0	 52.0	0.24767	0.00551
 52.0	 53.0	0.24015	0.00590
 53.0	 54.0	0.21944	0.00594
 54.0	 55.0	0.23082	0.00670
 55.0	 56.0	0.21230	0.00710
 56.0	 57.0	0.19093	0.00710
 57.0	 58.0	0.18574	0.00734
 58.0	 59.0	0.15642	0.00747
 59.0	 60.0	0.17088	0.00879
 60.0	 61.0	0.15831	0.00884
 61.0	 62.0	0.13629	0.00937
 62.0	 63.0	0.13610	0.01120
 63.0	 64.0	0.11979	0.01141
 64.0	 65.0	0.11822	0.01319
 65.0	 66.0	0.10938	0.01308
 66.0	 67.0	0.09553	0.01508
 67.0	 68.0	0.08502	0.01712
 68.0	 69.0	0.07580	0.01788
 69.0	 70.0	0.09073	0.02089
 70.0	 71.0	0.07770	0.02219
 71.0	 72.0	0.04285	0.01969
 72.0	 73.0	0.03997	0.01978
 73.0	 74.0	0.03690	0.06117
 74.0	 75.0	0.04462	0.02426
 75.0	 76.0	0.03888	0.12910
 76.0	 77.0	0.00983	0.04911
 77.0	 78.0	0.07823	0.07523
 78.0	 79.0	0.07240	0.29614
 79.0	 80.0	0.09814	0.18288
 80.0	 81.0	0.05865	0.18696
 81.0	 82.0	0.05152	0.24809
 82.0	 83.0	0.04154	0.06717
 83.0	 84.0	0.05539	0.11804
 84.0	 85.0	0.02552	0.03164
 85.0	 86.0	0.01241	0.10743
 86.0	 87.0	0.01625	0.04223
 87.0	 88.0	0.06421	0.13191
 88.0	 89.0	0.02004	0.03581
 89.0	 90.0	0.06732	0.08136
 90.0	 91.0	0.04914	0.04997
 91.0	 92.0	0.03907	0.13921
 92.0	 93.0	0.15563	0.51624
 93.0	 94.0	0.04584	0.12141
 94.0	 95.0	0.03502	0.14656
 95.0	 96.0	0.11950	0.11040
 96.0	 97.0	0.11614	0.09839
 97.0	 98.0	0.07193	0.14080
 98.0	 99.0	0.20932	0.15840
 99.0	100.0	0.71233	2.93402
