  0.0	  5.0	0.50839	0.00111
  5.0	 10.0	0.68101	0.00073
 10.0	 15.0	0.76131	0.00058
 15.0	 20.0	0.79687	0.00051
 20.0	 25.0	0.80814	0.00050
 25.0	 30.0	0.80683	0.00051
 30.0	 35.0	0.79122	0.00054
 35.0	 40.0	0.76629	0.00060
 40.0	 45.0	0.72712	0.00069
 45.0	 50.0	0.67734	0.00080
 50.0	 55.0	0.61114	0.00094
 55.0	 60.0	0.53551	0.00113
 60.0	 65.0	0.44894	0.00141
 65.0	 70.0	0.36452	0.00184
 70.0	 75.0	0.27886	0.00257
 75.0	 80.0	0.20626	0.00407
 80.0	 85.0	0.16463	0.00834
 85.0	 90.0	0.13137	0.01763
 90.0	 95.0	0.44638	1.33698
 95.0	100.0	0.19044	0.12193
