  0.0	  1.0	0.41677	0.00313
  1.0	  2.0	0.46977	0.00282
  2.0	  3.0	0.52630	0.00250
  3.0	  4.0	0.57544	0.00223
  4.0	  5.0	0.62086	0.00202
  5.0	  6.0	0.66190	0.00185
  6.0	  7.0	0.69214	0.00171
  7.0	  8.0	0.71585	0.00160
  8.0	  9.0	0.74005	0.00150
  9.0	 10.0	0.75795	0.00142
 10.0	 11.0	0.77448	0.00136
 11.0	 12.0	0.78750	0.00129
 12.0	 13.0	0.79763	0.00125
 13.0	 14.0	0.80850	0.00121
 14.0	 15.0	0.81432	0.00118
 15.0	 16.0	0.82325	0.00114
 16.0	 17.0	0.82726	0.00112
 17.0	 18.0	0.83096	0.00110
 18.0	 19.0	0.83547	0.00110
 19.0	 20.0	0.83804	0.00107
 20.0	 21.0	0.83958	0.00108
 21.0	 22.0	0.84082	0.00106
 22.0	 23.0	0.84173	0.00107
 23.0	 24.0	0.84286	0.00107
 24.0	 25.0	0.84500	0.00107
 25.0	 26.0	0.84353	0.00108
 26.0	 27.0	0.84271	0.00109
 27.0	 28.0	0.84184	0.00109
 28.0	 29.0	0.83875	0.00112
 29.0	 30.0	0.83348	0.00113
 30.0	 31.0	0.83458	0.00114
 31.0	 32.0	0.82956	0.00116
 32.0	 33.0	0.82764	0.00117
 33.0	 34.0	0.82306	0.00122
 34.0	 35.0	0.81970	0.00123
 35.0	 36.0	0.81551	0.00126
 36.0	 37.0	0.81016	0.00129
 37.0	 38.0	0.80329	0.00133
 38.0	 39.0	0.79975	0.00136
 39.0	 40.0	0.78960	0.00139
 40.0	 41.0	0.78301	0.00144
 41.0	 42.0	0.77564	0.00148
 42.0	 43.0	0.76639	0.00152
 43.0	 44.0	0.75803	0.00156
 44.0	 45.0	0.74935	0.00162
 45.0	 46.0	0.73934	0.00166
 46.0	 47.0	0.73096	0.00174
 47.0	 48.0	0.71950	0.00178
 48.0	 49.0	0.70769	0.00184
 49.0	 50.0	0.69348	0.00190
 50.0	 51.0	0.68281	0.00197
 51.0	 52.0	0.67230	0.00204
 52.0	 53.0	0.65601	0.00211
 53.0	 54.0	0.64208	0.00220
 54.0	 55.0	0.62972	0.00228
 55.0	 56.0	0.61082	0.00237
 56.0	 57.0	0.59608	0.00246
 57.0	 58.0	0.57903	0.00258
 58.0	 59.0	0.55644	0.00268
 59.0	 60.0	0.53986	0.00279
 60.0	 61.0	0.52194	0.00291
 61.0	 62.0	0.51259	0.00311
 62.0	 63.0	0.49315	0.00322
 63.0	 64.0	0.47181	0.00338
 64.0	 65.0	0.45218	0.00358
 65.0	 66.0	0.43178	0.00379
 66.0	 67.0	0.41496	0.00397
 67.0	 68.0	0.39492	0.00420
 68.0	 69.0	0.37962	0.00454
 69.0	 70.0	0.36107	0.00476
 70.0	 71.0	0.34209	0.00518
 71.0	 72.0	0.32070	0.00543
 72.0	 73.0	0.29384	0.00582
 73.0	 74.0	0.28870	0.00650
 74.0	 75.0	0.27375	0.00706
 75.0	 76.0	0.25769	0.00800
 76.0	 77.0	0.24575	0.00857
 77.0	 78.0	0.23463	0.00959
 78.0	 79.0	0.20735	0.01024
 79.0	 80.0	0.20651	0.01144
 80.0	 81.0	0.19552	0.01297
 81.0	 82.0	0.19367	0.01709
 82.0	 83.0	0.16080	0.01624
 83.0	 84.0	0.16771	0.02220
 84.0	 85.0	0.17206	0.04163
 85.0	 86.0	0.11069	0.02094
 86.0	 87.0	0.16639	0.03362
 87.0	 88.0	0.18829	0.12737
 88.0	 89.0	0.16386	0.06159
 89.0	 90.0	0.14839	0.17284
 90.0	 91.0	0.30989	0.85536
 91.0	 92.0	0.10994	0.03756
 92.0	 93.0	0.06403	0.05138
 93.0	 94.0	0.08945	0.06802
 94.0	 95.0	0.13301	0.12815
 95.0	 96.0	0.03337	0.07761
 96.0	 97.0	0.24611	0.59324
 97.0	 98.0	0.05507	0.15258
 98.0	 99.0	0.28287	3.76510
 99.0	100.0	1.67452	104.86700
