  0.0	  2.0	0.43470	0.00209
  2.0	  4.0	0.53047	0.00166
  4.0	  6.0	0.61331	0.00137
  6.0	  8.0	0.67055	0.00118
  8.0	 10.0	0.71501	0.00104
 10.0	 12.0	0.74626	0.00096
 12.0	 14.0	0.76628	0.00089
 14.0	 16.0	0.78457	0.00084
 16.0	 18.0	0.79460	0.00081
 18.0	 20.0	0.80343	0.00079
 20.0	 22.0	0.80669	0.00078
 22.0	 24.0	0.80931	0.00078
 24.0	 26.0	0.80895	0.00079
 26.0	 28.0	0.80843	0.00080
 28.0	 30.0	0.80403	0.00082
 30.0	 32.0	0.79694	0.00084
 32.0	 34.0	0.78901	0.00087
 34.0	 36.0	0.78148	0.00090
 36.0	 38.0	0.76853	0.00095
 38.0	 40.0	0.75773	0.00099
 40.0	 42.0	0.74021	0.00105
 42.0	 44.0	0.72317	0.00110
 44.0	 46.0	0.70447	0.00117
 46.0	 48.0	0.68252	0.00125
 48.0	 50.0	0.65998	0.00132
 50.0	 52.0	0.63417	0.00141
 52.0	 54.0	0.60178	0.00151
 54.0	 56.0	0.57471	0.00163
 56.0	 58.0	0.54211	0.00175
 58.0	 60.0	0.51215	0.00190
 60.0	 62.0	0.47540	0.00209
 62.0	 64.0	0.43999	0.00228
 64.0	 66.0	0.40651	0.00254
 66.0	 68.0	0.37012	0.00281
 68.0	 70.0	0.33775	0.00320
 70.0	 72.0	0.30289	0.00365
 72.0	 74.0	0.26745	0.00424
 74.0	 76.0	0.24712	0.00517
 76.0	 78.0	0.21177	0.00616
 78.0	 80.0	0.17692	0.00747
 80.0	 82.0	0.17413	0.00991
 82.0	 84.0	0.15078	0.01355
 84.0	 86.0	0.14542	0.03110
 86.0	 88.0	0.16107	0.03384
 88.0	 90.0	0.12414	0.03331
 90.0	 92.0	0.23379	0.28430
 92.0	 94.0	0.49322	2.26202
 94.0	 96.0	0.10781	0.07216
 96.0	 98.0	0.15702	0.28700
 98.0	100.0	0.09904	0.14612
