  0.0	  1.0	0.41061	0.00312
  1.0	  2.0	0.44993	0.00280
  2.0	  3.0	0.50512	0.00248
  3.0	  4.0	0.54922	0.00221
  4.0	  5.0	0.59204	0.00202
  5.0	  6.0	0.62555	0.00185
  6.0	  7.0	0.65434	0.00172
  7.0	  8.0	0.68131	0.00161
  8.0	  9.0	0.70288	0.00151
  9.0	 10.0	0.71773	0.00145
 10.0	 11.0	0.73483	0.00139
 11.0	 12.0	0.75010	0.00132
 12.0	 13.0	0.75942	0.00128
 13.0	 14.0	0.76939	0.00125
 14.0	 15.0	0.77497	0.00122
 15.0	 16.0	0.78401	0.00118
 16.0	 17.0	0.78790	0.00116
 17.0	 18.0	0.79248	0.00114
 18.0	 19.0	0.79963	0.00113
 19.0	 20.0	0.80193	0.00111
 20.0	 21.0	0.80184	0.00112
 21.0	 22.0	0.80453	0.00111
 22.0	 23.0	0.80497	0.00111
 23.0	 24.0	0.80581	0.00111
 24.0	 25.0	0.80633	0.00111
 25.0	 26.0	0.80460	0.00112
 26.0	 27.0	0.80480	0.00113
 27.0	 28.0	0.80532	0.00113
 28.0	 29.0	0.80067	0.00116
 29.0	 30.0	0.79808	0.00117
 30.0	 31.0	0.79699	0.00117
 31.0	 32.0	0.79284	0.00120
 32.0	 33.0	0.78822	0.00121
 33.0	 34.0	0.78726	0.00125
 34.0	 35.0	0.78082	0.00126
 35.0	 36.0	0.77342	0.00129
 36.0	 37.0	0.76868	0.00132
 37.0	 38.0	0.76465	0.00135
 38.0	 39.0	0.75662	0.00139
 39.0	 40.0	0.74992	0.00142
 40.0	 41.0	0.73941	0.00146
 41.0	 42.0	0.73304	0.00151
 42.0	 43.0	0.72297	0.00153
 43.0	 44.0	0.71432	0.00158
 44.0	 45.0	0.70288	0.00164
 45.0	 46.0	0.69403	0.00167
 46.0	 47.0	0.68198	0.00174
 47.0	 48.0	0.66998	0.00178
 48.0	 49.0	0.65861	0.00184
 49.0	 50.0	0.65235	0.00190
 50.0	 51.0	0.63416	0.00196
 51.0	 52.0	0.62235	0.00203
 52.0	 53.0	0.60738	0.00210
 53.0	 54.0	0.59039	0.00218
 54.0	 55.0	0.57768	0.00225
 55.0	 56.0	0.56306	0.00234
 56.0	 57.0	0.54625	0.00242
 57.0	 58.0	0.52890	0.00254
 58.0	 59.0	0.51667	0.00264
 59.0	 60.0	0.49734	0.00274
 60.0	 61.0	0.47863	0.00286
 61.0	 62.0	0.46423	0.00304
 62.0	 63.0	0.44976	0.00314
 63.0	 64.0	0.43082	0.00330
 64.0	 65.0	0.41580	0.00350
 65.0	 66.0	0.39580	0.00370
 66.0	 67.0	0.37223	0.00385
 67.0	 68.0	0.35769	0.00408
 68.0	 69.0	0.33458	0.00437
 69.0	 70.0	0.32753	0.00463
 70.0	 71.0	0.30886	0.00502
 71.0	 72.0	0.27900	0.00521
 72.0	 73.0	0.26428	0.00565
 73.0	 74.0	0.25563	0.00631
 74.0	 75.0	0.23720	0.00676
 75.0	 76.0	0.24860	0.00792
 76.0	 77.0	0.21647	0.00818
 77.0	 78.0	0.20341	0.00932
 78.0	 79.0	0.19013	0.01025
 79.0	 80.0	0.18802	0.01111
 80.0	 81.0	0.17567	0.01264
 81.0	 82.0	0.15765	0.01604
 82.0	 83.0	0.16121	0.01719
 83.0	 84.0	0.14576	0.02289
 84.0	 85.0	0.22828	0.10554
 85.0	 86.0	0.13049	0.02878
 86.0	 87.0	0.11590	0.03403
 87.0	 88.0	0.19933	0.08840
 88.0	 89.0	0.11210	0.03214
 89.0	 90.0	0.45217	3.37959
 90.0	 91.0	0.06133	0.06245
 91.0	 92.0	0.08751	0.05597
 92.0	 93.0	0.14287	0.16391
 93.0	 94.0	0.09306	0.05270
 94.0	 95.0	0.18506	0.26137
 95.0	 96.0	0.06518	0.04499
 96.0	 97.0	0.05459	0.09403
 97.0	 98.0	0.04704	0.99733
 98.0	 99.0	0.09540	0.23825
 99.0	100.0	0.32247	0.30659
