  0.0	  2.0	0.48209	0.00213
  2.0	  4.0	0.49702	0.00208
  4.0	  6.0	0.50899	0.00208
  6.0	  8.0	0.51645	0.00208
  8.0	 10.0	0.52125	0.00208
 10.0	 12.0	0.51522	0.00210
 12.0	 14.0	0.51446	0.00215
 14.0	 16.0	0.50792	0.00216
 16.0	 18.0	0.50644	0.00218
 18.0	 20.0	0.50118	0.00225
 20.0	 22.0	0.50093	0.00231
 22.0	 24.0	0.49289	0.00238
 24.0	 26.0	0.48293	0.00240
 26.0	 28.0	0.47226	0.00249
 28.0	 30.0	0.46473	0.00257
 30.0	 32.0	0.44747	0.00264
 32.0	 34.0	0.43991	0.00275
 34.0	 36.0	0.42265	0.00284
 36.0	 38.0	0.40805	0.00297
 38.0	 40.0	0.39049	0.00311
 40.0	 42.0	0.37419	0.00328
 42.0	 44.0	0.36062	0.00348
 44.0	 46.0	0.34680	0.00382
 46.0	 48.0	0.31507	0.00390
 48.0	 50.0	0.29506	0.00424
 50.0	 52.0	0.28458	0.00462
 52.0	 54.0	0.25493	0.00510
 54.0	 56.0	0.22935	0.00541
 56.0	 58.0	0.21539	0.00638
 58.0	 60.0	0.18919	0.00727
 60.0	 62.0	0.16408	0.00786
 62.0	 64.0	0.14206	0.00980
 64.0	 66.0	0.12384	0.01026
 66.0	 68.0	0.11235	0.01504
 68.0	 70.0	0.07513	0.01547
 70.0	 72.0	0.06849	0.01366
 72.0	 74.0	0.12606	0.10010
 74.0	 76.0	0.07354	0.03571
 76.0	 78.0	0.07952	0.29083
 78.0	 80.0	0.04147	0.03311
 80.0	 82.0	0.07443	0.12354
 82.0	 84.0	0.01752	0.02013
 84.0	 86.0	0.00942	0.02284
 86.0	 88.0	0.01642	0.04266
 88.0	 90.0	0.02847	0.02869
 90.0	 92.0	0.06153	1.01269
 92.0	 94.0	0.03024	0.03901
 94.0	 96.0	0.08627	0.12160
 96.0	 98.0	0.22926	0.40132
 98.0	100.0	2.41497	148.82821
