  0.0	  5.0	0.52577	0.00112
  5.0	 10.0	0.71449	0.00072
 10.0	 15.0	0.79661	0.00056
 15.0	 20.0	0.83102	0.00049
 20.0	 25.0	0.84200	0.00048
 25.0	 30.0	0.84007	0.00049
 30.0	 35.0	0.82694	0.00053
 35.0	 40.0	0.80369	0.00059
 40.0	 45.0	0.76658	0.00068
 45.0	 50.0	0.71842	0.00080
 50.0	 55.0	0.65684	0.00095
 55.0	 60.0	0.57706	0.00115
 60.0	 65.0	0.49105	0.00144
 65.0	 70.0	0.39723	0.00188
 70.0	 75.0	0.30462	0.00263
 75.0	 80.0	0.23130	0.00418
 80.0	 85.0	0.17619	0.00804
 85.0	 90.0	0.14277	0.01883
 90.0	 95.0	0.43326	1.35496
 95.0	100.0	0.07423	0.09302
