  0.0	  1.0	0.41557	0.00313
  1.0	  2.0	0.45376	0.00281
  2.0	  3.0	0.50801	0.00249
  3.0	  4.0	0.55197	0.00222
  4.0	  5.0	0.59644	0.00202
  5.0	  6.0	0.62972	0.00185
  6.0	  7.0	0.65663	0.00172
  7.0	  8.0	0.68422	0.00161
  8.0	  9.0	0.70687	0.00151
  9.0	 10.0	0.72305	0.00144
 10.0	 11.0	0.74066	0.00138
 11.0	 12.0	0.75178	0.00132
 12.0	 13.0	0.76187	0.00128
 13.0	 14.0	0.77071	0.00125
 14.0	 15.0	0.78092	0.00121
 15.0	 16.0	0.78821	0.00118
 16.0	 17.0	0.79202	0.00115
 17.0	 18.0	0.79718	0.00114
 18.0	 19.0	0.80248	0.00113
 19.0	 20.0	0.80436	0.00111
 20.0	 21.0	0.80590	0.00112
 21.0	 22.0	0.80747	0.00110
 22.0	 23.0	0.80865	0.00110
 23.0	 24.0	0.80997	0.00111
 24.0	 25.0	0.80869	0.00111
 25.0	 26.0	0.80921	0.00111
 26.0	 27.0	0.80878	0.00113
 27.0	 28.0	0.80808	0.00113
 28.0	 29.0	0.80548	0.00116
 29.0	 30.0	0.80259	0.00116
 30.0	 31.0	0.79891	0.00117
 31.0	 32.0	0.79495	0.00120
 32.0	 33.0	0.79127	0.00121
 33.0	 34.0	0.78669	0.00125
 34.0	 35.0	0.78413	0.00126
 35.0	 36.0	0.77880	0.00129
 36.0	 37.0	0.77110	0.00132
 37.0	 38.0	0.76594	0.00135
 38.0	 39.0	0.76220	0.00138
 39.0	 40.0	0.75325	0.00141
 40.0	 41.0	0.74386	0.00146
 41.0	 42.0	0.73649	0.00150
 42.0	 43.0	0.72736	0.00153
 43.0	 44.0	0.71895	0.00158
 44.0	 45.0	0.70834	0.00163
 45.0	 46.0	0.70063	0.00167
 46.0	 47.0	0.68812	0.00174
 47.0	 48.0	0.67690	0.00178
 48.0	 49.0	0.66628	0.00184
 49.0	 50.0	0.65358	0.00190
 50.0	 51.0	0.64146	0.00196
 51.0	 52.0	0.62678	0.00203
 52.0	 53.0	0.61027	0.00210
 53.0	 54.0	0.59315	0.00218
 54.0	 55.0	0.58228	0.00226
 55.0	 56.0	0.56698	0.00234
 56.0	 57.0	0.55200	0.00243
 57.0	 58.0	0.53187	0.00254
 58.0	 59.0	0.52079	0.00264
 59.0	 60.0	0.50331	0.00274
 60.0	 61.0	0.48312	0.00286
 61.0	 62.0	0.46755	0.00304
 62.0	 63.0	0.44938	0.00314
 63.0	 64.0	0.43037	0.00330
 64.0	 65.0	0.41025	0.00348
 65.0	 66.0	0.40284	0.00372
 66.0	 67.0	0.37679	0.00387
 67.0	 68.0	0.36336	0.00410
 68.0	 69.0	0.34954	0.00443
 69.0	 70.0	0.32564	0.00463
 70.0	 71.0	0.31647	0.00505
 71.0	 72.0	0.28858	0.00528
 72.0	 73.0	0.27618	0.00573
 73.0	 74.0	0.25841	0.00630
 74.0	 75.0	0.25007	0.00686
 75.0	 76.0	0.24474	0.00787
 76.0	 77.0	0.22355	0.00837
 77.0	 78.0	0.19927	0.00911
 78.0	 79.0	0.18527	0.01006
 79.0	 80.0	0.16801	0.01117
 80.0	 81.0	0.17277	0.01267
 81.0	 82.0	0.17657	0.01584
 82.0	 83.0	0.17111	0.01939
 83.0	 84.0	0.12801	0.01883
 84.0	 85.0	0.26938	0.17164
 85.0	 86.0	0.09882	0.02780
 86.0	 87.0	0.14227	0.03238
 87.0	 88.0	0.20593	0.10290
 88.0	 89.0	0.13491	0.04421
 89.0	 90.0	0.10996	0.05040
 90.0	 91.0	0.13047	0.08068
 91.0	 92.0	0.09074	0.04727
 92.0	 93.0	0.23032	0.20540
 93.0	 94.0	0.14012	0.18463
 94.0	 95.0	0.02646	0.40328
 95.0	 96.0	0.16047	0.08271
 96.0	 97.0	0.33528	0.52892
 97.0	 98.0	0.21868	0.32703
 98.0	 99.0	0.06151	0.12874
 99.0	100.0	1.09050	1.29797
