  0.0	  1.0	0.51295	0.00307
  1.0	  2.0	0.52679	0.00309
  2.0	  3.0	0.53817	0.00301
  3.0	  4.0	0.55026	0.00300
  4.0	  5.0	0.55650	0.00300
  5.0	  6.0	0.56284	0.00302
  6.0	  7.0	0.57268	0.00302
  7.0	  8.0	0.56799	0.00302
  8.0	  9.0	0.57038	0.00301
  9.0	 10.0	0.57253	0.00303
 10.0	 11.0	0.57594	0.00307
 11.0	 12.0	0.57231	0.00306
 12.0	 13.0	0.57152	0.00311
 13.0	 14.0	0.57291	0.00314
 14.0	 15.0	0.57038	0.00314
 15.0	 16.0	0.56861	0.00318
 16.0	 17.0	0.56806	0.00316
 17.0	 18.0	0.56690	0.00321
 18.0	 19.0	0.56127	0.00327
 19.0	 20.0	0.55450	0.00328
 20.0	 21.0	0.55875	0.00337
 21.0	 22.0	0.55501	0.00339
 22.0	 23.0	0.54966	0.00345
 23.0	 24.0	0.54059	0.00350
 24.0	 25.0	0.54093	0.00348
 25.0	 26.0	0.54122	0.00356
 26.0	 27.0	0.52506	0.00359
 27.0	 28.0	0.52845	0.00370
 28.0	 29.0	0.52203	0.00373
 29.0	 30.0	0.51000	0.00378
 30.0	 31.0	0.51054	0.00386
 31.0	 32.0	0.50410	0.00393
 32.0	 33.0	0.49340	0.00395
 33.0	 34.0	0.49099	0.00413
 34.0	 35.0	0.48442	0.00418
 35.0	 36.0	0.46741	0.00420
 36.0	 37.0	0.46420	0.00432
 37.0	 38.0	0.44962	0.00444
 38.0	 39.0	0.44791	0.00450
 39.0	 40.0	0.44059	0.00471
 40.0	 41.0	0.42026	0.00472
 41.0	 42.0	0.41739	0.00495
 42.0	 43.0	0.41205	0.00511
 43.0	 44.0	0.40853	0.00521
 44.0	 45.0	0.39501	0.00555
 45.0	 46.0	0.39078	0.00580
 46.0	 47.0	0.36324	0.00574
 47.0	 48.0	0.35070	0.00580
 48.0	 49.0	0.34150	0.00603
 49.0	 50.0	0.33454	0.00666
 50.0	 51.0	0.33009	0.00678
 51.0	 52.0	0.31144	0.00693
 52.0	 53.0	0.30257	0.00743
 53.0	 54.0	0.29555	0.00800
 54.0	 55.0	0.26410	0.00766
 55.0	 56.0	0.24978	0.00835
 56.0	 57.0	0.25576	0.00952
 57.0	 58.0	0.24106	0.00953
 58.0	 59.0	0.22161	0.01058
 59.0	 60.0	0.22641	0.01165
 60.0	 61.0	0.19175	0.01071
 61.0	 62.0	0.19339	0.01330
 62.0	 63.0	0.15686	0.01290
 63.0	 64.0	0.18850	0.01795
 64.0	 65.0	0.11590	0.01293
 65.0	 66.0	0.14010	0.01675
 66.0	 67.0	0.12684	0.02002
 67.0	 68.0	0.13187	0.02656
 68.0	 69.0	0.13061	0.03081
 69.0	 70.0	0.09113	0.02098
 70.0	 71.0	0.06046	0.01727
 71.0	 72.0	0.05442	0.02501
 72.0	 73.0	0.08794	0.04352
 73.0	 74.0	0.13246	0.21959
 74.0	 75.0	0.09672	0.05259
 75.0	 76.0	0.00984	0.03268
 76.0	 77.0	0.01893	0.09461
 77.0	 78.0	0.04872	0.04685
 78.0	 79.0	0.01114	0.04558
 79.0	 80.0	0.03989	0.07433
 80.0	 81.0	0.01199	0.03823
 81.0	 82.0	0.01953	0.09406
 82.0	 83.0	0.04235	0.06849
 83.0	 84.0	0.01053	0.02243
 84.0	 85.0	0.03613	0.04479
 85.0	 86.0	0.07443	0.64416
 86.0	 87.0	0.11932	0.31013
 87.0	 88.0	0.02382	0.04893
 88.0	 89.0	0.11077	0.19791
 89.0	 90.0	0.01968	0.02378
 90.0	 91.0	0.06061	0.06164
 91.0	 92.0	0.01176	0.04191
 92.0	 93.0	0.03224	0.10694
 93.0	 94.0	0.04210	0.11150
 94.0	 95.0	0.01868	0.07819
 95.0	 96.0	0.08324	0.07690
 96.0	 97.0	0.08115	0.06876
 97.0	 98.0	0.11187	0.21898
 98.0	 99.0	0.30414	0.23016
 99.0	100.0	0.20518	0.84511
