  0.0	  1.0	0.47664	0.00301
  1.0	  2.0	0.48969	0.00303
  2.0	  3.0	0.49376	0.00295
  3.0	  4.0	0.50741	0.00294
  4.0	  5.0	0.51339	0.00294
  5.0	  6.0	0.51626	0.00295
  6.0	  7.0	0.51979	0.00294
  7.0	  8.0	0.52096	0.00296
  8.0	  9.0	0.52369	0.00294
  9.0	 10.0	0.51995	0.00296
 10.0	 11.0	0.52250	0.00299
 11.0	 12.0	0.52164	0.00298
 12.0	 13.0	0.51927	0.00303
 13.0	 14.0	0.51819	0.00305
 14.0	 15.0	0.51804	0.00305
 15.0	 16.0	0.51667	0.00309
 16.0	 17.0	0.51145	0.00307
 17.0	 18.0	0.51134	0.00312
 18.0	 19.0	0.51343	0.00319
 19.0	 20.0	0.49889	0.00318
 20.0	 21.0	0.50545	0.00327
 21.0	 22.0	0.49783	0.00328
 22.0	 23.0	0.49691	0.00334
 23.0	 24.0	0.49708	0.00341
 24.0	 25.0	0.48947	0.00337
 25.0	 26.0	0.48513	0.00344
 26.0	 27.0	0.47437	0.00348
 27.0	 28.0	0.47745	0.00358
 28.0	 29.0	0.46836	0.00360
 29.0	 30.0	0.45859	0.00365
 30.0	 31.0	0.46024	0.00373
 31.0	 32.0	0.46168	0.00381
 32.0	 33.0	0.44406	0.00381
 33.0	 34.0	0.44341	0.00399
 34.0	 35.0	0.43560	0.00403
 35.0	 36.0	0.42439	0.00406
 36.0	 37.0	0.41585	0.00415
 37.0	 38.0	0.41095	0.00430
 38.0	 39.0	0.39540	0.00431
 39.0	 40.0	0.38903	0.00451
 40.0	 41.0	0.39010	0.00460
 41.0	 42.0	0.37709	0.00477
 42.0	 43.0	0.37158	0.00492
 43.0	 44.0	0.35438	0.00494
 44.0	 45.0	0.35193	0.00530
 45.0	 46.0	0.34862	0.00555
 46.0	 47.0	0.32813	0.00553
 47.0	 48.0	0.31048	0.00554
 48.0	 49.0	0.30267	0.00576
 49.0	 50.0	0.29533	0.00634
 50.0	 51.0	0.28880	0.00644
 51.0	 52.0	0.27650	0.00661
 52.0	 53.0	0.28157	0.00721
 53.0	 54.0	0.26244	0.00761
 54.0	 55.0	0.23207	0.00733
 55.0	 56.0	0.23013	0.00815
 56.0	 57.0	0.23221	0.00915
 57.0	 58.0	0.20069	0.00886
 58.0	 59.0	0.18821	0.00983
 59.0	 60.0	0.20512	0.01110
 60.0	 61.0	0.16576	0.01018
 61.0	 62.0	0.15957	0.01223
 62.0	 63.0	0.15317	0.01289
 63.0	 64.0	0.14861	0.01588
 64.0	 65.0	0.11587	0.01292
 65.0	 66.0	0.10305	0.01495
 66.0	 67.0	0.08367	0.01735
 67.0	 68.0	0.10923	0.02516
 68.0	 69.0	0.07834	0.02386
 69.0	 70.0	0.08597	0.02120
 70.0	 71.0	0.04138	0.01748
 71.0	 72.0	0.05055	0.02033
 72.0	 73.0	0.06742	0.03706
 73.0	 74.0	0.14074	0.20891
 74.0	 75.0	0.03934	0.03389
 75.0	 76.0	0.02762	0.04341
 76.0	 77.0	0.02768	0.04394
 77.0	 78.0	0.01730	0.04381
 78.0	 79.0	0.03051	0.05174
 79.0	 80.0	0.01565	0.07299
 80.0	 81.0	0.03859	0.08004
 81.0	 82.0	0.22811	3.84552
 82.0	 83.0	0.06839	0.06814
 83.0	 84.0	0.02324	0.02367
 84.0	 85.0	0.04475	0.04363
 85.0	 86.0	0.00193	0.14951
 86.0	 87.0	0.06831	0.13766
 87.0	 88.0	0.02296	0.07149
 88.0	 89.0	0.07758	0.04059
 89.0	 90.0	0.12508	0.50740
 90.0	 91.0	0.04225	0.09632
 91.0	 92.0	0.03292	0.08223
 92.0	 93.0	0.04275	0.06871
 93.0	 94.0	0.06645	0.07338
 94.0	 95.0	0.05517	0.13888
 95.0	 96.0	0.04799	0.05120
 96.0	 97.0	0.11586	0.13608
 97.0	 98.0	0.10850	0.23631
 98.0	 99.0	0.39695	0.65550
 99.0	100.0	0.71773	0.77811
