  0.0	  5.0	0.53689	0.00136
  5.0	 10.0	0.56930	0.00135
 10.0	 15.0	0.57260	0.00139
 15.0	 20.0	0.56389	0.00144
 20.0	 25.0	0.54904	0.00154
 25.0	 30.0	0.52546	0.00164
 30.0	 35.0	0.49678	0.00179
 35.0	 40.0	0.45401	0.00198
 40.0	 45.0	0.41068	0.00227
 45.0	 50.0	0.35661	0.00267
 50.0	 55.0	0.30139	0.00327
 55.0	 60.0	0.23923	0.00436
 60.0	 65.0	0.16957	0.00585
 65.0	 70.0	0.12363	0.00968
 70.0	 75.0	0.07610	0.01397
 75.0	 80.0	0.03824	0.02875
 80.0	 85.0	0.01383	0.01852
 85.0	 90.0	0.01557	0.02399
 90.0	 95.0	0.03805	0.08034
 95.0	100.0	0.02552	0.04666
