  0.0	  5.0	0.50469	0.00111
  5.0	 10.0	0.67726	0.00073
 10.0	 15.0	0.75787	0.00058
 15.0	 20.0	0.79322	0.00051
 20.0	 25.0	0.80470	0.00050
 25.0	 30.0	0.80271	0.00051
 30.0	 35.0	0.78925	0.00055
 35.0	 40.0	0.76268	0.00061
 40.0	 45.0	0.72265	0.00069
 45.0	 50.0	0.67160	0.00080
 50.0	 55.0	0.60672	0.00094
 55.0	 60.0	0.53098	0.00113
 60.0	 65.0	0.44845	0.00141
 65.0	 70.0	0.35842	0.00183
 70.0	 75.0	0.27004	0.00254
 75.0	 80.0	0.21084	0.00408
 80.0	 85.0	0.16092	0.00825
 85.0	 90.0	0.13623	0.01995
 90.0	 95.0	0.10076	0.07671
 95.0	100.0	0.04786	0.04066
