  0.0	  5.0	0.49273	0.00133
  5.0	 10.0	0.51756	0.00132
 10.0	 15.0	0.51327	0.00135
 15.0	 20.0	0.50482	0.00140
 20.0	 25.0	0.49387	0.00149
 25.0	 30.0	0.47175	0.00158
 30.0	 35.0	0.44166	0.00172
 35.0	 40.0	0.40181	0.00190
 40.0	 45.0	0.36415	0.00218
 45.0	 50.0	0.31305	0.00255
 50.0	 55.0	0.26293	0.00310
 55.0	 60.0	0.20770	0.00412
 60.0	 65.0	0.14847	0.00558
 65.0	 70.0	0.10065	0.00890
 70.0	 75.0	0.07327	0.01364
 75.0	 80.0	0.05103	0.03754
 80.0	 85.0	0.01353	0.02610
 85.0	 90.0	0.00657	0.01793
 90.0	 95.0	0.04088	0.04372
 95.0	100.0	0.01010	0.18673
