  0.0	  2.0	0.43033	0.00209
  2.0	  4.0	0.52766	0.00166
  4.0	  6.0	0.60903	0.00137
  6.0	  8.0	0.66795	0.00118
  8.0	 10.0	0.71035	0.00105
 10.0	 12.0	0.74252	0.00096
 12.0	 14.0	0.76440	0.00089
 14.0	 16.0	0.77949	0.00085
 16.0	 18.0	0.79020	0.00081
 18.0	 20.0	0.80079	0.00079
 20.0	 22.0	0.80320	0.00079
 22.0	 24.0	0.80539	0.00078
 24.0	 26.0	0.80547	0.00079
 26.0	 28.0	0.80506	0.00080
 28.0	 30.0	0.79937	0.00082
 30.0	 32.0	0.79493	0.00084
 32.0	 34.0	0.78774	0.00087
 34.0	 36.0	0.77714	0.00090
 36.0	 38.0	0.76667	0.00095
 38.0	 40.0	0.75327	0.00099
 40.0	 42.0	0.73626	0.00105
 42.0	 44.0	0.71867	0.00110
 44.0	 46.0	0.69845	0.00117
 46.0	 48.0	0.67599	0.00125
 48.0	 50.0	0.65550	0.00132
 50.0	 52.0	0.62829	0.00141
 52.0	 54.0	0.59896	0.00151
 54.0	 56.0	0.57044	0.00162
 56.0	 58.0	0.53773	0.00175
 58.0	 60.0	0.50712	0.00190
 60.0	 62.0	0.47149	0.00208
 62.0	 64.0	0.44040	0.00228
 64.0	 66.0	0.40592	0.00254
 66.0	 68.0	0.36502	0.00280
 68.0	 70.0	0.33103	0.00318
 70.0	 72.0	0.29425	0.00362
 72.0	 74.0	0.26005	0.00421
 74.0	 76.0	0.24225	0.00514
 76.0	 78.0	0.21032	0.00615
 78.0	 80.0	0.18917	0.00752
 80.0	 82.0	0.16700	0.00993
 82.0	 84.0	0.15425	0.01377
 84.0	 86.0	0.16167	0.03064
 86.0	 88.0	0.14639	0.03418
 88.0	 90.0	0.13271	0.04421
 90.0	 92.0	0.04132	0.05970
 92.0	 94.0	0.14757	0.10301
 94.0	 96.0	0.04360	0.14823
 96.0	 98.0	0.02162	0.20180
 98.0	100.0	0.02291	0.92285
