  0.0	  5.0	0.49612	0.00133
  5.0	 10.0	0.52014	0.00132
 10.0	 15.0	0.51993	0.00135
 15.0	 20.0	0.51037	0.00140
 20.0	 25.0	0.49735	0.00149
 25.0	 30.0	0.47287	0.00159
 30.0	 35.0	0.44911	0.00173
 35.0	 40.0	0.40730	0.00190
 40.0	 45.0	0.36929	0.00219
 45.0	 50.0	0.31754	0.00256
 50.0	 55.0	0.26874	0.00313
 55.0	 60.0	0.21170	0.00414
 60.0	 65.0	0.14900	0.00556
 65.0	 70.0	0.09347	0.00857
 70.0	 75.0	0.05560	0.01266
 75.0	 80.0	0.03368	0.02526
 80.0	 85.0	0.01077	0.04850
 85.0	 90.0	0.04801	0.03615
 90.0	 95.0	0.11227	0.75635
 95.0	100.0	0.04169	0.07784
