  0.0	  2.0	0.44355	0.00210
  2.0	  4.0	0.55144	0.00167
  4.0	  6.0	0.64170	0.00137
  6.0	  8.0	0.70409	0.00117
  8.0	 10.0	0.74906	0.00103
 10.0	 12.0	0.78104	0.00094
 12.0	 14.0	0.80306	0.00087
 14.0	 16.0	0.81879	0.00082
 16.0	 18.0	0.82911	0.00079
 18.0	 20.0	0.83676	0.00077
 20.0	 22.0	0.84020	0.00076
 22.0	 24.0	0.84229	0.00076
 24.0	 26.0	0.84426	0.00076
 26.0	 28.0	0.84227	0.00077
 28.0	 30.0	0.83610	0.00080
 30.0	 32.0	0.83208	0.00081
 32.0	 34.0	0.82538	0.00085
 34.0	 36.0	0.81761	0.00088
 36.0	 38.0	0.80674	0.00093
 38.0	 40.0	0.79468	0.00097
 40.0	 42.0	0.77936	0.00103
 42.0	 44.0	0.76223	0.00109
 44.0	 46.0	0.74434	0.00116
 46.0	 48.0	0.72524	0.00124
 48.0	 50.0	0.70065	0.00132
 50.0	 52.0	0.67758	0.00142
 52.0	 54.0	0.64909	0.00153
 54.0	 56.0	0.62037	0.00164
 56.0	 58.0	0.58769	0.00178
 58.0	 60.0	0.54823	0.00193
 60.0	 62.0	0.51724	0.00213
 62.0	 64.0	0.48260	0.00233
 64.0	 66.0	0.44212	0.00260
 66.0	 68.0	0.40506	0.00288
 68.0	 70.0	0.37044	0.00329
 70.0	 72.0	0.33158	0.00375
 72.0	 74.0	0.29113	0.00434
 74.0	 76.0	0.26562	0.00529
 76.0	 78.0	0.24023	0.00639
 78.0	 80.0	0.20712	0.00762
 80.0	 82.0	0.19401	0.01035
 82.0	 84.0	0.16330	0.01315
 84.0	 86.0	0.13641	0.01954
 86.0	 88.0	0.16639	0.03524
 88.0	 90.0	0.16087	0.06169
 90.0	 92.0	0.13823	0.05126
 92.0	 94.0	0.07453	0.04103
 94.0	 96.0	0.08374	0.06047
 96.0	 98.0	0.09317	0.13197
 98.0	100.0	0.38574	4.99393
