  0.0	  2.0	0.48307	0.00214
  2.0	  4.0	0.50061	0.00208
  4.0	  6.0	0.51482	0.00208
  6.0	  8.0	0.52038	0.00209
  8.0	 10.0	0.52182	0.00209
 10.0	 12.0	0.52207	0.00211
 12.0	 14.0	0.51873	0.00215
 14.0	 16.0	0.51736	0.00217
 16.0	 18.0	0.51139	0.00219
 18.0	 20.0	0.50616	0.00225
 20.0	 22.0	0.50163	0.00231
 22.0	 24.0	0.49699	0.00239
 24.0	 26.0	0.48730	0.00241
 26.0	 28.0	0.47587	0.00250
 28.0	 30.0	0.46348	0.00257
 30.0	 32.0	0.46095	0.00266
 32.0	 34.0	0.44372	0.00276
 34.0	 36.0	0.43003	0.00286
 36.0	 38.0	0.41341	0.00299
 38.0	 40.0	0.39223	0.00312
 40.0	 42.0	0.38370	0.00331
 42.0	 44.0	0.36305	0.00349
 44.0	 46.0	0.35032	0.00383
 46.0	 48.0	0.31936	0.00391
 48.0	 50.0	0.29894	0.00427
 50.0	 52.0	0.28272	0.00461
 52.0	 54.0	0.27218	0.00523
 54.0	 56.0	0.23101	0.00545
 56.0	 58.0	0.21671	0.00637
 58.0	 60.0	0.19631	0.00736
 60.0	 62.0	0.16258	0.00782
 62.0	 64.0	0.15069	0.01000
 64.0	 66.0	0.10971	0.00977
 66.0	 68.0	0.09759	0.01419
 68.0	 70.0	0.08335	0.01565
 70.0	 72.0	0.04558	0.01313
 72.0	 74.0	0.11621	0.09055
 74.0	 76.0	0.03431	0.02603
 76.0	 78.0	0.07070	0.34794
 78.0	 80.0	0.02383	0.04170
 80.0	 82.0	0.02344	0.10989
 82.0	 84.0	0.01773	0.02721
 84.0	 86.0	0.02793	0.03658
 86.0	 88.0	0.04449	0.15171
 88.0	 90.0	0.08494	0.05324
 90.0	 92.0	0.14135	0.73155
 92.0	 94.0	0.01844	0.09368
 94.0	 96.0	0.09566	0.11888
 96.0	 98.0	0.21493	0.90331
 98.0	100.0	0.29580	0.40540
