  0.0	  1.0	0.47432	0.00301
  1.0	  2.0	0.49006	0.00303
  2.0	  3.0	0.49411	0.00295
  3.0	  4.0	0.49990	0.00293
  4.0	  5.0	0.50564	0.00293
  5.0	  6.0	0.51235	0.00294
  6.0	  7.0	0.51560	0.00293
  7.0	  8.0	0.51731	0.00295
  8.0	  9.0	0.52042	0.00294
  9.0	 10.0	0.52208	0.00296
 10.0	 11.0	0.51229	0.00297
 11.0	 12.0	0.51814	0.00298
 12.0	 13.0	0.51791	0.00303
 13.0	 14.0	0.51097	0.00305
 14.0	 15.0	0.50701	0.00304
 15.0	 16.0	0.50883	0.00308
 16.0	 17.0	0.50622	0.00306
 17.0	 18.0	0.50666	0.00311
 18.0	 19.0	0.50023	0.00317
 19.0	 20.0	0.50213	0.00319
 20.0	 21.0	0.50265	0.00327
 21.0	 22.0	0.49923	0.00328
 22.0	 23.0	0.49531	0.00334
 23.0	 24.0	0.49044	0.00340
 24.0	 25.0	0.48151	0.00336
 25.0	 26.0	0.48438	0.00343
 26.0	 27.0	0.47142	0.00347
 27.0	 28.0	0.47316	0.00357
 28.0	 29.0	0.46817	0.00360
 29.0	 30.0	0.46130	0.00366
 30.0	 31.0	0.44754	0.00369
 31.0	 32.0	0.44742	0.00377
 32.0	 33.0	0.44446	0.00381
 33.0	 34.0	0.43522	0.00396
 34.0	 35.0	0.43346	0.00402
 35.0	 36.0	0.41168	0.00402
 36.0	 37.0	0.41464	0.00415
 37.0	 38.0	0.40129	0.00426
 38.0	 39.0	0.39593	0.00432
 39.0	 40.0	0.38498	0.00449
 40.0	 41.0	0.37709	0.00455
 41.0	 42.0	0.37121	0.00474
 42.0	 43.0	0.36912	0.00491
 43.0	 44.0	0.35198	0.00493
 44.0	 45.0	0.35086	0.00530
 45.0	 46.0	0.34275	0.00551
 46.0	 47.0	0.31545	0.00546
 47.0	 48.0	0.31465	0.00558
 48.0	 49.0	0.29348	0.00570
 49.0	 50.0	0.29715	0.00635
 50.0	 51.0	0.28974	0.00644
 51.0	 52.0	0.27930	0.00664
 52.0	 53.0	0.25963	0.00699
 53.0	 54.0	0.25015	0.00747
 54.0	 55.0	0.23234	0.00731
 55.0	 56.0	0.22644	0.00805
 56.0	 57.0	0.22763	0.00912
 57.0	 58.0	0.20270	0.00891
 58.0	 59.0	0.18979	0.00987
 59.0	 60.0	0.18872	0.01074
 60.0	 61.0	0.16396	0.01022
 61.0	 62.0	0.16454	0.01238
 62.0	 63.0	0.14739	0.01262
 63.0	 64.0	0.13623	0.01556
 64.0	 65.0	0.12679	0.01342
 65.0	 66.0	0.12109	0.01590
 66.0	 67.0	0.09971	0.01810
 67.0	 68.0	0.12806	0.02622
 68.0	 69.0	0.06071	0.02266
 69.0	 70.0	0.08794	0.02113
 70.0	 71.0	0.07100	0.01782
 71.0	 72.0	0.06228	0.02275
 72.0	 73.0	0.07555	0.03982
 73.0	 74.0	0.13450	0.17814
 74.0	 75.0	0.03062	0.07345
 75.0	 76.0	0.09661	0.06990
 76.0	 77.0	0.04431	0.05084
 77.0	 78.0	0.01067	0.07422
 78.0	 79.0	0.07915	0.05293
 79.0	 80.0	0.00140	0.49299
 80.0	 81.0	0.07284	0.07961
 81.0	 82.0	0.04377	0.32681
 82.0	 83.0	0.02124	0.04478
 83.0	 84.0	0.02019	0.03077
 84.0	 85.0	0.00544	0.11413
 85.0	 86.0	0.00924	0.04423
 86.0	 87.0	0.06559	0.04813
 87.0	 88.0	0.13140	0.28002
 88.0	 89.0	0.10550	0.17054
 89.0	 90.0	0.00401	0.06129
 90.0	 91.0	0.02137	0.04783
 91.0	 92.0	0.00747	0.04421
 92.0	 93.0	0.05869	0.03341
 93.0	 94.0	0.15789	0.19070
 94.0	 95.0	0.03032	0.04493
 95.0	 96.0	0.06919	0.10136
 96.0	 97.0	0.05765	1.63521
 97.0	 98.0	0.22188	0.33382
 98.0	 99.0	0.31057	0.72055
 99.0	100.0	0.27653	0.31094
