  0.0	  2.0	0.51979	0.00218
  2.0	  4.0	0.54423	0.00213
  4.0	  6.0	0.55968	0.00213
  6.0	  8.0	0.57034	0.00214
  8.0	 10.0	0.57145	0.00214
 10.0	 12.0	0.57412	0.00217
 12.0	 14.0	0.57222	0.00221
 14.0	 16.0	0.56949	0.00223
 16.0	 18.0	0.56748	0.00225
 18.0	 20.0	0.55788	0.00232
 20.0	 22.0	0.55687	0.00239
 22.0	 24.0	0.54516	0.00246
 24.0	 26.0	0.54106	0.00249
 26.0	 28.0	0.52673	0.00258
 28.0	 30.0	0.51602	0.00266
 30.0	 32.0	0.50734	0.00275
 32.0	 34.0	0.49219	0.00285
 34.0	 36.0	0.47597	0.00296
 36.0	 38.0	0.45698	0.00309
 38.0	 40.0	0.44424	0.00326
 40.0	 42.0	0.41882	0.00342
 42.0	 44.0	0.41029	0.00365
 44.0	 46.0	0.39286	0.00401
 46.0	 48.0	0.35700	0.00408
 48.0	 50.0	0.33797	0.00447
 50.0	 52.0	0.32093	0.00485
 52.0	 54.0	0.29909	0.00544
 54.0	 56.0	0.25705	0.00565
 56.0	 58.0	0.24852	0.00673
 58.0	 60.0	0.22444	0.00782
 60.0	 62.0	0.19200	0.00835
 62.0	 64.0	0.17089	0.01055
 64.0	 66.0	0.12692	0.01025
 66.0	 68.0	0.12873	0.01604
 68.0	 70.0	0.10923	0.01758
 70.0	 72.0	0.05888	0.01407
 72.0	 74.0	0.12972	0.09588
 74.0	 76.0	0.04987	0.02800
 76.0	 78.0	0.17100	0.77735
 78.0	 80.0	0.01291	0.05600
 80.0	 82.0	0.00407	0.04929
 82.0	 84.0	0.01474	0.02055
 84.0	 86.0	0.03055	0.03675
 86.0	 88.0	0.05749	0.05541
 88.0	 90.0	0.02684	0.02360
 90.0	 92.0	0.07086	0.15764
 92.0	 94.0	0.02918	0.05535
 94.0	 96.0	0.01357	0.69382
 96.0	 98.0	0.06232	0.07299
 98.0	100.0	0.27402	0.25680
