  0.0	  2.0	0.63002	0.00924
  2.0	  4.0	0.73442	0.00701
  4.0	  6.0	0.81252	0.00551
  6.0	  8.0	0.85886	0.00462
  8.0	 10.0	0.88413	0.00401
 10.0	 12.0	0.90368	0.00357
 12.0	 14.0	0.91621	0.00328
 14.0	 16.0	0.92325	0.00303
 16.0	 18.0	0.92680	0.00287
 18.0	 20.0	0.93038	0.00284
 20.0	 22.0	0.93573	0.00275
 22.0	 24.0	0.93132	0.00273
 24.0	 26.0	0.93206	0.00275
 26.0	 28.0	0.93091	0.00280
 28.0	 30.0	0.93081	0.00281
 30.0	 32.0	0.92664	0.00286
 32.0	 34.0	0.91990	0.00303
 34.0	 36.0	0.91644	0.00313
 36.0	 38.0	0.90592	0.00330
 38.0	 40.0	0.89867	0.00338
 40.0	 42.0	0.89181	0.00367
 42.0	 44.0	0.87658	0.00388
 44.0	 46.0	0.86303	0.00416
 46.0	 48.0	0.84699	0.00440
 48.0	 50.0	0.83792	0.00490
 50.0	 52.0	0.80708	0.00512
 52.0	 54.0	0.79021	0.00563
 54.0	 56.0	0.76256	0.00612
 56.0	 58.0	0.73776	0.00672
 58.0	 60.0	0.70233	0.00732
 60.0	 62.0	0.65273	0.00799
 62.0	 64.0	0.63538	0.00915
 64.0	 66.0	0.58892	0.00997
 66.0	 68.0	0.53983	0.01107
 68.0	 70.0	0.50030	0.01207
 70.0	 72.0	0.43228	0.01428
 72.0	 74.0	0.43471	0.01842
 74.0	 76.0	0.38566	0.02109
 76.0	 78.0	0.33967	0.02485
 78.0	 80.0	0.26957	0.02561
 80.0	 82.0	0.23430	0.03142
 82.0	 84.0	0.20196	0.04774
 84.0	 86.0	0.13708	0.03018
 86.0	 88.0	0.10175	0.04689
 88.0	 90.0	0.11281	0.03336
 90.0	 92.0	0.14897	0.07615
 92.0	 94.0	0.07005	0.14029
 94.0	 96.0	0.31206	0.89124
 96.0	 98.0	0.24938	0.17291
 98.0	100.0	1.38782	5.17114
