  0.0	  1.0	0.61205	0.01423
  1.0	  2.0	0.64812	0.01212
  2.0	  3.0	0.70777	0.01056
  3.0	  4.0	0.75983	0.00932
  4.0	  5.0	0.79143	0.00808
  5.0	  6.0	0.83327	0.00752
  6.0	  7.0	0.84811	0.00685
  7.0	  8.0	0.86944	0.00623
  8.0	  9.0	0.87586	0.00583
  9.0	 10.0	0.89243	0.00552
 10.0	 11.0	0.89712	0.00520
 11.0	 12.0	0.90999	0.00490
 12.0	 13.0	0.91689	0.00470
 13.0	 14.0	0.91554	0.00459
 14.0	 15.0	0.92062	0.00433
 15.0	 16.0	0.92586	0.00423
 16.0	 17.0	0.92471	0.00412
 17.0	 18.0	0.92891	0.00400
 18.0	 19.0	0.93090	0.00403
 19.0	 20.0	0.92986	0.00400
 20.0	 21.0	0.93499	0.00394
 21.0	 22.0	0.93645	0.00383
 22.0	 23.0	0.93012	0.00387
 23.0	 24.0	0.93250	0.00386
 24.0	 25.0	0.93397	0.00387
 25.0	 26.0	0.93014	0.00389
 26.0	 27.0	0.93083	0.00398
 27.0	 28.0	0.93099	0.00393
 28.0	 29.0	0.92872	0.00397
 29.0	 30.0	0.93291	0.00398
 30.0	 31.0	0.93106	0.00399
 31.0	 32.0	0.92220	0.00410
 32.0	 33.0	0.92476	0.00425
 33.0	 34.0	0.91495	0.00431
 34.0	 35.0	0.91849	0.00443
 35.0	 36.0	0.91438	0.00441
 36.0	 37.0	0.91025	0.00455
 37.0	 38.0	0.90154	0.00479
 38.0	 39.0	0.90059	0.00480
 39.0	 40.0	0.89677	0.00476
 40.0	 41.0	0.89667	0.00515
 41.0	 42.0	0.88690	0.00523
 42.0	 43.0	0.87850	0.00537
 43.0	 44.0	0.87472	0.00560
 44.0	 45.0	0.86865	0.00587
 45.0	 46.0	0.85740	0.00591
 46.0	 47.0	0.84906	0.00612
 47.0	 48.0	0.84494	0.00633
 48.0	 49.0	0.85060	0.00691
 49.0	 50.0	0.82504	0.00696
 50.0	 51.0	0.81260	0.00699
 51.0	 52.0	0.80144	0.00751
 52.0	 53.0	0.79634	0.00787
 53.0	 54.0	0.78409	0.00806
 54.0	 55.0	0.76728	0.00829
 55.0	 56.0	0.75801	0.00906
 56.0	 57.0	0.74543	0.00919
 57.0	 58.0	0.72989	0.00985
 58.0	 59.0	0.71180	0.01025
 59.0	 60.0	0.69260	0.01045
 60.0	 61.0	0.67149	0.01124
 61.0	 62.0	0.63363	0.01135
 62.0	 63.0	0.63438	0.01239
 63.0	 64.0	0.63682	0.01355
 64.0	 65.0	0.59567	0.01365
 65.0	 66.0	0.58213	0.01459
 66.0	 67.0	0.54826	0.01505
 67.0	 68.0	0.53146	0.01634
 68.0	 69.0	0.48938	0.01581
 69.0	 70.0	0.51320	0.01861
 70.0	 71.0	0.42457	0.01801
 71.0	 72.0	0.44372	0.02323
 72.0	 73.0	0.48051	0.02892
 73.0	 74.0	0.39112	0.02363
 74.0	 75.0	0.39678	0.02919
 75.0	 76.0	0.37396	0.03052
 76.0	 77.0	0.34629	0.03354
 77.0	 78.0	0.33117	0.03700
 78.0	 79.0	0.26593	0.03444
 79.0	 80.0	0.27284	0.03824
 80.0	 81.0	0.18904	0.03206
 81.0	 82.0	0.30489	0.07770
 82.0	 83.0	0.29903	0.12141
 83.0	 84.0	0.12765	0.04420
 84.0	 85.0	0.14723	0.03563
 85.0	 86.0	0.12412	0.05811
 86.0	 87.0	0.16439	0.15095
 87.0	 88.0	0.06395	0.03980
 88.0	 89.0	0.06202	0.03586
 89.0	 90.0	0.20908	0.08731
 90.0	 91.0	0.10796	0.07392
 91.0	 92.0	0.22234	0.20569
 92.0	 93.0	0.14242	0.21183
 93.0	 94.0	0.08589	0.63015
 94.0	 95.0	0.11139	0.44339
 95.0	 96.0	0.55263	2.63760
 96.0	 97.0	0.30575	0.18268
 97.0	 98.0	0.33845	0.70821
 98.0	 99.0	0.83297	0.98136
 99.0	100.0	0.21035	0.00000
