  0.0	  5.0	0.70639	0.00468
  5.0	 10.0	0.86395	0.00284
 10.0	 15.0	0.91207	0.00212
 15.0	 20.0	0.92801	0.00182
 20.0	 25.0	0.93361	0.00173
 25.0	 30.0	0.93072	0.00177
 30.0	 35.0	0.92233	0.00189
 35.0	 40.0	0.90473	0.00209
 40.0	 45.0	0.88111	0.00243
 45.0	 50.0	0.84528	0.00288
 50.0	 55.0	0.79243	0.00345
 55.0	 60.0	0.72790	0.00435
 60.0	 65.0	0.63447	0.00552
 65.0	 70.0	0.53342	0.00712
 70.0	 75.0	0.42492	0.01056
 75.0	 80.0	0.32142	0.01542
 80.0	 85.0	0.20451	0.02143
 85.0	 90.0	0.11101	0.02448
 90.0	 95.0	0.13760	0.08983
 95.0	100.0	0.34254	0.29543
