  0.0	  1.0	0.65550	0.01174
  1.0	  2.0	0.67262	0.01141
  2.0	  3.0	0.67974	0.01139
  3.0	  4.0	0.67619	0.01083
  4.0	  5.0	0.68696	0.01076
  5.0	  6.0	0.69153	0.01053
  6.0	  7.0	0.68413	0.01020
  7.0	  8.0	0.68525	0.01023
  8.0	  9.0	0.66842	0.00986
  9.0	 10.0	0.68439	0.01023
 10.0	 11.0	0.68986	0.01055
 11.0	 12.0	0.67097	0.01021
 12.0	 13.0	0.65769	0.01005
 13.0	 14.0	0.66338	0.01020
 14.0	 15.0	0.66178	0.01018
 15.0	 16.0	0.65681	0.01030
 16.0	 17.0	0.65966	0.01043
 17.0	 18.0	0.66507	0.01063
 18.0	 19.0	0.65135	0.01082
 19.0	 20.0	0.65707	0.01061
 20.0	 21.0	0.65708	0.01119
 21.0	 22.0	0.63796	0.01029
 22.0	 23.0	0.62077	0.01068
 23.0	 24.0	0.62045	0.01115
 24.0	 25.0	0.63748	0.01113
 25.0	 26.0	0.65187	0.01245
 26.0	 27.0	0.61905	0.01152
 27.0	 28.0	0.61882	0.01152
 28.0	 29.0	0.58170	0.01128
 29.0	 30.0	0.58814	0.01190
 30.0	 31.0	0.57643	0.01170
 31.0	 32.0	0.57433	0.01151
 32.0	 33.0	0.57493	0.01263
 33.0	 34.0	0.58508	0.01300
 34.0	 35.0	0.57256	0.01276
 35.0	 36.0	0.54532	0.01322
 36.0	 37.0	0.54876	0.01312
 37.0	 38.0	0.53263	0.01341
 38.0	 39.0	0.52800	0.01430
 39.0	 40.0	0.50092	0.01487
 40.0	 41.0	0.48970	0.01420
 41.0	 42.0	0.49861	0.01530
 42.0	 43.0	0.46868	0.01547
 43.0	 44.0	0.45702	0.01457
 44.0	 45.0	0.45451	0.01657
 45.0	 46.0	0.41344	0.01500
 46.0	 47.0	0.42119	0.01569
 47.0	 48.0	0.39076	0.01749
 48.0	 49.0	0.42131	0.01934
 49.0	 50.0	0.38504	0.02027
 50.0	 51.0	0.39006	0.01938
 51.0	 52.0	0.33498	0.01998
 52.0	 53.0	0.34062	0.02041
 53.0	 54.0	0.35880	0.02420
 54.0	 55.0	0.36612	0.02575
 55.0	 56.0	0.33765	0.02800
 56.0	 57.0	0.26477	0.02277
 57.0	 58.0	0.27579	0.03119
 58.0	 59.0	0.24242	0.02505
 59.0	 60.0	0.26111	0.03273
 60.0	 61.0	0.20407	0.02621
 61.0	 62.0	0.22038	0.03439
 62.0	 63.0	0.17402	0.03527
 63.0	 64.0	0.12235	0.04140
 64.0	 65.0	0.10882	0.02914
 65.0	 66.0	0.13838	0.02953
 66.0	 67.0	0.23780	0.15222
 67.0	 68.0	0.16983	0.06823
 68.0	 69.0	0.07116	0.03957
 69.0	 70.0	0.21716	0.24458
 70.0	 71.0	0.10338	0.04446
 71.0	 72.0	0.03189	0.04060
 72.0	 73.0	0.10578	0.11569
 73.0	 74.0	0.08038	0.10029
 74.0	 75.0	0.09934	0.11527
 75.0	 76.0	0.15713	4.05650
 76.0	 77.0	0.01948	0.05347
 77.0	 78.0	0.07979	0.08152
 78.0	 79.0	0.01454	0.18169
 79.0	 80.0	0.23828	1.56900
 80.0	 81.0	0.30445	1.03636
 81.0	 82.0	0.11264	0.14982
 82.0	 83.0	0.01050	0.05887
 83.0	 84.0	0.06376	0.06166
 84.0	 85.0	0.02112	0.04252
 85.0	 86.0	0.02970	0.28133
 86.0	 87.0	0.47560	1.68563
 87.0	 88.0	0.03274	0.06688
 88.0	 89.0	0.06799	0.07906
 89.0	 90.0	0.10960	0.06739
 90.0	 91.0	0.24725	0.55392
 91.0	 92.0	0.06441	0.08481
 92.0	 93.0	0.06559	0.20537
 93.0	 94.0	0.10897	0.14473
 94.0	 95.0	0.04257	0.13147
 95.0	 96.0	0.11972	0.31599
 96.0	 97.0	0.07724	0.16305
 97.0	 98.0	0.17014	0.30822
 98.0	 99.0	0.34845	0.98934
 99.0	100.0	1.22330	0.00000
