  0.0	  5.0	0.67426	0.00501
  5.0	 10.0	0.68261	0.00456
 10.0	 15.0	0.66862	0.00458
 15.0	 20.0	0.65802	0.00472
 20.0	 25.0	0.63474	0.00486
 25.0	 30.0	0.61177	0.00524
 30.0	 35.0	0.57652	0.00549
 35.0	 40.0	0.53141	0.00615
 40.0	 45.0	0.47393	0.00678
 45.0	 50.0	0.40583	0.00771
 50.0	 55.0	0.35782	0.00965
 55.0	 60.0	0.27598	0.01220
 60.0	 65.0	0.17088	0.01424
 65.0	 70.0	0.14235	0.02357
 70.0	 75.0	0.08083	0.02861
 75.0	 80.0	0.00892	0.32623
 80.0	 85.0	0.04161	0.06213
 85.0	 90.0	0.06609	0.09299
 90.0	 95.0	0.04119	0.06059
 95.0	100.0	0.09299	0.11900
