  0.0	  2.0	0.66409	0.00818
  2.0	  4.0	0.67789	0.00785
  4.0	  6.0	0.68924	0.00752
  6.0	  8.0	0.68470	0.00722
  8.0	 10.0	0.67631	0.00710
 10.0	 12.0	0.68025	0.00734
 12.0	 14.0	0.66054	0.00716
 14.0	 16.0	0.65934	0.00724
 16.0	 18.0	0.66234	0.00744
 18.0	 20.0	0.65422	0.00758
 20.0	 22.0	0.64726	0.00758
 22.0	 24.0	0.62058	0.00772
 24.0	 26.0	0.64414	0.00831
 26.0	 28.0	0.61893	0.00814
 28.0	 30.0	0.58481	0.00819
 30.0	 32.0	0.57538	0.00821
 32.0	 34.0	0.57996	0.00906
 34.0	 36.0	0.55942	0.00918
 36.0	 38.0	0.54080	0.00938
 38.0	 40.0	0.51453	0.01031
 40.0	 42.0	0.49396	0.01042
 42.0	 44.0	0.46297	0.01061
 44.0	 46.0	0.43346	0.01113
 46.0	 48.0	0.40626	0.01168
 48.0	 50.0	0.40369	0.01399
 50.0	 52.0	0.36361	0.01392
 52.0	 54.0	0.34895	0.01562
 54.0	 56.0	0.35222	0.01895
 56.0	 58.0	0.26846	0.01845
 58.0	 60.0	0.25045	0.01991
 60.0	 62.0	0.21084	0.02087
 62.0	 64.0	0.15358	0.02647
 64.0	 66.0	0.12388	0.02073
 66.0	 68.0	0.19645	0.06667
 68.0	 70.0	0.10822	0.04225
 70.0	 72.0	0.06904	0.02707
 72.0	 74.0	0.09898	0.06959
 74.0	 76.0	0.09678	0.14677
 76.0	 78.0	0.01801	0.26962
 78.0	 80.0	0.08981	0.13758
 80.0	 82.0	0.25629	0.62976
 82.0	 84.0	0.16946	1.07322
 84.0	 86.0	0.01291	0.04588
 86.0	 88.0	0.10517	0.08687
 88.0	 90.0	0.15132	2.63877
 90.0	 92.0	0.11963	0.13037
 92.0	 94.0	0.05315	0.11877
 94.0	 96.0	0.04096	0.11452
 96.0	 98.0	0.03168	0.54735
 98.0	100.0	0.27809	0.61294
