  0.0	  5.0	0.58694	0.00361
  5.0	 10.0	0.77093	0.00227
 10.0	 15.0	0.83804	0.00171
 15.0	 20.0	0.86116	0.00148
 20.0	 25.0	0.86921	0.00142
 25.0	 30.0	0.86412	0.00146
 30.0	 35.0	0.84872	0.00156
 35.0	 40.0	0.81760	0.00175
 40.0	 45.0	0.78354	0.00201
 45.0	 50.0	0.73187	0.00234
 50.0	 55.0	0.66863	0.00277
 55.0	 60.0	0.58272	0.00333
 60.0	 65.0	0.48664	0.00412
 65.0	 70.0	0.39254	0.00532
 70.0	 75.0	0.27844	0.00671
 75.0	 80.0	0.18153	0.00931
 80.0	 85.0	0.08891	0.01475
 85.0	 90.0	0.04877	0.02237
 90.0	 95.0	0.09503	0.04989
 95.0	100.0	0.02280	0.24101
