  0.0	  1.0	0.47379	0.01036
  1.0	  2.0	0.52939	0.00924
  2.0	  3.0	0.57406	0.00803
  3.0	  4.0	0.64539	0.00727
  4.0	  5.0	0.68662	0.00634
  5.0	  6.0	0.72341	0.00592
  6.0	  7.0	0.74754	0.00546
  7.0	  8.0	0.78257	0.00495
  8.0	  9.0	0.78952	0.00471
  9.0	 10.0	0.80748	0.00437
 10.0	 11.0	0.82643	0.00415
 11.0	 12.0	0.83147	0.00396
 12.0	 13.0	0.84229	0.00380
 13.0	 14.0	0.84382	0.00371
 14.0	 15.0	0.84586	0.00352
 15.0	 16.0	0.85780	0.00345
 16.0	 17.0	0.85798	0.00334
 17.0	 18.0	0.85800	0.00327
 18.0	 19.0	0.86557	0.00330
 19.0	 20.0	0.86666	0.00323
 20.0	 21.0	0.86983	0.00320
 21.0	 22.0	0.87072	0.00310
 22.0	 23.0	0.87108	0.00318
 23.0	 24.0	0.86755	0.00321
 24.0	 25.0	0.86684	0.00314
 25.0	 26.0	0.86535	0.00322
 26.0	 27.0	0.86373	0.00325
 27.0	 28.0	0.86514	0.00327
 28.0	 29.0	0.86830	0.00326
 29.0	 30.0	0.85808	0.00332
 30.0	 31.0	0.85803	0.00325
 31.0	 32.0	0.85313	0.00345
 32.0	 33.0	0.85229	0.00346
 33.0	 34.0	0.84384	0.00363
 34.0	 35.0	0.83595	0.00366
 35.0	 36.0	0.82799	0.00375
 36.0	 37.0	0.82036	0.00383
 37.0	 38.0	0.81987	0.00388
 38.0	 39.0	0.81410	0.00402
 39.0	 40.0	0.80556	0.00405
 40.0	 41.0	0.80016	0.00421
 41.0	 42.0	0.79188	0.00436
 42.0	 43.0	0.78482	0.00453
 43.0	 44.0	0.77545	0.00454
 44.0	 45.0	0.76482	0.00484
 45.0	 46.0	0.75686	0.00489
 46.0	 47.0	0.73767	0.00508
 47.0	 48.0	0.73048	0.00521
 48.0	 49.0	0.72333	0.00535
 49.0	 50.0	0.71009	0.00560
 50.0	 51.0	0.70251	0.00579
 51.0	 52.0	0.68360	0.00598
 52.0	 53.0	0.67635	0.00628
 53.0	 54.0	0.64475	0.00636
 54.0	 55.0	0.63355	0.00657
 55.0	 56.0	0.62018	0.00711
 56.0	 57.0	0.60287	0.00700
 57.0	 58.0	0.58221	0.00748
 58.0	 59.0	0.56827	0.00778
 59.0	 60.0	0.53674	0.00796
 60.0	 61.0	0.52440	0.00837
 61.0	 62.0	0.51106	0.00909
 62.0	 63.0	0.47960	0.00908
 63.0	 64.0	0.46459	0.00957
 64.0	 65.0	0.44919	0.01020
 65.0	 66.0	0.42692	0.01068
 66.0	 67.0	0.43062	0.01155
 67.0	 68.0	0.38923	0.01173
 68.0	 69.0	0.37025	0.01263
 69.0	 70.0	0.33771	0.01333
 70.0	 71.0	0.30839	0.01352
 71.0	 72.0	0.29960	0.01452
 72.0	 73.0	0.28682	0.01547
 73.0	 74.0	0.25407	0.01530
 74.0	 75.0	0.23575	0.01692
 75.0	 76.0	0.23549	0.02096
 76.0	 77.0	0.21157	0.02144
 77.0	 78.0	0.18318	0.02256
 78.0	 79.0	0.18604	0.02170
 79.0	 80.0	0.08959	0.01896
 80.0	 81.0	0.07969	0.02325
 81.0	 82.0	0.20874	0.05120
 82.0	 83.0	0.08022	0.04837
 83.0	 84.0	0.03974	0.04523
 84.0	 85.0	0.02078	0.06739
 85.0	 86.0	0.04943	0.04306
 86.0	 87.0	0.04630	0.04849
 87.0	 88.0	0.05057	0.05298
 88.0	 89.0	0.12962	0.07197
 89.0	 90.0	0.10024	0.04559
 90.0	 91.0	0.14568	0.11992
 91.0	 92.0	0.04209	0.10405
 92.0	 93.0	0.05767	0.06899
 93.0	 94.0	0.19791	0.16896
 94.0	 95.0	0.08123	0.06554
 95.0	 96.0	0.06794	0.14995
 96.0	 97.0	0.11592	0.15704
 97.0	 98.0	0.14371	0.21358
 98.0	 99.0	0.15115	0.30994
 99.0	100.0	0.12801	0.65642
