  0.0	  2.0	0.50223	0.00691
  2.0	  4.0	0.61088	0.00540
  4.0	  6.0	0.70515	0.00433
  6.0	  8.0	0.76533	0.00368
  8.0	 10.0	0.79849	0.00321
 10.0	 12.0	0.82900	0.00287
 12.0	 14.0	0.84307	0.00266
 14.0	 16.0	0.85185	0.00247
 16.0	 18.0	0.85799	0.00234
 18.0	 20.0	0.86612	0.00231
 20.0	 22.0	0.87028	0.00223
 22.0	 24.0	0.86931	0.00226
 24.0	 26.0	0.86609	0.00225
 26.0	 28.0	0.86443	0.00231
 28.0	 30.0	0.86318	0.00233
 30.0	 32.0	0.85558	0.00237
 32.0	 34.0	0.84810	0.00251
 34.0	 36.0	0.83199	0.00262
 36.0	 38.0	0.82012	0.00272
 38.0	 40.0	0.80981	0.00285
 40.0	 42.0	0.79605	0.00303
 42.0	 44.0	0.78013	0.00321
 44.0	 46.0	0.76082	0.00344
 46.0	 48.0	0.73408	0.00364
 48.0	 50.0	0.71677	0.00387
 50.0	 52.0	0.69321	0.00416
 52.0	 54.0	0.66057	0.00447
 54.0	 56.0	0.62682	0.00483
 56.0	 58.0	0.59270	0.00512
 58.0	 60.0	0.55276	0.00557
 60.0	 62.0	0.51770	0.00616
 62.0	 64.0	0.47218	0.00659
 64.0	 66.0	0.43821	0.00738
 66.0	 68.0	0.41045	0.00822
 68.0	 70.0	0.35456	0.00916
 70.0	 72.0	0.30416	0.00989
 72.0	 74.0	0.27101	0.01086
 74.0	 76.0	0.23476	0.01315
 76.0	 78.0	0.19783	0.01552
 78.0	 80.0	0.13677	0.01415
 80.0	 82.0	0.13123	0.02157
 82.0	 84.0	0.05833	0.03190
 84.0	 86.0	0.02591	0.02691
 86.0	 88.0	0.05061	0.03402
 88.0	 90.0	0.01145	0.28244
 90.0	 92.0	0.19714	0.54896
 92.0	 94.0	0.06557	0.08316
 94.0	 96.0	0.13536	0.13338
 96.0	 98.0	0.02909	0.13647
 98.0	100.0	0.12693	0.26308
