  0.0	  1.0	0.52085	0.00921
  1.0	  2.0	0.51076	0.00858
  2.0	  3.0	0.52570	0.00858
  3.0	  4.0	0.51405	0.00817
  4.0	  5.0	0.52183	0.00804
  5.0	  6.0	0.53189	0.00815
  6.0	  7.0	0.53943	0.00809
  7.0	  8.0	0.52250	0.00800
  8.0	  9.0	0.52629	0.00800
  9.0	 10.0	0.53070	0.00799
 10.0	 11.0	0.51287	0.00812
 11.0	 12.0	0.52451	0.00798
 12.0	 13.0	0.51548	0.00798
 13.0	 14.0	0.52228	0.00825
 14.0	 15.0	0.51700	0.00806
 15.0	 16.0	0.51204	0.00824
 16.0	 17.0	0.49764	0.00818
 17.0	 18.0	0.51007	0.00818
 18.0	 19.0	0.49261	0.00858
 19.0	 20.0	0.49259	0.00845
 20.0	 21.0	0.48611	0.00846
 21.0	 22.0	0.49072	0.00843
 22.0	 23.0	0.47857	0.00880
 23.0	 24.0	0.47965	0.00880
 24.0	 25.0	0.48127	0.00897
 25.0	 26.0	0.46860	0.00898
 26.0	 27.0	0.46076	0.00920
 27.0	 28.0	0.45525	0.00905
 28.0	 29.0	0.43877	0.00921
 29.0	 30.0	0.44441	0.00947
 30.0	 31.0	0.44277	0.00958
 31.0	 32.0	0.42437	0.00952
 32.0	 33.0	0.40831	0.00965
 33.0	 34.0	0.40608	0.00976
 34.0	 35.0	0.42238	0.01011
 35.0	 36.0	0.39272	0.01062
 36.0	 37.0	0.40137	0.01052
 37.0	 38.0	0.39860	0.01058
 38.0	 39.0	0.38591	0.01131
 39.0	 40.0	0.38096	0.01164
 40.0	 41.0	0.38019	0.01220
 41.0	 42.0	0.34366	0.01153
 42.0	 43.0	0.34790	0.01214
 43.0	 44.0	0.32355	0.01181
 44.0	 45.0	0.31405	0.01195
 45.0	 46.0	0.31529	0.01282
 46.0	 47.0	0.28201	0.01294
 47.0	 48.0	0.29774	0.01473
 48.0	 49.0	0.29000	0.01419
 49.0	 50.0	0.27098	0.01537
 50.0	 51.0	0.25877	0.01460
 51.0	 52.0	0.22150	0.01672
 52.0	 53.0	0.24084	0.01657
 53.0	 54.0	0.18698	0.01786
 54.0	 55.0	0.21572	0.01893
 55.0	 56.0	0.22415	0.01849
 56.0	 57.0	0.19210	0.01899
 57.0	 58.0	0.17712	0.02124
 58.0	 59.0	0.22096	0.02959
 59.0	 60.0	0.13882	0.02021
 60.0	 61.0	0.13974	0.03057
 61.0	 62.0	0.17905	0.03176
 62.0	 63.0	0.15846	0.03719
 63.0	 64.0	0.16435	0.05838
 64.0	 65.0	0.11353	0.03560
 65.0	 66.0	0.15039	0.06253
 66.0	 67.0	0.07536	0.03264
 67.0	 68.0	0.02807	0.04015
 68.0	 69.0	0.03810	0.04504
 69.0	 70.0	0.22005	0.72414
 70.0	 71.0	0.10885	0.12045
 71.0	 72.0	0.00504	0.12163
 72.0	 73.0	0.09153	0.43398
 73.0	 74.0	0.07585	0.11507
 74.0	 75.0	0.11826	0.20492
 75.0	 76.0	0.02433	0.09371
 76.0	 77.0	0.03138	0.04606
 77.0	 78.0	0.06304	0.13383
 78.0	 79.0	0.04235	0.10724
 79.0	 80.0	0.05128	0.04704
 80.0	 81.0	0.05780	0.09383
 81.0	 82.0	0.01704	0.06641
 82.0	 83.0	0.07277	0.07733
 83.0	 84.0	0.16473	0.53503
 84.0	 85.0	0.06458	0.09286
 85.0	 86.0	0.03537	0.28791
 86.0	 87.0	0.05295	0.10712
 87.0	 88.0	0.15005	0.78821
 88.0	 89.0	0.01827	0.04728
 89.0	 90.0	0.04587	0.15024
 90.0	 91.0	0.10344	0.27720
 91.0	 92.0	0.02189	0.06076
 92.0	 93.0	0.03169	0.16952
 93.0	 94.0	0.10203	0.19234
 94.0	 95.0	0.01682	0.12333
 95.0	 96.0	0.12633	0.33358
 96.0	 97.0	0.18935	0.82553
 97.0	 98.0	0.12802	0.13320
 98.0	 99.0	0.14338	0.77851
 99.0	100.0	0.13765	0.35241
