  0.0	  5.0	0.51841	0.00380
  5.0	 10.0	0.53016	0.00360
 10.0	 15.0	0.51847	0.00361
 15.0	 20.0	0.50111	0.00372
 20.0	 25.0	0.48330	0.00388
 25.0	 30.0	0.45365	0.00410
 30.0	 35.0	0.42091	0.00435
 35.0	 40.0	0.39197	0.00488
 40.0	 45.0	0.34217	0.00533
 45.0	 50.0	0.29142	0.00622
 50.0	 55.0	0.22632	0.00746
 55.0	 60.0	0.19012	0.00933
 60.0	 65.0	0.15323	0.01569
 65.0	 70.0	0.07252	0.01926
 70.0	 75.0	0.08477	0.17241
 75.0	 80.0	0.03336	0.06125
 80.0	 85.0	0.05691	0.09506
 85.0	 90.0	0.03404	0.04726
 90.0	 95.0	0.04780	0.68484
 95.0	100.0	0.20451	0.28878
