  0.0	  2.0	0.51564	0.00628
  2.0	  4.0	0.51972	0.00592
  4.0	  6.0	0.52684	0.00572
  6.0	  8.0	0.53095	0.00569
  8.0	 10.0	0.52850	0.00565
 10.0	 12.0	0.51884	0.00569
 12.0	 14.0	0.51883	0.00574
 14.0	 16.0	0.51453	0.00576
 16.0	 18.0	0.50384	0.00579
 18.0	 20.0	0.49261	0.00602
 20.0	 22.0	0.48847	0.00597
 22.0	 24.0	0.47911	0.00622
 24.0	 26.0	0.47496	0.00635
 26.0	 28.0	0.45801	0.00645
 28.0	 30.0	0.44155	0.00660
 30.0	 32.0	0.43360	0.00675
 32.0	 34.0	0.40723	0.00686
 34.0	 36.0	0.40780	0.00732
 36.0	 38.0	0.40002	0.00746
 38.0	 40.0	0.38342	0.00811
 40.0	 42.0	0.36186	0.00837
 42.0	 44.0	0.33578	0.00846
 44.0	 46.0	0.31459	0.00874
 46.0	 48.0	0.28935	0.00971
 48.0	 50.0	0.28070	0.01043
 50.0	 52.0	0.24150	0.01097
 52.0	 54.0	0.21513	0.01209
 54.0	 56.0	0.22047	0.01319
 56.0	 58.0	0.18481	0.01415
 58.0	 60.0	0.17579	0.01682
 60.0	 62.0	0.16587	0.02111
 62.0	 64.0	0.15935	0.03135
 64.0	 66.0	0.12797	0.03154
 66.0	 68.0	0.04095	0.02689
 68.0	 70.0	0.08033	0.04162
 70.0	 72.0	0.10204	0.22270
 72.0	 74.0	0.08919	0.15508
 74.0	 76.0	0.08381	0.13270
 76.0	 78.0	0.05137	0.06352
 78.0	 80.0	0.02240	0.09489
 80.0	 82.0	0.05549	0.11840
 82.0	 84.0	0.01151	0.05632
 84.0	 86.0	0.01860	0.17967
 86.0	 88.0	0.06308	0.08363
 88.0	 90.0	0.02201	0.07269
 90.0	 92.0	0.01546	0.15166
 92.0	 94.0	0.01143	0.46668
 94.0	 96.0	0.02265	0.05963
 96.0	 98.0	0.15023	0.19533
 98.0	100.0	0.03651	16.88120
