  0.0	  2.0	0.50608	0.00696
  2.0	  4.0	0.61116	0.00541
  4.0	  6.0	0.70271	0.00432
  6.0	  8.0	0.76069	0.00366
  8.0	 10.0	0.79847	0.00321
 10.0	 12.0	0.82420	0.00285
 12.0	 14.0	0.84191	0.00265
 14.0	 16.0	0.85347	0.00247
 16.0	 18.0	0.86529	0.00236
 18.0	 20.0	0.86543	0.00231
 20.0	 22.0	0.87139	0.00223
 22.0	 24.0	0.86847	0.00226
 24.0	 26.0	0.87034	0.00226
 26.0	 28.0	0.86582	0.00231
 28.0	 30.0	0.86325	0.00233
 30.0	 32.0	0.85653	0.00237
 32.0	 34.0	0.84669	0.00250
 34.0	 36.0	0.83591	0.00263
 36.0	 38.0	0.82731	0.00275
 38.0	 40.0	0.81647	0.00288
 40.0	 42.0	0.79893	0.00304
 42.0	 44.0	0.78418	0.00322
 44.0	 46.0	0.75688	0.00342
 46.0	 48.0	0.74034	0.00367
 48.0	 50.0	0.71514	0.00386
 50.0	 52.0	0.69453	0.00417
 52.0	 54.0	0.65947	0.00446
 54.0	 56.0	0.63067	0.00486
 56.0	 58.0	0.59859	0.00517
 58.0	 60.0	0.54870	0.00553
 60.0	 62.0	0.52807	0.00629
 62.0	 64.0	0.49682	0.00693
 64.0	 66.0	0.43520	0.00733
 66.0	 68.0	0.39844	0.00798
 68.0	 70.0	0.35614	0.00920
 70.0	 72.0	0.32488	0.01056
 72.0	 74.0	0.30388	0.01218
 74.0	 76.0	0.22887	0.01282
 76.0	 78.0	0.18819	0.01476
 78.0	 80.0	0.17870	0.01848
 80.0	 82.0	0.13244	0.02177
 82.0	 84.0	0.06325	0.03459
 84.0	 86.0	0.17121	0.17783
 86.0	 88.0	0.07234	0.04862
 88.0	 90.0	0.00831	0.20500
 90.0	 92.0	0.02834	0.07892
 92.0	 94.0	0.04074	0.05167
 94.0	 96.0	0.06186	0.06095
 96.0	 98.0	0.08079	0.37904
 98.0	100.0	0.24123	0.49998
