  0.0	  1.0	0.47811	0.01046
  1.0	  2.0	0.53282	0.00930
  2.0	  3.0	0.58570	0.00819
  3.0	  4.0	0.63518	0.00716
  4.0	  5.0	0.68670	0.00634
  5.0	  6.0	0.71852	0.00588
  6.0	  7.0	0.74642	0.00545
  7.0	  8.0	0.77457	0.00490
  8.0	  9.0	0.78759	0.00470
  9.0	 10.0	0.80933	0.00438
 10.0	 11.0	0.81454	0.00409
 11.0	 12.0	0.83353	0.00397
 12.0	 13.0	0.84328	0.00381
 13.0	 14.0	0.84057	0.00370
 14.0	 15.0	0.85112	0.00354
 15.0	 16.0	0.85579	0.00344
 16.0	 17.0	0.86307	0.00336
 17.0	 18.0	0.86753	0.00331
 18.0	 19.0	0.86194	0.00329
 19.0	 20.0	0.86891	0.00324
 20.0	 21.0	0.87032	0.00320
 21.0	 22.0	0.87243	0.00311
 22.0	 23.0	0.87002	0.00318
 23.0	 24.0	0.86694	0.00321
 24.0	 25.0	0.87115	0.00315
 25.0	 26.0	0.86953	0.00324
 26.0	 27.0	0.86849	0.00327
 27.0	 28.0	0.86316	0.00327
 28.0	 29.0	0.86440	0.00324
 29.0	 30.0	0.86210	0.00334
 30.0	 31.0	0.86318	0.00327
 31.0	 32.0	0.84983	0.00344
 32.0	 33.0	0.85079	0.00346
 33.0	 34.0	0.84251	0.00362
 34.0	 35.0	0.83977	0.00368
 35.0	 36.0	0.83203	0.00377
 36.0	 37.0	0.83056	0.00387
 37.0	 38.0	0.82405	0.00390
 38.0	 39.0	0.82025	0.00405
 39.0	 40.0	0.81274	0.00409
 40.0	 41.0	0.80396	0.00423
 41.0	 42.0	0.79383	0.00437
 42.0	 43.0	0.78649	0.00454
 43.0	 44.0	0.78188	0.00458
 44.0	 45.0	0.75974	0.00481
 45.0	 46.0	0.75406	0.00487
 46.0	 47.0	0.74426	0.00513
 47.0	 48.0	0.73641	0.00526
 48.0	 49.0	0.72320	0.00535
 49.0	 50.0	0.70690	0.00558
 50.0	 51.0	0.69910	0.00576
 51.0	 52.0	0.68982	0.00603
 52.0	 53.0	0.66898	0.00621
 53.0	 54.0	0.64981	0.00641
 54.0	 55.0	0.64633	0.00670
 55.0	 56.0	0.61464	0.00704
 56.0	 57.0	0.60815	0.00707
 57.0	 58.0	0.58874	0.00756
 58.0	 59.0	0.55584	0.00761
 59.0	 60.0	0.54133	0.00803
 60.0	 61.0	0.54777	0.00875
 61.0	 62.0	0.50783	0.00904
 62.0	 63.0	0.50231	0.00951
 63.0	 64.0	0.49132	0.01012
 64.0	 65.0	0.44011	0.01000
 65.0	 66.0	0.43039	0.01077
 66.0	 67.0	0.42044	0.01128
 67.0	 68.0	0.37554	0.01132
 68.0	 69.0	0.37667	0.01285
 69.0	 70.0	0.33443	0.01320
 70.0	 71.0	0.32320	0.01416
 71.0	 72.0	0.32700	0.01584
 72.0	 73.0	0.32437	0.01750
 73.0	 74.0	0.28238	0.01701
 74.0	 75.0	0.24269	0.01741
 75.0	 76.0	0.21381	0.01903
 76.0	 77.0	0.20177	0.02044
 77.0	 78.0	0.17377	0.02140
 78.0	 79.0	0.18000	0.02099
 79.0	 80.0	0.17409	0.03684
 80.0	 81.0	0.17957	0.05239
 81.0	 82.0	0.09830	0.02411
 82.0	 83.0	0.05987	0.03610
 83.0	 84.0	0.06305	0.07176
 84.0	 85.0	0.04255	0.13797
 85.0	 86.0	0.16361	0.14254
 86.0	 87.0	0.08943	0.09366
 87.0	 88.0	0.06201	0.06496
 88.0	 89.0	0.06770	0.03759
 89.0	 90.0	0.09377	0.04265
 90.0	 91.0	0.08444	0.06951
 91.0	 92.0	0.04425	0.10940
 92.0	 93.0	0.07778	0.09305
 93.0	 94.0	0.06119	0.05224
 94.0	 95.0	0.18492	0.14920
 95.0	 96.0	0.05616	0.12395
 96.0	 97.0	0.11559	0.15659
 97.0	 98.0	0.17374	0.25821
 98.0	 99.0	0.19835	0.40673
 99.0	100.0	0.37375	1.91651
