  0.0	  5.0	0.58838	0.00361
  5.0	 10.0	0.76820	0.00226
 10.0	 15.0	0.83679	0.00171
 15.0	 20.0	0.86344	0.00149
 20.0	 25.0	0.87018	0.00142
 25.0	 30.0	0.86553	0.00146
 30.0	 35.0	0.84930	0.00156
 35.0	 40.0	0.82395	0.00176
 40.0	 45.0	0.78535	0.00202
 45.0	 50.0	0.73317	0.00234
 50.0	 55.0	0.67120	0.00278
 55.0	 60.0	0.58240	0.00333
 60.0	 65.0	0.49887	0.00423
 65.0	 70.0	0.38894	0.00527
 70.0	 75.0	0.30105	0.00725
 75.0	 80.0	0.19131	0.00982
 80.0	 85.0	0.10015	0.01662
 85.0	 90.0	0.06894	0.03161
 90.0	 95.0	0.05773	0.03031
 95.0	100.0	0.02632	0.27817
