  0.0	  5.0	0.51987	0.00381
  5.0	 10.0	0.52944	0.00359
 10.0	 15.0	0.52177	0.00363
 15.0	 20.0	0.50377	0.00374
 20.0	 25.0	0.48456	0.00389
 25.0	 30.0	0.45817	0.00414
 30.0	 35.0	0.42800	0.00442
 35.0	 40.0	0.38924	0.00484
 40.0	 45.0	0.35408	0.00551
 45.0	 50.0	0.30311	0.00647
 50.0	 55.0	0.23598	0.00777
 55.0	 60.0	0.19500	0.00957
 60.0	 65.0	0.12576	0.01287
 65.0	 70.0	0.07788	0.02068
 70.0	 75.0	0.02444	0.04970
 75.0	 80.0	0.03859	0.07085
 80.0	 85.0	0.03244	0.05420
 85.0	 90.0	0.14816	0.20565
 90.0	 95.0	0.04340	0.62191
 95.0	100.0	0.04421	0.06243
