  0.0	  2.0	0.50919	0.00620
  2.0	  4.0	0.52330	0.00596
  4.0	  6.0	0.53010	0.00576
  6.0	  8.0	0.53405	0.00572
  8.0	 10.0	0.52625	0.00563
 10.0	 12.0	0.52130	0.00572
 12.0	 14.0	0.52019	0.00575
 14.0	 16.0	0.51778	0.00580
 16.0	 18.0	0.51004	0.00586
 18.0	 20.0	0.49421	0.00604
 20.0	 22.0	0.49493	0.00605
 22.0	 24.0	0.47853	0.00622
 24.0	 26.0	0.47406	0.00633
 26.0	 28.0	0.46145	0.00650
 28.0	 30.0	0.44730	0.00669
 30.0	 32.0	0.43681	0.00680
 32.0	 34.0	0.42777	0.00721
 34.0	 36.0	0.40165	0.00721
 36.0	 38.0	0.39990	0.00746
 38.0	 40.0	0.37635	0.00796
 40.0	 42.0	0.36731	0.00850
 42.0	 44.0	0.34919	0.00880
 44.0	 46.0	0.33269	0.00924
 46.0	 48.0	0.31115	0.01044
 48.0	 50.0	0.28076	0.01043
 50.0	 52.0	0.26328	0.01196
 52.0	 54.0	0.22144	0.01244
 54.0	 56.0	0.22213	0.01329
 56.0	 58.0	0.20424	0.01564
 58.0	 60.0	0.16074	0.01538
 60.0	 62.0	0.15882	0.02021
 62.0	 64.0	0.09942	0.01956
 64.0	 66.0	0.08632	0.02127
 66.0	 68.0	0.07718	0.05068
 68.0	 70.0	0.07288	0.03776
 70.0	 72.0	0.04636	0.10118
 72.0	 74.0	0.09661	0.16798
 74.0	 76.0	0.02040	0.03230
 76.0	 78.0	0.07902	0.09771
 78.0	 80.0	0.02045	0.08660
 80.0	 82.0	0.02234	0.04767
 82.0	 84.0	0.04258	0.20841
 84.0	 86.0	0.01175	0.11349
 86.0	 88.0	0.05257	0.06969
 88.0	 90.0	0.27196	0.89817
 90.0	 92.0	0.27443	2.69130
 92.0	 94.0	0.14925	6.09430
 94.0	 96.0	0.11849	0.31189
 96.0	 98.0	0.05874	0.07638
 98.0	100.0	1.75972	813.58678
