  0.0	  1.0	0.50583	0.00894
  1.0	  2.0	0.51228	0.00861
  2.0	  3.0	0.51702	0.00844
  3.0	  4.0	0.52940	0.00841
  4.0	  5.0	0.53363	0.00822
  5.0	  6.0	0.52662	0.00807
  6.0	  7.0	0.53920	0.00808
  7.0	  8.0	0.52882	0.00810
  8.0	  9.0	0.52061	0.00791
  9.0	 10.0	0.53196	0.00801
 10.0	 11.0	0.51319	0.00813
 11.0	 12.0	0.52912	0.00805
 12.0	 13.0	0.52701	0.00816
 13.0	 14.0	0.51338	0.00811
 14.0	 15.0	0.52591	0.00820
 15.0	 16.0	0.50963	0.00820
 16.0	 17.0	0.50778	0.00835
 17.0	 18.0	0.51232	0.00822
 18.0	 19.0	0.48893	0.00851
 19.0	 20.0	0.49949	0.00857
 20.0	 21.0	0.50103	0.00872
 21.0	 22.0	0.48905	0.00840
 22.0	 23.0	0.47866	0.00881
 23.0	 24.0	0.47840	0.00878
 24.0	 25.0	0.47529	0.00886
 25.0	 26.0	0.47282	0.00906
 26.0	 27.0	0.46404	0.00927
 27.0	 28.0	0.45884	0.00912
 28.0	 29.0	0.45151	0.00947
 29.0	 30.0	0.44306	0.00944
 30.0	 31.0	0.44170	0.00956
 31.0	 32.0	0.43178	0.00969
 32.0	 33.0	0.43304	0.01024
 33.0	 34.0	0.42245	0.01015
 34.0	 35.0	0.41038	0.00982
 35.0	 36.0	0.39273	0.01062
 36.0	 37.0	0.40511	0.01062
 37.0	 38.0	0.39470	0.01048
 38.0	 39.0	0.37924	0.01111
 39.0	 40.0	0.37348	0.01141
 40.0	 41.0	0.37198	0.01193
 41.0	 42.0	0.36179	0.01214
 42.0	 43.0	0.35771	0.01248
 43.0	 44.0	0.34027	0.01242
 44.0	 45.0	0.33559	0.01277
 45.0	 46.0	0.32965	0.01340
 46.0	 47.0	0.31517	0.01446
 47.0	 48.0	0.30623	0.01515
 48.0	 49.0	0.29042	0.01421
 49.0	 50.0	0.27067	0.01535
 50.0	 51.0	0.29275	0.01652
 51.0	 52.0	0.23075	0.01742
 52.0	 53.0	0.24334	0.01675
 53.0	 54.0	0.19672	0.01879
 54.0	 55.0	0.20612	0.01809
 55.0	 56.0	0.23856	0.01968
 56.0	 57.0	0.21282	0.02104
 57.0	 58.0	0.19516	0.02340
 58.0	 59.0	0.14021	0.01877
 59.0	 60.0	0.18362	0.02674
 60.0	 61.0	0.11517	0.02519
 61.0	 62.0	0.20427	0.03623
 62.0	 63.0	0.10772	0.02528
 63.0	 64.0	0.08892	0.03158
 64.0	 65.0	0.10496	0.03292
 65.0	 66.0	0.06769	0.02814
 66.0	 67.0	0.11095	0.04805
 67.0	 68.0	0.07123	0.10187
 68.0	 69.0	0.21575	0.25505
 69.0	 70.0	0.01575	0.05182
 70.0	 71.0	0.08644	0.09565
 71.0	 72.0	0.02503	0.60393
 72.0	 73.0	0.06521	0.30917
 73.0	 74.0	0.14828	0.22497
 74.0	 75.0	0.02321	0.04022
 75.0	 76.0	0.02897	0.11158
 76.0	 77.0	0.11550	0.16951
 77.0	 78.0	0.07121	0.15116
 78.0	 79.0	0.09037	0.22882
 79.0	 80.0	0.09064	0.08314
 80.0	 81.0	0.03043	0.04939
 81.0	 82.0	0.04160	0.16217
 82.0	 83.0	0.05260	0.05589
 83.0	 84.0	0.03081	0.10006
 84.0	 85.0	0.09526	0.13698
 85.0	 86.0	0.19131	1.55745
 86.0	 87.0	0.03039	0.06148
 87.0	 88.0	0.05804	0.30486
 88.0	 89.0	0.08230	0.21305
 89.0	 90.0	0.30912	1.01253
 90.0	 91.0	0.11271	0.30204
 91.0	 92.0	0.18199	0.50522
 92.0	 93.0	0.02560	0.13691
 93.0	 94.0	0.04925	0.09284
 94.0	 95.0	0.46503	3.40895
 95.0	 96.0	0.05334	0.14085
 96.0	 97.0	0.01777	0.07747
 97.0	 98.0	0.17437	0.18143
 98.0	 99.0	0.48418	2.62904
 99.0	100.0	0.54709	1.40059
