  0.0	  1.0	0.40927	0.00924
  1.0	  2.0	0.44360	0.00815
  2.0	  3.0	0.50194	0.00739
  3.0	  4.0	0.54209	0.00639
  4.0	  5.0	0.58716	0.00581
  5.0	  6.0	0.62617	0.00539
  6.0	  7.0	0.65766	0.00502
  7.0	  8.0	0.68145	0.00456
  8.0	  9.0	0.69724	0.00441
  9.0	 10.0	0.71846	0.00414
 10.0	 11.0	0.73514	0.00401
 11.0	 12.0	0.75199	0.00380
 12.0	 13.0	0.76112	0.00365
 13.0	 14.0	0.76955	0.00363
 14.0	 15.0	0.78243	0.00351
 15.0	 16.0	0.78405	0.00340
 16.0	 17.0	0.79171	0.00331
 17.0	 18.0	0.80215	0.00327
 18.0	 19.0	0.80298	0.00327
 19.0	 20.0	0.80310	0.00325
 20.0	 21.0	0.80557	0.00320
 21.0	 22.0	0.80662	0.00314
 22.0	 23.0	0.80895	0.00317
 23.0	 24.0	0.80772	0.00321
 24.0	 25.0	0.80772	0.00320
 25.0	 26.0	0.80652	0.00322
 26.0	 27.0	0.80421	0.00326
 27.0	 28.0	0.80981	0.00326
 28.0	 29.0	0.80487	0.00325
 29.0	 30.0	0.80730	0.00330
 30.0	 31.0	0.79833	0.00333
 31.0	 32.0	0.79319	0.00345
 32.0	 33.0	0.79379	0.00347
 33.0	 34.0	0.78480	0.00362
 34.0	 35.0	0.78745	0.00365
 35.0	 36.0	0.78302	0.00375
 36.0	 37.0	0.77732	0.00382
 37.0	 38.0	0.76289	0.00390
 38.0	 39.0	0.75784	0.00400
 39.0	 40.0	0.76202	0.00405
 40.0	 41.0	0.74399	0.00419
 41.0	 42.0	0.73836	0.00435
 42.0	 43.0	0.72291	0.00442
 43.0	 44.0	0.71207	0.00450
 44.0	 45.0	0.70870	0.00478
 45.0	 46.0	0.70538	0.00482
 46.0	 47.0	0.68805	0.00507
 47.0	 48.0	0.68548	0.00514
 48.0	 49.0	0.66431	0.00529
 49.0	 50.0	0.65390	0.00551
 50.0	 51.0	0.63509	0.00556
 51.0	 52.0	0.62519	0.00582
 52.0	 53.0	0.60699	0.00605
 53.0	 54.0	0.61023	0.00640
 54.0	 55.0	0.58786	0.00645
 55.0	 56.0	0.56113	0.00680
 56.0	 57.0	0.54693	0.00695
 57.0	 58.0	0.54414	0.00735
 58.0	 59.0	0.51734	0.00769
 59.0	 60.0	0.51584	0.00818
 60.0	 61.0	0.47373	0.00812
 61.0	 62.0	0.45107	0.00859
 62.0	 63.0	0.44747	0.00910
 63.0	 64.0	0.43633	0.00938
 64.0	 65.0	0.41749	0.01019
 65.0	 66.0	0.40032	0.01062
 66.0	 67.0	0.36517	0.01048
 67.0	 68.0	0.35436	0.01197
 68.0	 69.0	0.33837	0.01213
 69.0	 70.0	0.35298	0.01424
 70.0	 71.0	0.30568	0.01480
 71.0	 72.0	0.28606	0.01452
 72.0	 73.0	0.26791	0.01496
 73.0	 74.0	0.25126	0.01736
 74.0	 75.0	0.24941	0.01987
 75.0	 76.0	0.24266	0.02060
 76.0	 77.0	0.19531	0.02280
 77.0	 78.0	0.23476	0.02928
 78.0	 79.0	0.16849	0.02525
 79.0	 80.0	0.25605	0.04617
 80.0	 81.0	0.17224	0.06187
 81.0	 82.0	0.17125	0.03641
 82.0	 83.0	0.23621	0.10711
 83.0	 84.0	0.16716	0.11305
 84.0	 85.0	0.45120	2.02954
 85.0	 86.0	0.16880	0.07451
 86.0	 87.0	0.29895	0.83864
 87.0	 88.0	0.20968	0.29104
 88.0	 89.0	0.05071	0.13457
 89.0	 90.0	0.29040	1.07800
 90.0	 91.0	0.11158	0.07376
 91.0	 92.0	0.12658	0.09275
 92.0	 93.0	0.27264	0.44824
 93.0	 94.0	0.10981	0.15651
 94.0	 95.0	0.17030	0.10627
 95.0	 96.0	0.25786	0.22608
 96.0	 97.0	0.29650	0.54530
 97.0	 98.0	0.13605	0.18311
 98.0	 99.0	0.19142	0.62512
 99.0	100.0	0.11618	0.44324
