  0.0	  5.0	0.49526	0.00385
  5.0	 10.0	0.52138	0.00377
 10.0	 15.0	0.51521	0.00388
 15.0	 20.0	0.50658	0.00404
 20.0	 25.0	0.49214	0.00424
 25.0	 30.0	0.46941	0.00458
 30.0	 35.0	0.45067	0.00498
 35.0	 40.0	0.40307	0.00539
 40.0	 45.0	0.36185	0.00611
 45.0	 50.0	0.31504	0.00723
 50.0	 55.0	0.27990	0.00985
 55.0	 60.0	0.19354	0.01105
 60.0	 65.0	0.14236	0.01542
 65.0	 70.0	0.12802	0.03707
 70.0	 75.0	0.06341	0.06141
 75.0	 80.0	0.07628	0.08758
 80.0	 85.0	0.01488	0.07188
 85.0	 90.0	0.04773	0.04436
 90.0	 95.0	0.11589	0.13204
 95.0	100.0	0.04466	0.08848
