  0.0	  2.0	0.48221	0.00616
  2.0	  4.0	0.50200	0.00608
  4.0	  6.0	0.51575	0.00601
  6.0	  8.0	0.51932	0.00590
  8.0	 10.0	0.52202	0.00599
 10.0	 12.0	0.52417	0.00617
 12.0	 14.0	0.51236	0.00615
 14.0	 16.0	0.50687	0.00614
 16.0	 18.0	0.50392	0.00627
 18.0	 20.0	0.50723	0.00660
 20.0	 22.0	0.50175	0.00658
 22.0	 24.0	0.48606	0.00677
 24.0	 26.0	0.47576	0.00687
 26.0	 28.0	0.48301	0.00724
 28.0	 30.0	0.45675	0.00744
 30.0	 32.0	0.45518	0.00761
 32.0	 34.0	0.44081	0.00804
 34.0	 36.0	0.43937	0.00835
 36.0	 38.0	0.41510	0.00832
 38.0	 40.0	0.38342	0.00873
 40.0	 42.0	0.36843	0.00915
 42.0	 44.0	0.35954	0.00981
 44.0	 46.0	0.33544	0.01040
 46.0	 48.0	0.32173	0.01137
 48.0	 50.0	0.30779	0.01229
 50.0	 52.0	0.28533	0.01382
 52.0	 54.0	0.26865	0.01667
 54.0	 56.0	0.24929	0.01590
 56.0	 58.0	0.19944	0.01738
 58.0	 60.0	0.17999	0.02040
 60.0	 62.0	0.18549	0.02183
 62.0	 64.0	0.10629	0.02628
 64.0	 66.0	0.12202	0.03367
 66.0	 68.0	0.18007	0.12229
 68.0	 70.0	0.08784	0.04941
 70.0	 72.0	0.05096	0.06180
 72.0	 74.0	0.04322	0.03133
 74.0	 76.0	0.04072	0.08104
 76.0	 78.0	0.06433	0.05429
 78.0	 80.0	0.54816	8.97761
 80.0	 82.0	0.38707	3.36275
 82.0	 84.0	0.02510	0.05171
 84.0	 86.0	0.08068	0.30019
 86.0	 88.0	0.18840	0.28611
 88.0	 90.0	0.06955	0.06523
 90.0	 92.0	0.28824	6.27668
 92.0	 94.0	0.08172	0.08492
 94.0	 96.0	0.08790	0.21351
 96.0	 98.0	0.11897	0.08672
 98.0	100.0	0.45677	0.28686
