  0.0	  2.0	0.45122	0.00621
  2.0	  4.0	0.55381	0.00490
  4.0	  6.0	0.64573	0.00397
  6.0	  8.0	0.69878	0.00336
  8.0	 10.0	0.74302	0.00299
 10.0	 12.0	0.78113	0.00270
 12.0	 14.0	0.79922	0.00252
 14.0	 16.0	0.81937	0.00237
 16.0	 18.0	0.82870	0.00226
 18.0	 20.0	0.83797	0.00223
 20.0	 22.0	0.84238	0.00216
 22.0	 24.0	0.84064	0.00219
 24.0	 26.0	0.84310	0.00219
 26.0	 28.0	0.83873	0.00224
 28.0	 30.0	0.83640	0.00225
 30.0	 32.0	0.83281	0.00231
 32.0	 34.0	0.82369	0.00243
 34.0	 36.0	0.81836	0.00258
 36.0	 38.0	0.80584	0.00268
 38.0	 40.0	0.79499	0.00280
 40.0	 42.0	0.78125	0.00297
 42.0	 44.0	0.75974	0.00312
 44.0	 46.0	0.74710	0.00338
 46.0	 48.0	0.72672	0.00360
 48.0	 50.0	0.70603	0.00381
 50.0	 52.0	0.67256	0.00404
 52.0	 54.0	0.65431	0.00443
 54.0	 56.0	0.61536	0.00474
 56.0	 58.0	0.59469	0.00513
 58.0	 60.0	0.56764	0.00572
 60.0	 62.0	0.50555	0.00602
 62.0	 64.0	0.47581	0.00664
 64.0	 66.0	0.44772	0.00754
 66.0	 68.0	0.40812	0.00818
 68.0	 70.0	0.36340	0.00939
 70.0	 72.0	0.32905	0.01069
 72.0	 74.0	0.29195	0.01170
 74.0	 76.0	0.26322	0.01475
 76.0	 78.0	0.23073	0.01810
 78.0	 80.0	0.24956	0.02581
 80.0	 82.0	0.16576	0.02724
 82.0	 84.0	0.30691	0.16785
 84.0	 86.0	0.08520	0.08849
 86.0	 88.0	0.15695	0.10550
 88.0	 90.0	1.51868	37.45590
 90.0	 92.0	0.03410	0.09494
 92.0	 94.0	0.20272	0.25710
 94.0	 96.0	0.10706	0.10549
 96.0	 98.0	0.23878	1.12031
 98.0	100.0	0.20757	0.43021
