  0.0	  5.0	0.53321	0.00328
  5.0	 10.0	0.70931	0.00209
 10.0	 15.0	0.79627	0.00163
 15.0	 20.0	0.83042	0.00143
 20.0	 25.0	0.84222	0.00137
 25.0	 30.0	0.83827	0.00142
 30.0	 35.0	0.82672	0.00152
 35.0	 40.0	0.80364	0.00172
 40.0	 45.0	0.76658	0.00197
 45.0	 50.0	0.72201	0.00231
 50.0	 55.0	0.65719	0.00272
 55.0	 60.0	0.58469	0.00335
 60.0	 65.0	0.48533	0.00411
 65.0	 70.0	0.39600	0.00536
 70.0	 75.0	0.30703	0.00740
 75.0	 80.0	0.23595	0.01211
 80.0	 85.0	0.19911	0.03304
 85.0	 90.0	0.17534	0.08041
 90.0	 95.0	0.09883	0.05189
 95.0	100.0	0.77790	8.22203
