  0.0	  5.0	0.50100	0.00323
  5.0	 10.0	0.67719	0.00210
 10.0	 15.0	0.76030	0.00166
 15.0	 20.0	0.79677	0.00148
 20.0	 25.0	0.80731	0.00142
 25.0	 30.0	0.80654	0.00146
 30.0	 35.0	0.79156	0.00157
 35.0	 40.0	0.76868	0.00175
 40.0	 45.0	0.72533	0.00199
 45.0	 50.0	0.67970	0.00231
 50.0	 55.0	0.61326	0.00270
 55.0	 60.0	0.53723	0.00329
 60.0	 65.0	0.44555	0.00403
 65.0	 70.0	0.36219	0.00523
 70.0	 75.0	0.27256	0.00714
 75.0	 80.0	0.21681	0.01164
 80.0	 85.0	0.19164	0.03223
 85.0	 90.0	0.26667	0.22307
 90.0	 95.0	0.22258	0.30027
 95.0	100.0	0.07323	0.18301
