  0.0	  1.0	0.39817	0.00918
  1.0	  2.0	0.44595	0.00816
  2.0	  3.0	0.50453	0.00741
  3.0	  4.0	0.54613	0.00643
  4.0	  5.0	0.59013	0.00582
  5.0	  6.0	0.62553	0.00538
  6.0	  7.0	0.64786	0.00501
  7.0	  8.0	0.67819	0.00457
  8.0	  9.0	0.69172	0.00440
  9.0	 10.0	0.71202	0.00416
 10.0	 11.0	0.73353	0.00404
 11.0	 12.0	0.74874	0.00380
 12.0	 13.0	0.75714	0.00367
 13.0	 14.0	0.76422	0.00365
 14.0	 15.0	0.78005	0.00352
 15.0	 16.0	0.78539	0.00338
 16.0	 17.0	0.78505	0.00334
 17.0	 18.0	0.79607	0.00330
 18.0	 19.0	0.79866	0.00330
 19.0	 20.0	0.79579	0.00327
 20.0	 21.0	0.80289	0.00320
 21.0	 22.0	0.80586	0.00314
 22.0	 23.0	0.80312	0.00320
 23.0	 24.0	0.80717	0.00321
 24.0	 25.0	0.80555	0.00319
 25.0	 26.0	0.80268	0.00324
 26.0	 27.0	0.79781	0.00328
 27.0	 28.0	0.80287	0.00330
 28.0	 29.0	0.79562	0.00331
 29.0	 30.0	0.80207	0.00334
 30.0	 31.0	0.80387	0.00328
 31.0	 32.0	0.79389	0.00344
 32.0	 33.0	0.78715	0.00348
 33.0	 34.0	0.78180	0.00362
 34.0	 35.0	0.77686	0.00369
 35.0	 36.0	0.78581	0.00376
 36.0	 37.0	0.76964	0.00383
 37.0	 38.0	0.74807	0.00394
 38.0	 39.0	0.75670	0.00400
 39.0	 40.0	0.75295	0.00407
 40.0	 41.0	0.74330	0.00419
 41.0	 42.0	0.73626	0.00433
 42.0	 43.0	0.72147	0.00443
 43.0	 44.0	0.71027	0.00450
 44.0	 45.0	0.70970	0.00478
 45.0	 46.0	0.68951	0.00485
 46.0	 47.0	0.68816	0.00507
 47.0	 48.0	0.67434	0.00513
 48.0	 49.0	0.66098	0.00528
 49.0	 50.0	0.64463	0.00552
 50.0	 51.0	0.63512	0.00556
 51.0	 52.0	0.61915	0.00584
 52.0	 53.0	0.60518	0.00603
 53.0	 54.0	0.59741	0.00639
 54.0	 55.0	0.57771	0.00646
 55.0	 56.0	0.56724	0.00682
 56.0	 57.0	0.55321	0.00696
 57.0	 58.0	0.52158	0.00732
 58.0	 59.0	0.52164	0.00766
 59.0	 60.0	0.49971	0.00812
 60.0	 61.0	0.47165	0.00810
 61.0	 62.0	0.46191	0.00866
 62.0	 63.0	0.43827	0.00903
 63.0	 64.0	0.42431	0.00932
 64.0	 65.0	0.42083	0.01021
 65.0	 66.0	0.39227	0.01053
 66.0	 67.0	0.36875	0.01053
 67.0	 68.0	0.36825	0.01212
 68.0	 69.0	0.33144	0.01202
 69.0	 70.0	0.35239	0.01423
 70.0	 71.0	0.31106	0.01485
 71.0	 72.0	0.28546	0.01450
 72.0	 73.0	0.26948	0.01499
 73.0	 74.0	0.26828	0.01772
 74.0	 75.0	0.25167	0.01964
 75.0	 76.0	0.21499	0.02017
 76.0	 77.0	0.22803	0.02334
 77.0	 78.0	0.20469	0.02714
 78.0	 79.0	0.15746	0.02677
 79.0	 80.0	0.19135	0.04132
 80.0	 81.0	0.20181	0.05970
 81.0	 82.0	0.08888	0.03574
 82.0	 83.0	0.12401	0.06935
 83.0	 84.0	0.20270	0.10381
 84.0	 85.0	0.38765	0.68984
 85.0	 86.0	0.10662	0.15195
 86.0	 87.0	0.07726	0.05299
 87.0	 88.0	0.07715	0.11859
 88.0	 89.0	0.26032	0.50937
 89.0	 90.0	0.13188	0.12974
 90.0	 91.0	0.26149	0.33319
 91.0	 92.0	0.09645	0.07288
 92.0	 93.0	0.12435	0.06477
 93.0	 94.0	0.17499	0.10021
 94.0	 95.0	0.15914	0.11538
 95.0	 96.0	0.11304	0.18480
 96.0	 97.0	0.20895	0.57193
 97.0	 98.0	0.25710	0.95473
 98.0	 99.0	0.31926	0.34187
 99.0	100.0	0.22996	0.52178
