  0.0	  1.0	0.49304	0.00872
  1.0	  2.0	0.53541	0.00899
  2.0	  3.0	0.53621	0.00875
  3.0	  4.0	0.54996	0.00874
  4.0	  5.0	0.56395	0.00869
  5.0	  6.0	0.56929	0.00873
  6.0	  7.0	0.55873	0.00838
  7.0	  8.0	0.56980	0.00873
  8.0	  9.0	0.57847	0.00879
  9.0	 10.0	0.57125	0.00860
 10.0	 11.0	0.58661	0.00929
 11.0	 12.0	0.57006	0.00867
 12.0	 13.0	0.57745	0.00894
 13.0	 14.0	0.56905	0.00899
 14.0	 15.0	0.56445	0.00880
 15.0	 16.0	0.56238	0.00905
 16.0	 17.0	0.55916	0.00920
 17.0	 18.0	0.56517	0.00907
 18.0	 19.0	0.55818	0.00972
 19.0	 20.0	0.55430	0.00951
 20.0	 21.0	0.54844	0.00955
 21.0	 22.0	0.56086	0.00963
 22.0	 23.0	0.54218	0.00997
 23.0	 24.0	0.53652	0.00985
 24.0	 25.0	0.53275	0.00993
 25.0	 26.0	0.52805	0.01012
 26.0	 27.0	0.51944	0.01038
 27.0	 28.0	0.53834	0.01070
 28.0	 29.0	0.52679	0.01105
 29.0	 30.0	0.51476	0.01097
 30.0	 31.0	0.50117	0.01085
 31.0	 32.0	0.50925	0.01143
 32.0	 33.0	0.49487	0.01170
 33.0	 34.0	0.50246	0.01207
 34.0	 35.0	0.49257	0.01179
 35.0	 36.0	0.46739	0.01264
 36.0	 37.0	0.45780	0.01200
 37.0	 38.0	0.47071	0.01249
 38.0	 39.0	0.43839	0.01285
 39.0	 40.0	0.41908	0.01280
 40.0	 41.0	0.39319	0.01261
 41.0	 42.0	0.42599	0.01429
 42.0	 43.0	0.39266	0.01370
 43.0	 44.0	0.42063	0.01536
 44.0	 45.0	0.42104	0.01602
 45.0	 46.0	0.37994	0.01545
 46.0	 47.0	0.37741	0.01731
 47.0	 48.0	0.32163	0.01591
 48.0	 49.0	0.35695	0.01747
 49.0	 50.0	0.33437	0.01896
 50.0	 51.0	0.31806	0.01794
 51.0	 52.0	0.32324	0.02440
 52.0	 53.0	0.31784	0.02187
 53.0	 54.0	0.33579	0.03207
 54.0	 55.0	0.29148	0.02558
 55.0	 56.0	0.25655	0.02116
 56.0	 57.0	0.26031	0.02574
 57.0	 58.0	0.23057	0.02765
 58.0	 59.0	0.22471	0.03009
 59.0	 60.0	0.24868	0.03621
 60.0	 61.0	0.22259	0.04869
 61.0	 62.0	0.12604	0.02235
 62.0	 63.0	0.17888	0.04199
 63.0	 64.0	0.11641	0.04135
 64.0	 65.0	0.16591	0.05203
 65.0	 66.0	0.13928	0.05791
 66.0	 67.0	0.15651	0.06779
 67.0	 68.0	0.26361	0.37701
 68.0	 69.0	0.06428	0.07599
 69.0	 70.0	0.05464	0.17980
 70.0	 71.0	0.03786	0.04189
 71.0	 72.0	0.05043	1.21670
 72.0	 73.0	0.01096	0.05198
 73.0	 74.0	0.02707	0.04107
 74.0	 75.0	0.08274	0.14337
 75.0	 76.0	0.18112	0.69752
 76.0	 77.0	0.06981	0.10245
 77.0	 78.0	0.02760	0.05859
 78.0	 79.0	0.02856	0.07232
 79.0	 80.0	0.08219	0.07539
 80.0	 81.0	0.17346	0.28156
 81.0	 82.0	0.19649	0.76591
 82.0	 83.0	0.08033	0.08536
 83.0	 84.0	0.02886	0.09375
 84.0	 85.0	0.03931	0.05653
 85.0	 86.0	0.01030	0.08385
 86.0	 87.0	0.13253	0.26812
 87.0	 88.0	0.01089	0.05718
 88.0	 89.0	0.12710	0.32901
 89.0	 90.0	0.02276	0.07456
 90.0	 91.0	0.01789	0.04794
 91.0	 92.0	0.06780	0.18821
 92.0	 93.0	0.16745	0.89566
 93.0	 94.0	0.06682	0.12595
 94.0	 95.0	0.04920	0.36070
 95.0	 96.0	0.06986	0.18447
 96.0	 97.0	0.28413	1.23872
 97.0	 98.0	0.31797	0.33084
 98.0	 99.0	0.05637	0.30607
 99.0	100.0	1.56704	4.01177
