  0.0	  2.0	0.47830	0.00615
  2.0	  4.0	0.49355	0.00604
  4.0	  6.0	0.52451	0.00603
  6.0	  8.0	0.51958	0.00592
  8.0	 10.0	0.52157	0.00598
 10.0	 12.0	0.52423	0.00617
 12.0	 14.0	0.51377	0.00616
 14.0	 16.0	0.50536	0.00613
 16.0	 18.0	0.50899	0.00629
 18.0	 20.0	0.50205	0.00658
 20.0	 22.0	0.49893	0.00657
 22.0	 24.0	0.47666	0.00673
 24.0	 26.0	0.48739	0.00692
 26.0	 28.0	0.47785	0.00720
 28.0	 30.0	0.45275	0.00741
 30.0	 32.0	0.45336	0.00759
 32.0	 34.0	0.45468	0.00811
 34.0	 36.0	0.42617	0.00827
 36.0	 38.0	0.40617	0.00828
 38.0	 40.0	0.38257	0.00875
 40.0	 42.0	0.37452	0.00918
 42.0	 44.0	0.35682	0.00975
 44.0	 46.0	0.32765	0.01034
 46.0	 48.0	0.31422	0.01128
 48.0	 50.0	0.29312	0.01204
 50.0	 52.0	0.29682	0.01404
 52.0	 54.0	0.29810	0.01745
 54.0	 56.0	0.23694	0.01549
 56.0	 58.0	0.20665	0.01756
 58.0	 60.0	0.19646	0.02104
 60.0	 62.0	0.13753	0.01969
 62.0	 64.0	0.12556	0.02755
 64.0	 66.0	0.11170	0.03336
 66.0	 68.0	0.15304	0.10707
 68.0	 70.0	0.07617	0.05087
 70.0	 72.0	0.08662	0.05241
 72.0	 74.0	0.03598	0.05917
 74.0	 76.0	0.10827	0.15149
 76.0	 78.0	0.03853	0.05006
 78.0	 80.0	0.23386	2.33775
 80.0	 82.0	0.15182	0.29911
 82.0	 84.0	0.00979	0.14979
 84.0	 86.0	0.10482	0.06302
 86.0	 88.0	0.10778	0.14048
 88.0	 90.0	0.02183	0.05935
 90.0	 92.0	0.03528	0.11392
 92.0	 94.0	0.08414	0.05430
 94.0	 96.0	0.52717	38.42194
 96.0	 98.0	0.72129	4.66111
 98.0	100.0	0.17277	0.16034
