  0.0	  1.0	0.42757	0.00935
  1.0	  2.0	0.47388	0.00827
  2.0	  3.0	0.53500	0.00748
  3.0	  4.0	0.57185	0.00645
  4.0	  5.0	0.63321	0.00585
  5.0	  6.0	0.65815	0.00538
  6.0	  7.0	0.68452	0.00500
  7.0	  8.0	0.71262	0.00451
  8.0	  9.0	0.73055	0.00436
  9.0	 10.0	0.75545	0.00408
 10.0	 11.0	0.77939	0.00391
 11.0	 12.0	0.78283	0.00373
 12.0	 13.0	0.79293	0.00358
 13.0	 14.0	0.80545	0.00354
 14.0	 15.0	0.81983	0.00341
 15.0	 16.0	0.81893	0.00329
 16.0	 17.0	0.82521	0.00321
 17.0	 18.0	0.83222	0.00317
 18.0	 19.0	0.83778	0.00319
 19.0	 20.0	0.83817	0.00312
 20.0	 21.0	0.83882	0.00308
 21.0	 22.0	0.84586	0.00301
 22.0	 23.0	0.84086	0.00307
 23.0	 24.0	0.84042	0.00311
 24.0	 25.0	0.84508	0.00306
 25.0	 26.0	0.84111	0.00313
 26.0	 27.0	0.83802	0.00315
 27.0	 28.0	0.83944	0.00318
 28.0	 29.0	0.83797	0.00314
 29.0	 30.0	0.83483	0.00323
 30.0	 31.0	0.83696	0.00317
 31.0	 32.0	0.82865	0.00335
 32.0	 33.0	0.82672	0.00336
 33.0	 34.0	0.82061	0.00353
 34.0	 35.0	0.82039	0.00359
 35.0	 36.0	0.81633	0.00369
 36.0	 37.0	0.80385	0.00375
 37.0	 38.0	0.80785	0.00382
 38.0	 39.0	0.79587	0.00393
 39.0	 40.0	0.79413	0.00399
 40.0	 41.0	0.78409	0.00413
 41.0	 42.0	0.77837	0.00428
 42.0	 43.0	0.76030	0.00439
 43.0	 44.0	0.75919	0.00444
 44.0	 45.0	0.75046	0.00475
 45.0	 46.0	0.74377	0.00481
 46.0	 47.0	0.73420	0.00506
 47.0	 48.0	0.71919	0.00513
 48.0	 49.0	0.71298	0.00528
 49.0	 50.0	0.69894	0.00552
 50.0	 51.0	0.67680	0.00558
 51.0	 52.0	0.66819	0.00584
 52.0	 53.0	0.65278	0.00606
 53.0	 54.0	0.65612	0.00648
 54.0	 55.0	0.63144	0.00654
 55.0	 56.0	0.59891	0.00686
 56.0	 57.0	0.60968	0.00708
 57.0	 58.0	0.57915	0.00744
 58.0	 59.0	0.57222	0.00784
 59.0	 60.0	0.56302	0.00835
 60.0	 61.0	0.51734	0.00826
 61.0	 62.0	0.49341	0.00878
 62.0	 63.0	0.49136	0.00930
 63.0	 64.0	0.45993	0.00948
 64.0	 65.0	0.46282	0.01051
 65.0	 66.0	0.43221	0.01082
 66.0	 67.0	0.39981	0.01072
 67.0	 68.0	0.41852	0.01261
 68.0	 69.0	0.36309	0.01239
 69.0	 70.0	0.36479	0.01439
 70.0	 71.0	0.35168	0.01541
 71.0	 72.0	0.30657	0.01485
 72.0	 73.0	0.27991	0.01510
 73.0	 74.0	0.30688	0.01848
 74.0	 75.0	0.29332	0.02105
 75.0	 76.0	0.23209	0.02066
 76.0	 77.0	0.22903	0.02321
 77.0	 78.0	0.23401	0.02882
 78.0	 79.0	0.24215	0.02824
 79.0	 80.0	0.26185	0.05542
 80.0	 81.0	0.16307	0.04758
 81.0	 82.0	0.14711	0.03608
 82.0	 83.0	0.25896	0.15615
 83.0	 84.0	0.37364	0.42527
 84.0	 85.0	0.38798	1.25812
 85.0	 86.0	0.07709	0.06717
 86.0	 87.0	0.09447	0.09894
 87.0	 88.0	0.23436	0.24550
 88.0	 89.0	0.13032	0.07236
 89.0	 90.0	0.17895	0.08140
 90.0	 91.0	0.06428	0.05291
 91.0	 92.0	0.09002	0.22255
 92.0	 93.0	0.12167	0.14555
 93.0	 94.0	0.10899	0.09305
 94.0	 95.0	0.11405	0.09202
 95.0	 96.0	0.35438	0.78215
 96.0	 97.0	0.15206	0.20599
 97.0	 98.0	0.13542	0.20126
 98.0	 99.0	0.20589	0.42218
 99.0	100.0	0.80100	4.10736
