  0.0	  5.0	0.53591	0.00392
  5.0	 10.0	0.56946	0.00386
 10.0	 15.0	0.57339	0.00399
 15.0	 20.0	0.55985	0.00416
 20.0	 25.0	0.54428	0.00437
 25.0	 30.0	0.52539	0.00475
 30.0	 35.0	0.50004	0.00516
 35.0	 40.0	0.45093	0.00561
 40.0	 45.0	0.40962	0.00638
 45.0	 50.0	0.35429	0.00756
 50.0	 55.0	0.31477	0.01037
 55.0	 60.0	0.24474	0.01201
 60.0	 65.0	0.15663	0.01603
 65.0	 70.0	0.15052	0.03998
 70.0	 75.0	0.02666	0.05422
 75.0	 80.0	0.02971	0.05455
 80.0	 85.0	0.02840	0.04745
 85.0	 90.0	0.03074	0.04267
 90.0	 95.0	0.00418	0.05984
 95.0	100.0	0.11728	0.16560
