  0.0	  2.0	0.51411	0.00626
  2.0	  4.0	0.54317	0.00618
  4.0	  6.0	0.56663	0.00616
  6.0	  8.0	0.56418	0.00604
  8.0	 10.0	0.57484	0.00615
 10.0	 12.0	0.57805	0.00634
 12.0	 14.0	0.57327	0.00634
 14.0	 16.0	0.56340	0.00631
 16.0	 18.0	0.56216	0.00646
 18.0	 20.0	0.55623	0.00680
 20.0	 22.0	0.55469	0.00678
 22.0	 24.0	0.53933	0.00701
 24.0	 26.0	0.53041	0.00709
 26.0	 28.0	0.52883	0.00745
 28.0	 30.0	0.52078	0.00779
 30.0	 32.0	0.50508	0.00787
 32.0	 34.0	0.49860	0.00840
 34.0	 36.0	0.48016	0.00862
 36.0	 38.0	0.46417	0.00866
 38.0	 40.0	0.42871	0.00907
 40.0	 42.0	0.40885	0.00946
 42.0	 44.0	0.40607	0.01023
 44.0	 46.0	0.40041	0.01112
 46.0	 48.0	0.34939	0.01172
 48.0	 50.0	0.34590	0.01285
 50.0	 52.0	0.31891	0.01449
 52.0	 54.0	0.32367	0.01818
 54.0	 56.0	0.27299	0.01633
 56.0	 58.0	0.24595	0.01884
 58.0	 60.0	0.23973	0.02295
 60.0	 62.0	0.16177	0.02058
 62.0	 64.0	0.14897	0.02930
 64.0	 66.0	0.15544	0.03831
 66.0	 68.0	0.23418	0.15377
 68.0	 70.0	0.08977	0.04651
 70.0	 72.0	0.02129	0.04646
 72.0	 74.0	0.01716	0.02983
 74.0	 76.0	0.08418	0.13329
 76.0	 78.0	0.03823	0.04728
 78.0	 80.0	0.12182	0.51594
 80.0	 82.0	0.06152	0.13127
 82.0	 84.0	0.06123	0.29965
 84.0	 86.0	0.07884	0.76166
 86.0	 88.0	0.04578	0.06068
 88.0	 90.0	0.03245	0.10717
 90.0	 92.0	0.01745	0.17112
 92.0	 94.0	0.00682	0.27858
 94.0	 96.0	0.11385	0.29968
 96.0	 98.0	0.33303	0.43303
 98.0	100.0	0.00244	1.12993
