  0.0	  1.0	0.46672	0.00861
  1.0	  2.0	0.49002	0.00879
  2.0	  3.0	0.49283	0.00857
  3.0	  4.0	0.49425	0.00851
  4.0	  5.0	0.52286	0.00852
  5.0	  6.0	0.52607	0.00852
  6.0	  7.0	0.51182	0.00820
  7.0	  8.0	0.52754	0.00854
  8.0	  9.0	0.52359	0.00854
  9.0	 10.0	0.51958	0.00838
 10.0	 11.0	0.53118	0.00901
 11.0	 12.0	0.51771	0.00846
 12.0	 13.0	0.51725	0.00868
 13.0	 14.0	0.51014	0.00874
 14.0	 15.0	0.51261	0.00859
 15.0	 16.0	0.49790	0.00875
 16.0	 17.0	0.51429	0.00901
 17.0	 18.0	0.50374	0.00877
 18.0	 19.0	0.49902	0.00938
 19.0	 20.0	0.50505	0.00923
 20.0	 21.0	0.48544	0.00922
 21.0	 22.0	0.51222	0.00937
 22.0	 23.0	0.49293	0.00964
 23.0	 24.0	0.46038	0.00941
 24.0	 25.0	0.48849	0.00967
 25.0	 26.0	0.48629	0.00992
 26.0	 27.0	0.47741	0.01014
 27.0	 28.0	0.47814	0.01025
 28.0	 29.0	0.45162	0.01045
 29.0	 30.0	0.45387	0.01051
 30.0	 31.0	0.44373	0.01045
 31.0	 32.0	0.46340	0.01104
 32.0	 33.0	0.45766	0.01134
 33.0	 34.0	0.45163	0.01159
 34.0	 35.0	0.42091	0.01118
 35.0	 36.0	0.43207	0.01228
 36.0	 37.0	0.41803	0.01165
 37.0	 38.0	0.39367	0.01178
 38.0	 39.0	0.40129	0.01247
 39.0	 40.0	0.36381	0.01228
 40.0	 41.0	0.37194	0.01237
 41.0	 42.0	0.37763	0.01369
 42.0	 43.0	0.33906	0.01305
 43.0	 44.0	0.37570	0.01466
 44.0	 45.0	0.33705	0.01471
 45.0	 46.0	0.31831	0.01453
 46.0	 47.0	0.33212	0.01643
 47.0	 48.0	0.29655	0.01551
 48.0	 49.0	0.30678	0.01649
 49.0	 50.0	0.27867	0.01761
 50.0	 51.0	0.30564	0.01765
 51.0	 52.0	0.28885	0.02311
 52.0	 53.0	0.26451	0.02031
 53.0	 54.0	0.34454	0.03254
 54.0	 55.0	0.26237	0.02440
 55.0	 56.0	0.21361	0.02008
 56.0	 57.0	0.20376	0.02370
 57.0	 58.0	0.20709	0.02656
 58.0	 59.0	0.20632	0.02866
 59.0	 60.0	0.18451	0.03113
 60.0	 61.0	0.18295	0.04374
 61.0	 62.0	0.10757	0.02326
 62.0	 63.0	0.19180	0.04308
 63.0	 64.0	0.04870	0.04576
 64.0	 65.0	0.08494	0.04465
 65.0	 66.0	0.13843	0.05358
 66.0	 67.0	0.09982	0.05399
 67.0	 68.0	0.16047	0.24570
 68.0	 69.0	0.06207	0.04771
 69.0	 70.0	0.08453	0.13950
 70.0	 71.0	0.10514	0.05199
 71.0	 72.0	0.11397	0.91965
 72.0	 73.0	0.06419	0.06512
 73.0	 74.0	0.03082	0.08928
 74.0	 75.0	0.04511	0.14592
 75.0	 76.0	2.50311	1497.99395
 76.0	 77.0	0.02993	0.09834
 77.0	 78.0	0.04166	0.06460
 78.0	 79.0	0.00954	0.32078
 79.0	 80.0	0.06004	0.08371
 80.0	 81.0	0.13870	1.35503
 81.0	 82.0	0.10657	0.18782
 82.0	 83.0	0.03481	0.07012
 83.0	 84.0	0.01437	0.04885
 84.0	 85.0	0.05173	0.03782
 85.0	 86.0	0.13322	0.12172
 86.0	 87.0	0.13725	0.50144
 87.0	 88.0	0.08380	0.11201
 88.0	 89.0	0.03590	0.20763
 89.0	 90.0	0.02123	0.10480
 90.0	 91.0	0.02838	0.06988
 91.0	 92.0	0.32091	1.02164
 92.0	 93.0	0.14236	0.06750
 93.0	 94.0	0.05525	0.07604
 94.0	 95.0	0.05041	0.67034
 95.0	 96.0	0.04918	0.66835
 96.0	 97.0	0.35422	1.01721
 97.0	 98.0	0.49800	0.58232
 98.0	 99.0	0.18141	0.14730
 99.0	100.0	0.06544	0.98192
