  0.0	  2.0	0.42263	0.00611
  2.0	  4.0	0.52587	0.00487
  4.0	  6.0	0.60800	0.00396
  6.0	  8.0	0.66328	0.00339
  8.0	 10.0	0.70188	0.00303
 10.0	 12.0	0.74128	0.00277
 12.0	 14.0	0.76069	0.00259
 14.0	 16.0	0.78273	0.00244
 16.0	 18.0	0.79053	0.00235
 18.0	 20.0	0.79721	0.00232
 20.0	 22.0	0.80439	0.00224
 22.0	 24.0	0.80515	0.00227
 24.0	 26.0	0.80412	0.00227
 26.0	 28.0	0.80034	0.00232
 28.0	 30.0	0.79884	0.00235
 30.0	 32.0	0.79890	0.00238
 32.0	 34.0	0.78450	0.00251
 34.0	 36.0	0.78131	0.00263
 36.0	 38.0	0.75891	0.00275
 38.0	 40.0	0.75481	0.00285
 40.0	 42.0	0.73980	0.00301
 42.0	 44.0	0.71588	0.00316
 44.0	 46.0	0.69959	0.00340
 46.0	 48.0	0.68127	0.00361
 48.0	 50.0	0.65290	0.00382
 50.0	 52.0	0.62729	0.00403
 52.0	 54.0	0.60124	0.00439
 54.0	 56.0	0.57247	0.00469
 56.0	 58.0	0.53769	0.00505
 58.0	 60.0	0.51089	0.00557
 60.0	 62.0	0.46676	0.00592
 62.0	 64.0	0.43139	0.00648
 64.0	 66.0	0.40680	0.00733
 66.0	 68.0	0.36801	0.00796
 68.0	 70.0	0.34090	0.00919
 70.0	 72.0	0.29827	0.01037
 72.0	 74.0	0.26837	0.01145
 74.0	 76.0	0.23356	0.01407
 76.0	 78.0	0.21762	0.01763
 78.0	 80.0	0.17030	0.02238
 80.0	 82.0	0.13945	0.02793
 82.0	 84.0	0.16465	0.05750
 84.0	 86.0	0.34293	0.52385
 86.0	 88.0	0.08998	0.04438
 88.0	 90.0	0.18018	0.15560
 90.0	 92.0	0.09226	0.19168
 92.0	 94.0	0.14421	0.05463
 94.0	 96.0	0.18277	0.22465
 96.0	 98.0	0.04869	0.63965
 98.0	100.0	0.26145	0.30507
