  0.0	  5.0	0.50171	0.00324
  5.0	 10.0	0.67201	0.00210
 10.0	 15.0	0.75697	0.00167
 15.0	 20.0	0.79215	0.00149
 20.0	 25.0	0.80493	0.00143
 25.0	 30.0	0.80021	0.00147
 30.0	 35.0	0.78882	0.00157
 35.0	 40.0	0.76269	0.00175
 40.0	 45.0	0.72431	0.00199
 45.0	 50.0	0.67174	0.00231
 50.0	 55.0	0.60726	0.00270
 55.0	 60.0	0.53321	0.00329
 60.0	 65.0	0.44380	0.00402
 65.0	 70.0	0.36256	0.00522
 70.0	 75.0	0.27743	0.00716
 75.0	 80.0	0.20030	0.01137
 80.0	 85.0	0.16738	0.02897
 85.0	 90.0	0.11261	0.04462
 90.0	 95.0	0.08744	0.08425
 95.0	100.0	0.04768	0.33697
