  0.0	  5.0	0.49349	0.00385
  5.0	 10.0	0.52166	0.00377
 10.0	 15.0	0.51777	0.00389
 15.0	 20.0	0.50401	0.00403
 20.0	 25.0	0.48807	0.00423
 25.0	 30.0	0.46970	0.00458
 30.0	 35.0	0.44746	0.00496
 35.0	 40.0	0.40215	0.00540
 40.0	 45.0	0.36027	0.00608
 45.0	 50.0	0.30674	0.00716
 50.0	 55.0	0.29013	0.00999
 55.0	 60.0	0.20336	0.01119
 60.0	 65.0	0.12560	0.01478
 65.0	 70.0	0.11834	0.03469
 70.0	 75.0	0.08769	0.07710
 75.0	 80.0	0.03855	0.05586
 80.0	 85.0	0.03892	0.03752
 85.0	 90.0	0.06529	0.10096
 90.0	 95.0	0.07651	0.03814
 95.0	100.0	0.10445	0.14782
