  0.0	  1.0	0.46754	0.00863
  1.0	  2.0	0.49706	0.00881
  2.0	  3.0	0.49636	0.00859
  3.0	  4.0	0.50730	0.00861
  4.0	  5.0	0.50731	0.00846
  5.0	  6.0	0.52425	0.00854
  6.0	  7.0	0.51745	0.00823
  7.0	  8.0	0.52106	0.00848
  8.0	  9.0	0.52429	0.00856
  9.0	 10.0	0.51974	0.00840
 10.0	 11.0	0.53294	0.00902
 11.0	 12.0	0.51598	0.00846
 12.0	 13.0	0.50701	0.00866
 13.0	 14.0	0.51757	0.00874
 14.0	 15.0	0.50298	0.00854
 15.0	 16.0	0.51085	0.00883
 16.0	 17.0	0.50368	0.00895
 17.0	 18.0	0.50419	0.00879
 18.0	 19.0	0.50128	0.00940
 19.0	 20.0	0.51311	0.00928
 20.0	 21.0	0.50755	0.00931
 21.0	 22.0	0.49598	0.00930
 22.0	 23.0	0.48759	0.00963
 23.0	 24.0	0.48454	0.00953
 24.0	 25.0	0.48394	0.00967
 25.0	 26.0	0.46727	0.00978
 26.0	 27.0	0.48002	0.01012
 27.0	 28.0	0.48605	0.01035
 28.0	 29.0	0.45379	0.01051
 29.0	 30.0	0.45961	0.01055
 30.0	 31.0	0.44849	0.01047
 31.0	 32.0	0.46206	0.01106
 32.0	 33.0	0.43567	0.01116
 33.0	 34.0	0.44613	0.01159
 34.0	 35.0	0.46116	0.01152
 35.0	 36.0	0.41654	0.01213
 36.0	 37.0	0.41920	0.01166
 37.0	 38.0	0.41093	0.01188
 38.0	 39.0	0.40468	0.01251
 39.0	 40.0	0.36204	0.01221
 40.0	 41.0	0.36952	0.01242
 41.0	 42.0	0.36735	0.01353
 42.0	 43.0	0.35876	0.01336
 43.0	 44.0	0.36061	0.01445
 44.0	 45.0	0.35374	0.01498
 45.0	 46.0	0.31718	0.01445
 46.0	 47.0	0.35839	0.01697
 47.0	 48.0	0.28491	0.01530
 48.0	 49.0	0.31253	0.01668
 49.0	 50.0	0.30274	0.01820
 50.0	 51.0	0.27845	0.01706
 51.0	 52.0	0.29687	0.02343
 52.0	 53.0	0.25630	0.02009
 53.0	 54.0	0.28809	0.02942
 54.0	 55.0	0.29398	0.02583
 55.0	 56.0	0.20891	0.02014
 56.0	 57.0	0.19982	0.02326
 57.0	 58.0	0.19934	0.02615
 58.0	 59.0	0.16754	0.02636
 59.0	 60.0	0.19428	0.03210
 60.0	 61.0	0.25147	0.05250
 61.0	 62.0	0.14732	0.02367
 62.0	 63.0	0.09951	0.03490
 63.0	 64.0	0.11377	0.03989
 64.0	 65.0	0.09041	0.04658
 65.0	 66.0	0.14047	0.05664
 66.0	 67.0	0.08953	0.05210
 67.0	 68.0	0.26406	0.36429
 68.0	 69.0	0.06227	0.04808
 69.0	 70.0	0.12824	0.12923
 70.0	 71.0	0.07103	0.04595
 71.0	 72.0	0.43227	17.48347
 72.0	 73.0	0.04566	0.08532
 73.0	 74.0	0.02534	0.07194
 74.0	 75.0	0.06409	0.10011
 75.0	 76.0	0.00909	2.83429
 76.0	 77.0	0.06487	0.10062
 77.0	 78.0	0.03303	0.13256
 78.0	 79.0	0.09514	0.09398
 79.0	 80.0	0.09420	0.09764
 80.0	 81.0	0.31119	1.19451
 81.0	 82.0	0.07772	1.18104
 82.0	 83.0	0.06905	0.14152
 83.0	 84.0	0.01138	0.05818
 84.0	 85.0	0.03325	0.07454
 85.0	 86.0	0.07000	0.07529
 86.0	 87.0	0.03341	0.32591
 87.0	 88.0	0.13085	0.08241
 88.0	 89.0	0.03584	0.43788
 89.0	 90.0	0.04048	0.05885
 90.0	 91.0	0.10458	0.13680
 91.0	 92.0	0.05599	0.11405
 92.0	 93.0	0.16939	0.28456
 93.0	 94.0	0.01806	0.08022
 94.0	 95.0	0.14982	2.25046
 95.0	 96.0	0.24289	0.34166
 96.0	 97.0	0.05809	0.16720
 97.0	 98.0	0.22112	0.15808
 98.0	 99.0	0.45472	0.37171
 99.0	100.0	0.90032	0.94563
