  0.0	  2.0	0.42668	0.00612
  2.0	  4.0	0.52251	0.00485
  4.0	  6.0	0.60687	0.00396
  6.0	  8.0	0.66972	0.00338
  8.0	 10.0	0.70787	0.00302
 10.0	 12.0	0.74374	0.00276
 12.0	 14.0	0.76535	0.00257
 14.0	 16.0	0.78324	0.00244
 16.0	 18.0	0.79691	0.00233
 18.0	 20.0	0.80304	0.00231
 20.0	 22.0	0.80610	0.00224
 22.0	 24.0	0.80833	0.00226
 24.0	 26.0	0.80712	0.00227
 26.0	 28.0	0.80701	0.00230
 28.0	 30.0	0.80608	0.00232
 30.0	 32.0	0.79577	0.00240
 32.0	 34.0	0.78934	0.00251
 34.0	 36.0	0.78524	0.00262
 36.0	 38.0	0.77015	0.00273
 38.0	 40.0	0.75993	0.00285
 40.0	 42.0	0.74119	0.00302
 42.0	 44.0	0.71750	0.00315
 44.0	 46.0	0.70704	0.00340
 46.0	 48.0	0.68677	0.00361
 48.0	 50.0	0.65920	0.00382
 50.0	 52.0	0.63022	0.00402
 52.0	 54.0	0.60848	0.00440
 54.0	 56.0	0.57463	0.00468
 56.0	 58.0	0.54550	0.00505
 58.0	 60.0	0.51650	0.00560
 60.0	 62.0	0.46254	0.00590
 62.0	 64.0	0.44195	0.00653
 64.0	 66.0	0.40910	0.00735
 66.0	 68.0	0.35953	0.00789
 68.0	 70.0	0.34478	0.00924
 70.0	 72.0	0.29592	0.01036
 72.0	 74.0	0.25963	0.01133
 74.0	 76.0	0.24620	0.01429
 76.0	 78.0	0.21338	0.01805
 78.0	 80.0	0.20541	0.02280
 80.0	 82.0	0.17414	0.03210
 82.0	 84.0	0.20501	0.07834
 84.0	 86.0	0.21564	0.10297
 86.0	 88.0	0.25226	0.33140
 88.0	 90.0	0.15424	0.13731
 90.0	 92.0	0.25426	0.28529
 92.0	 94.0	0.19425	0.17889
 94.0	 96.0	0.11570	0.07464
 96.0	 98.0	0.44253	1.42647
 98.0	100.0	0.21614	0.42259
