  0.0	  1.0	0.60758	0.00540
  1.0	  2.0	0.66761	0.00492
  2.0	  3.0	0.72013	0.00419
  3.0	  4.0	0.76704	0.00373
  4.0	  5.0	0.79956	0.00327
  5.0	  6.0	0.82567	0.00297
  6.0	  7.0	0.84846	0.00270
  7.0	  8.0	0.86674	0.00253
  8.0	  9.0	0.88270	0.00234
  9.0	 10.0	0.89131	0.00218
 10.0	 11.0	0.90138	0.00209
 11.0	 12.0	0.90814	0.00199
 12.0	 13.0	0.91420	0.00191
 13.0	 14.0	0.91760	0.00184
 14.0	 15.0	0.92118	0.00176
 15.0	 16.0	0.92545	0.00172
 16.0	 17.0	0.92868	0.00167
 17.0	 18.0	0.92941	0.00162
 18.0	 19.0	0.93130	0.00160
 19.0	 20.0	0.93278	0.00160
 20.0	 21.0	0.93263	0.00158
 21.0	 22.0	0.93304	0.00154
 22.0	 23.0	0.93474	0.00156
 23.0	 24.0	0.93303	0.00156
 24.0	 25.0	0.93167	0.00154
 25.0	 26.0	0.93161	0.00156
 26.0	 27.0	0.93261	0.00157
 27.0	 28.0	0.92934	0.00157
 28.0	 29.0	0.93022	0.00160
 29.0	 30.0	0.92710	0.00161
 30.0	 31.0	0.92576	0.00163
 31.0	 32.0	0.92352	0.00166
 32.0	 33.0	0.92049	0.00168
 33.0	 34.0	0.91873	0.00172
 34.0	 35.0	0.91568	0.00178
 35.0	 36.0	0.91144	0.00179
 36.0	 37.0	0.90885	0.00184
 37.0	 38.0	0.90439	0.00191
 38.0	 39.0	0.89965	0.00193
 39.0	 40.0	0.89481	0.00197
 40.0	 41.0	0.89293	0.00206
 41.0	 42.0	0.88492	0.00211
 42.0	 43.0	0.88092	0.00217
 43.0	 44.0	0.87540	0.00225
 44.0	 45.0	0.86380	0.00236
 45.0	 46.0	0.86115	0.00243
 46.0	 47.0	0.85468	0.00250
 47.0	 48.0	0.84361	0.00258
 48.0	 49.0	0.83913	0.00269
 49.0	 50.0	0.82829	0.00282
 50.0	 51.0	0.81594	0.00289
 51.0	 52.0	0.81023	0.00304
 52.0	 53.0	0.79692	0.00316
 53.0	 54.0	0.78482	0.00331
 54.0	 55.0	0.76950	0.00338
 55.0	 56.0	0.75353	0.00354
 56.0	 57.0	0.74194	0.00372
 57.0	 58.0	0.73574	0.00403
 58.0	 59.0	0.71161	0.00410
 59.0	 60.0	0.68749	0.00422
 60.0	 61.0	0.68132	0.00462
 61.0	 62.0	0.65220	0.00475
 62.0	 63.0	0.64495	0.00517
 63.0	 64.0	0.61891	0.00542
 64.0	 65.0	0.60029	0.00565
 65.0	 66.0	0.57204	0.00586
 66.0	 67.0	0.54446	0.00620
 67.0	 68.0	0.53292	0.00671
 68.0	 69.0	0.51272	0.00713
 69.0	 70.0	0.49798	0.00775
 70.0	 71.0	0.47287	0.00845
 71.0	 72.0	0.44977	0.00888
 72.0	 73.0	0.40828	0.00927
 73.0	 74.0	0.39568	0.01050
 74.0	 75.0	0.37485	0.01096
 75.0	 76.0	0.36088	0.01214
 76.0	 77.0	0.30328	0.01196
 77.0	 78.0	0.29380	0.01279
 78.0	 79.0	0.28388	0.01498
 79.0	 80.0	0.28732	0.01704
 80.0	 81.0	0.23885	0.01701
 81.0	 82.0	0.24177	0.01789
 82.0	 83.0	0.20614	0.01799
 83.0	 84.0	0.23827	0.02930
 84.0	 85.0	0.18326	0.02018
 85.0	 86.0	0.16117	0.02340
 86.0	 87.0	0.09025	0.02177
 87.0	 88.0	0.16168	0.04013
 88.0	 89.0	0.12530	0.03055
 89.0	 90.0	0.09793	0.02599
 90.0	 91.0	0.11668	0.04771
 91.0	 92.0	0.09697	0.04346
 92.0	 93.0	0.02755	0.19329
 93.0	 94.0	0.07142	0.05596
 94.0	 95.0	0.18580	0.20554
 95.0	 96.0	0.23811	1.28466
 96.0	 97.0	0.19402	0.27559
 97.0	 98.0	1.15903	18.45003
 98.0	 99.0	0.16269	0.23495
 99.0	100.0	0.49564	1.07762
