  0.0	  2.0	0.63759	0.00364
  2.0	  4.0	0.74389	0.00279
  4.0	  6.0	0.81260	0.00220
  6.0	  8.0	0.85763	0.00185
  8.0	 10.0	0.88699	0.00160
 10.0	 12.0	0.90477	0.00144
 12.0	 14.0	0.91589	0.00132
 14.0	 16.0	0.92332	0.00123
 16.0	 18.0	0.92904	0.00116
 18.0	 20.0	0.93204	0.00113
 20.0	 22.0	0.93284	0.00110
 22.0	 24.0	0.93389	0.00110
 24.0	 26.0	0.93164	0.00110
 26.0	 28.0	0.93097	0.00111
 28.0	 30.0	0.92865	0.00113
 30.0	 32.0	0.92464	0.00116
 32.0	 34.0	0.91961	0.00120
 34.0	 36.0	0.91356	0.00126
 36.0	 38.0	0.90663	0.00133
 38.0	 40.0	0.89722	0.00138
 40.0	 42.0	0.88897	0.00147
 42.0	 44.0	0.87816	0.00156
 44.0	 46.0	0.86246	0.00169
 46.0	 48.0	0.84915	0.00180
 48.0	 50.0	0.83372	0.00194
 50.0	 52.0	0.81306	0.00210
 52.0	 54.0	0.79088	0.00229
 54.0	 56.0	0.76157	0.00245
 56.0	 58.0	0.73875	0.00273
 58.0	 60.0	0.69970	0.00294
 60.0	 62.0	0.66692	0.00331
 62.0	 64.0	0.63206	0.00374
 64.0	 66.0	0.58631	0.00407
 66.0	 68.0	0.53861	0.00456
 68.0	 70.0	0.50530	0.00525
 70.0	 72.0	0.46148	0.00612
 72.0	 74.0	0.40187	0.00695
 74.0	 76.0	0.36776	0.00814
 76.0	 78.0	0.29858	0.00874
 78.0	 80.0	0.28540	0.01126
 80.0	 82.0	0.24026	0.01233
 82.0	 84.0	0.21849	0.01554
 84.0	 86.0	0.17311	0.01528
 86.0	 88.0	0.11913	0.01878
 88.0	 90.0	0.11176	0.01982
 90.0	 92.0	0.10956	0.03115
 92.0	 94.0	0.04682	0.06580
 94.0	 96.0	0.21253	0.29110
 96.0	 98.0	0.11483	0.22990
 98.0	100.0	0.14244	0.21818
