  0.0	  5.0	0.71418	0.00187
  5.0	 10.0	0.86319	0.00113
 10.0	 15.0	0.91245	0.00086
 15.0	 20.0	0.92951	0.00073
 20.0	 25.0	0.93302	0.00070
 25.0	 30.0	0.93017	0.00071
 30.0	 35.0	0.92084	0.00076
 35.0	 40.0	0.90385	0.00084
 40.0	 45.0	0.87966	0.00098
 45.0	 50.0	0.84540	0.00116
 50.0	 55.0	0.79560	0.00141
 55.0	 60.0	0.72631	0.00175
 60.0	 65.0	0.64004	0.00228
 65.0	 70.0	0.53246	0.00297
 70.0	 75.0	0.42183	0.00424
 75.0	 80.0	0.30702	0.00601
 80.0	 85.0	0.22272	0.00873
 85.0	 90.0	0.12957	0.01177
 90.0	 95.0	0.10156	0.02351
 95.0	100.0	0.35461	44.17386
