  0.0	  5.0	0.66251	0.00196
  5.0	 10.0	0.68138	0.00186
 10.0	 15.0	0.67069	0.00185
 15.0	 20.0	0.65786	0.00190
 20.0	 25.0	0.63702	0.00198
 25.0	 30.0	0.61319	0.00210
 30.0	 35.0	0.57489	0.00227
 35.0	 40.0	0.53095	0.00247
 40.0	 45.0	0.48213	0.00279
 45.0	 50.0	0.42291	0.00327
 50.0	 55.0	0.35397	0.00398
 55.0	 60.0	0.27076	0.00504
 60.0	 65.0	0.19589	0.00665
 65.0	 70.0	0.12794	0.00988
 70.0	 75.0	0.09703	0.02149
 75.0	 80.0	0.01533	0.02323
 80.0	 85.0	0.00818	0.01741
 85.0	 90.0	0.02069	0.01540
 90.0	 95.0	0.02037	0.06861
 95.0	100.0	0.22279	0.33638
