  0.0	  1.0	0.64614	0.00451
  1.0	  2.0	0.65206	0.00452
  2.0	  3.0	0.66539	0.00435
  3.0	  4.0	0.67393	0.00436
  4.0	  5.0	0.67537	0.00419
  5.0	  6.0	0.67898	0.00422
  6.0	  7.0	0.68018	0.00416
  7.0	  8.0	0.68408	0.00418
  8.0	  9.0	0.67942	0.00415
  9.0	 10.0	0.68418	0.00414
 10.0	 11.0	0.67075	0.00401
 11.0	 12.0	0.67152	0.00415
 12.0	 13.0	0.67549	0.00422
 13.0	 14.0	0.66951	0.00415
 14.0	 15.0	0.66632	0.00419
 15.0	 16.0	0.66518	0.00421
 16.0	 17.0	0.65841	0.00418
 17.0	 18.0	0.65637	0.00421
 18.0	 19.0	0.65958	0.00432
 19.0	 20.0	0.64977	0.00427
 20.0	 21.0	0.64868	0.00439
 21.0	 22.0	0.64003	0.00439
 22.0	 23.0	0.62904	0.00436
 23.0	 24.0	0.63691	0.00450
 24.0	 25.0	0.63040	0.00450
 25.0	 26.0	0.62723	0.00469
 26.0	 27.0	0.62388	0.00466
 27.0	 28.0	0.61085	0.00458
 28.0	 29.0	0.60126	0.00471
 29.0	 30.0	0.60254	0.00482
 30.0	 31.0	0.59638	0.00499
 31.0	 32.0	0.58536	0.00499
 32.0	 33.0	0.57001	0.00501
 33.0	 34.0	0.56525	0.00517
 34.0	 35.0	0.55650	0.00522
 35.0	 36.0	0.55495	0.00526
 36.0	 37.0	0.53756	0.00533
 37.0	 38.0	0.52662	0.00555
 38.0	 39.0	0.51548	0.00561
 39.0	 40.0	0.51912	0.00586
 40.0	 41.0	0.49836	0.00580
 41.0	 42.0	0.49652	0.00625
 42.0	 43.0	0.48563	0.00626
 43.0	 44.0	0.47001	0.00638
 44.0	 45.0	0.45895	0.00664
 45.0	 46.0	0.44140	0.00673
 46.0	 47.0	0.44064	0.00708
 47.0	 48.0	0.41677	0.00717
 48.0	 49.0	0.41119	0.00786
 49.0	 50.0	0.40348	0.00797
 50.0	 51.0	0.38327	0.00820
 51.0	 52.0	0.37153	0.00851
 52.0	 53.0	0.35001	0.00891
 53.0	 54.0	0.33013	0.00913
 54.0	 55.0	0.33174	0.00997
 55.0	 56.0	0.28824	0.00926
 56.0	 57.0	0.29008	0.01102
 57.0	 58.0	0.25938	0.01146
 58.0	 59.0	0.28513	0.01448
 59.0	 60.0	0.23281	0.01172
 60.0	 61.0	0.23458	0.01439
 61.0	 62.0	0.19522	0.01212
 62.0	 63.0	0.19390	0.01558
 63.0	 64.0	0.17531	0.01532
 64.0	 65.0	0.17624	0.01945
 65.0	 66.0	0.11905	0.01519
 66.0	 67.0	0.11580	0.01916
 67.0	 68.0	0.18226	0.03578
 68.0	 69.0	0.10120	0.02303
 69.0	 70.0	0.13928	0.03337
 70.0	 71.0	0.09941	0.03030
 71.0	 72.0	0.15547	0.09540
 72.0	 73.0	0.13650	0.06947
 73.0	 74.0	0.09102	0.05664
 74.0	 75.0	0.01190	0.03399
 75.0	 76.0	0.02691	0.26241
 76.0	 77.0	0.00924	0.08854
 77.0	 78.0	0.02250	0.04953
 78.0	 79.0	0.00489	0.04625
 79.0	 80.0	0.03547	0.09723
 80.0	 81.0	0.00475	0.03665
 81.0	 82.0	0.00654	0.03617
 82.0	 83.0	0.00510	0.04710
 83.0	 84.0	0.04080	0.06536
 84.0	 85.0	0.05297	0.04010
 85.0	 86.0	0.03906	0.03039
 86.0	 87.0	0.00981	0.04571
 87.0	 88.0	0.03646	0.03911
 88.0	 89.0	0.03373	0.08606
 89.0	 90.0	0.03275	0.10361
 90.0	 91.0	0.08866	0.10725
 91.0	 92.0	0.03974	0.06168
 92.0	 93.0	0.06937	0.09603
 93.0	 94.0	0.09122	0.13457
 94.0	 95.0	0.15734	1.27132
 95.0	 96.0	0.09089	0.57548
 96.0	 97.0	0.42824	1.78148
 97.0	 98.0	0.02656	0.65159
 98.0	 99.0	0.44459	0.50742
 99.0	100.0	0.12872	3.39207
