  0.0	  2.0	0.64904	0.00319
  2.0	  4.0	0.66967	0.00308
  4.0	  6.0	0.67717	0.00297
  6.0	  8.0	0.68213	0.00295
  8.0	 10.0	0.68181	0.00293
 10.0	 12.0	0.67110	0.00289
 12.0	 14.0	0.67249	0.00296
 14.0	 16.0	0.66575	0.00297
 16.0	 18.0	0.65739	0.00297
 18.0	 20.0	0.65467	0.00304
 20.0	 22.0	0.64435	0.00311
 22.0	 24.0	0.63292	0.00313
 24.0	 26.0	0.62878	0.00325
 26.0	 28.0	0.61732	0.00327
 28.0	 30.0	0.60187	0.00337
 30.0	 32.0	0.59091	0.00353
 32.0	 34.0	0.56764	0.00360
 34.0	 36.0	0.55572	0.00370
 36.0	 38.0	0.53216	0.00385
 38.0	 40.0	0.51724	0.00406
 40.0	 42.0	0.49735	0.00425
 42.0	 44.0	0.47788	0.00447
 44.0	 46.0	0.45022	0.00473
 46.0	 48.0	0.42881	0.00504
 48.0	 50.0	0.40739	0.00560
 50.0	 52.0	0.37745	0.00590
 52.0	 54.0	0.34018	0.00638
 54.0	 56.0	0.31000	0.00679
 56.0	 58.0	0.27519	0.00795
 58.0	 60.0	0.25804	0.00916
 60.0	 62.0	0.21431	0.00929
 62.0	 64.0	0.18470	0.01092
 64.0	 66.0	0.14713	0.01208
 66.0	 68.0	0.14420	0.01753
 68.0	 70.0	0.11857	0.01908
 70.0	 72.0	0.11826	0.03170
 72.0	 74.0	0.11474	0.04493
 74.0	 76.0	0.02134	0.04498
 76.0	 78.0	0.01167	0.02702
 78.0	 80.0	0.01471	0.09124
 80.0	 82.0	0.00121	0.04365
 82.0	 84.0	0.01875	0.03680
 84.0	 86.0	0.02238	0.03732
 86.0	 88.0	0.01887	0.02552
 88.0	 90.0	0.04965	0.03535
 90.0	 92.0	0.03323	0.05500
 92.0	 94.0	0.08275	0.07427
 94.0	 96.0	0.18397	0.64088
 96.0	 98.0	0.23623	0.67274
 98.0	100.0	0.45390	0.40075
