  0.0	  5.0	0.59110	0.00145
  5.0	 10.0	0.76995	0.00091
 10.0	 15.0	0.83757	0.00069
 15.0	 20.0	0.86284	0.00060
 20.0	 25.0	0.86886	0.00058
 25.0	 30.0	0.86259	0.00059
 30.0	 35.0	0.84733	0.00063
 35.0	 40.0	0.82036	0.00071
 40.0	 45.0	0.78419	0.00081
 45.0	 50.0	0.73255	0.00095
 50.0	 55.0	0.66567	0.00112
 55.0	 60.0	0.58299	0.00135
 60.0	 65.0	0.48758	0.00167
 65.0	 70.0	0.38529	0.00213
 70.0	 75.0	0.28111	0.00283
 75.0	 80.0	0.19455	0.00403
 80.0	 85.0	0.11742	0.00578
 85.0	 90.0	0.04510	0.01161
 90.0	 95.0	0.06141	0.03257
 95.0	100.0	0.08961	0.09479
