  0.0	  1.0	0.48591	0.00419
  1.0	  2.0	0.53405	0.00373
  2.0	  3.0	0.59120	0.00323
  3.0	  4.0	0.63902	0.00287
  4.0	  5.0	0.68826	0.00257
  5.0	  6.0	0.72260	0.00236
  6.0	  7.0	0.74954	0.00216
  7.0	  8.0	0.77368	0.00202
  8.0	  9.0	0.79127	0.00188
  9.0	 10.0	0.80900	0.00175
 10.0	 11.0	0.82074	0.00168
 11.0	 12.0	0.83088	0.00159
 12.0	 13.0	0.83842	0.00152
 13.0	 14.0	0.84510	0.00149
 14.0	 15.0	0.85239	0.00144
 15.0	 16.0	0.85656	0.00140
 16.0	 17.0	0.85976	0.00136
 17.0	 18.0	0.86428	0.00133
 18.0	 19.0	0.86571	0.00132
 19.0	 20.0	0.86780	0.00130
 20.0	 21.0	0.86879	0.00130
 21.0	 22.0	0.86866	0.00128
 22.0	 23.0	0.87061	0.00128
 23.0	 24.0	0.86824	0.00128
 24.0	 25.0	0.86800	0.00129
 25.0	 26.0	0.86504	0.00129
 26.0	 27.0	0.86480	0.00130
 27.0	 28.0	0.86410	0.00131
 28.0	 29.0	0.86006	0.00133
 29.0	 30.0	0.85896	0.00134
 30.0	 31.0	0.85540	0.00136
 31.0	 32.0	0.85101	0.00139
 32.0	 33.0	0.84677	0.00141
 33.0	 34.0	0.84427	0.00144
 34.0	 35.0	0.83907	0.00146
 35.0	 36.0	0.83429	0.00149
 36.0	 37.0	0.82626	0.00153
 37.0	 38.0	0.82020	0.00159
 38.0	 39.0	0.81560	0.00162
 39.0	 40.0	0.80510	0.00166
 40.0	 41.0	0.80105	0.00170
 41.0	 42.0	0.79392	0.00176
 42.0	 43.0	0.78233	0.00181
 43.0	 44.0	0.77712	0.00186
 44.0	 45.0	0.76586	0.00195
 45.0	 46.0	0.75302	0.00199
 46.0	 47.0	0.74379	0.00205
 47.0	 48.0	0.73238	0.00211
 48.0	 49.0	0.72410	0.00220
 49.0	 50.0	0.70857	0.00226
 50.0	 51.0	0.69245	0.00234
 51.0	 52.0	0.67792	0.00240
 52.0	 53.0	0.66869	0.00252
 53.0	 54.0	0.65263	0.00259
 54.0	 55.0	0.63517	0.00270
 55.0	 56.0	0.62237	0.00279
 56.0	 57.0	0.60208	0.00290
 57.0	 58.0	0.58012	0.00304
 58.0	 59.0	0.56621	0.00314
 59.0	 60.0	0.54072	0.00326
 60.0	 61.0	0.53182	0.00344
 61.0	 62.0	0.50638	0.00358
 62.0	 63.0	0.48560	0.00373
 63.0	 64.0	0.46357	0.00390
 64.0	 65.0	0.44581	0.00406
 65.0	 66.0	0.42480	0.00433
 66.0	 67.0	0.40662	0.00450
 67.0	 68.0	0.38240	0.00474
 68.0	 69.0	0.36371	0.00512
 69.0	 70.0	0.34315	0.00534
 70.0	 71.0	0.31896	0.00562
 71.0	 72.0	0.29430	0.00585
 72.0	 73.0	0.27887	0.00637
 73.0	 74.0	0.26018	0.00687
 74.0	 75.0	0.24738	0.00735
 75.0	 76.0	0.22879	0.00781
 76.0	 77.0	0.19628	0.00819
 77.0	 78.0	0.19874	0.00940
 78.0	 79.0	0.16637	0.00920
 79.0	 80.0	0.17929	0.01210
 80.0	 81.0	0.15385	0.01174
 81.0	 82.0	0.12482	0.01134
 82.0	 83.0	0.10712	0.01407
 83.0	 84.0	0.08567	0.01285
 84.0	 85.0	0.10273	0.01705
 85.0	 86.0	0.06946	0.02332
 86.0	 87.0	0.01766	0.08587
 87.0	 88.0	0.02836	0.02634
 88.0	 89.0	0.06179	0.02316
 89.0	 90.0	0.02195	0.03845
 90.0	 91.0	0.16391	0.26070
 91.0	 92.0	0.10619	0.06710
 92.0	 93.0	0.05292	0.03883
 93.0	 94.0	0.04737	0.03592
 94.0	 95.0	0.04807	0.17409
 95.0	 96.0	0.10216	0.14251
 96.0	 97.0	0.12020	0.11206
 97.0	 98.0	0.27672	0.40943
 98.0	 99.0	0.03360	0.43011
 99.0	100.0	0.09119	0.66089
