  0.0	  2.0	0.50995	0.00279
  2.0	  4.0	0.61554	0.00215
  4.0	  6.0	0.70556	0.00174
  6.0	  8.0	0.76170	0.00147
  8.0	 10.0	0.80022	0.00128
 10.0	 12.0	0.82584	0.00116
 12.0	 14.0	0.84176	0.00106
 14.0	 16.0	0.85448	0.00100
 16.0	 18.0	0.86203	0.00095
 18.0	 20.0	0.86676	0.00093
 20.0	 22.0	0.86873	0.00091
 22.0	 24.0	0.86943	0.00090
 24.0	 26.0	0.86651	0.00091
 26.0	 28.0	0.86445	0.00092
 28.0	 30.0	0.85951	0.00094
 30.0	 32.0	0.85321	0.00097
 32.0	 34.0	0.84552	0.00101
 34.0	 36.0	0.83668	0.00105
 36.0	 38.0	0.82326	0.00111
 38.0	 40.0	0.81034	0.00116
 40.0	 42.0	0.79752	0.00122
 42.0	 44.0	0.77973	0.00130
 44.0	 46.0	0.75945	0.00139
 46.0	 48.0	0.73809	0.00147
 48.0	 50.0	0.71639	0.00158
 50.0	 52.0	0.68524	0.00167
 52.0	 54.0	0.66070	0.00181
 54.0	 56.0	0.62882	0.00194
 56.0	 58.0	0.59127	0.00210
 58.0	 60.0	0.55366	0.00226
 60.0	 62.0	0.51926	0.00248
 62.0	 64.0	0.47470	0.00270
 64.0	 66.0	0.43542	0.00296
 66.0	 68.0	0.39466	0.00326
 68.0	 70.0	0.35353	0.00369
 70.0	 72.0	0.30685	0.00406
 72.0	 74.0	0.26985	0.00467
 74.0	 76.0	0.23809	0.00535
 76.0	 78.0	0.19725	0.00617
 78.0	 80.0	0.17140	0.00731
 80.0	 82.0	0.13952	0.00814
 82.0	 84.0	0.09673	0.00952
 84.0	 86.0	0.08819	0.01355
 86.0	 88.0	0.02198	0.03592
 88.0	 90.0	0.04898	0.01540
 90.0	 92.0	0.17533	0.18447
 92.0	 94.0	0.00645	0.03177
 94.0	 96.0	0.08479	0.07971
 96.0	 98.0	0.18599	0.14332
 98.0	100.0	0.02417	0.57889
