  0.0	  5.0	0.51724	0.00152
  5.0	 10.0	0.52756	0.00146
 10.0	 15.0	0.51875	0.00146
 15.0	 20.0	0.50259	0.00150
 20.0	 25.0	0.48177	0.00156
 25.0	 30.0	0.45364	0.00165
 30.0	 35.0	0.42540	0.00179
 35.0	 40.0	0.38880	0.00195
 40.0	 45.0	0.34138	0.00219
 45.0	 50.0	0.28939	0.00255
 50.0	 55.0	0.24493	0.00311
 55.0	 60.0	0.18806	0.00403
 60.0	 65.0	0.14412	0.00595
 65.0	 70.0	0.08699	0.00897
 70.0	 75.0	0.05289	0.01358
 75.0	 80.0	0.01653	0.02350
 80.0	 85.0	0.01344	0.18006
 85.0	 90.0	0.00850	0.02924
 90.0	 95.0	0.10444	0.14057
 95.0	100.0	0.08219	0.07894
