  0.0	  2.0	0.50599	0.00247
  2.0	  4.0	0.52161	0.00238
  4.0	  6.0	0.52959	0.00234
  6.0	  8.0	0.52755	0.00230
  8.0	 10.0	0.52729	0.00228
 10.0	 12.0	0.52270	0.00230
 12.0	 14.0	0.51889	0.00233
 14.0	 16.0	0.51071	0.00233
 16.0	 18.0	0.50321	0.00235
 18.0	 20.0	0.49776	0.00239
 20.0	 22.0	0.48884	0.00244
 22.0	 24.0	0.47864	0.00249
 24.0	 26.0	0.46844	0.00253
 26.0	 28.0	0.45490	0.00257
 28.0	 30.0	0.44752	0.00268
 30.0	 32.0	0.43563	0.00276
 32.0	 34.0	0.42234	0.00285
 34.0	 36.0	0.40702	0.00292
 36.0	 38.0	0.39219	0.00305
 38.0	 40.0	0.37771	0.00321
 40.0	 42.0	0.35692	0.00333
 42.0	 44.0	0.33564	0.00350
 44.0	 46.0	0.31434	0.00374
 46.0	 48.0	0.29785	0.00400
 48.0	 50.0	0.27040	0.00421
 50.0	 52.0	0.26055	0.00459
 52.0	 54.0	0.23485	0.00502
 54.0	 56.0	0.22370	0.00570
 56.0	 58.0	0.19464	0.00617
 58.0	 60.0	0.16595	0.00691
 60.0	 62.0	0.15571	0.00782
 62.0	 64.0	0.14025	0.01117
 64.0	 66.0	0.11170	0.01113
 66.0	 68.0	0.09873	0.01598
 68.0	 70.0	0.06988	0.01523
 70.0	 72.0	0.07910	0.02021
 72.0	 74.0	0.02766	0.03689
 74.0	 76.0	0.03401	0.02335
 76.0	 78.0	0.03902	0.06907
 78.0	 80.0	0.02671	0.04577
 80.0	 82.0	0.40798	8.00399
 82.0	 84.0	0.20400	4.21435
 84.0	 86.0	0.04205	0.07282
 86.0	 88.0	0.02744	0.03752
 88.0	 90.0	0.07904	0.17991
 90.0	 92.0	0.03370	0.07724
 92.0	 94.0	0.11559	0.07673
 94.0	 96.0	0.08311	0.13130
 96.0	 98.0	0.04495	0.07863
 98.0	100.0	0.17286	0.18112
