  0.0	  1.0	0.50826	0.00354
  1.0	  2.0	0.50381	0.00345
  2.0	  3.0	0.52048	0.00342
  3.0	  4.0	0.52277	0.00333
  4.0	  5.0	0.53103	0.00331
  5.0	  6.0	0.52815	0.00331
  6.0	  7.0	0.52569	0.00327
  7.0	  8.0	0.52941	0.00323
  8.0	  9.0	0.52859	0.00323
  9.0	 10.0	0.52599	0.00323
 10.0	 11.0	0.52571	0.00327
 11.0	 12.0	0.51970	0.00324
 12.0	 13.0	0.52442	0.00328
 13.0	 14.0	0.51331	0.00330
 14.0	 15.0	0.51053	0.00326
 15.0	 16.0	0.51091	0.00332
 16.0	 17.0	0.50777	0.00333
 17.0	 18.0	0.49862	0.00332
 18.0	 19.0	0.49496	0.00335
 19.0	 20.0	0.50063	0.00342
 20.0	 21.0	0.49175	0.00345
 21.0	 22.0	0.48596	0.00344
 22.0	 23.0	0.48268	0.00349
 23.0	 24.0	0.47455	0.00355
 24.0	 25.0	0.47368	0.00358
 25.0	 26.0	0.46319	0.00357
 26.0	 27.0	0.45704	0.00362
 27.0	 28.0	0.45276	0.00364
 28.0	 29.0	0.45269	0.00380
 29.0	 30.0	0.44236	0.00378
 30.0	 31.0	0.43615	0.00387
 31.0	 32.0	0.43509	0.00395
 32.0	 33.0	0.42300	0.00397
 33.0	 34.0	0.42171	0.00410
 34.0	 35.0	0.41051	0.00409
 35.0	 36.0	0.40350	0.00416
 36.0	 37.0	0.39888	0.00429
 37.0	 38.0	0.38532	0.00436
 38.0	 39.0	0.37977	0.00446
 39.0	 40.0	0.37569	0.00461
 40.0	 41.0	0.35825	0.00461
 41.0	 42.0	0.35561	0.00483
 42.0	 43.0	0.34267	0.00489
 43.0	 44.0	0.32848	0.00500
 44.0	 45.0	0.32023	0.00523
 45.0	 46.0	0.30836	0.00536
 46.0	 47.0	0.30013	0.00558
 47.0	 48.0	0.29554	0.00575
 48.0	 49.0	0.27456	0.00583
 49.0	 50.0	0.26610	0.00608
 50.0	 51.0	0.26735	0.00633
 51.0	 52.0	0.25346	0.00666
 52.0	 53.0	0.23343	0.00702
 53.0	 54.0	0.23630	0.00719
 54.0	 55.0	0.23227	0.00783
 55.0	 56.0	0.21452	0.00832
 56.0	 57.0	0.19775	0.00850
 57.0	 58.0	0.19119	0.00898
 58.0	 59.0	0.17416	0.00979
 59.0	 60.0	0.15750	0.00976
 60.0	 61.0	0.16732	0.01129
 61.0	 62.0	0.14397	0.01084
 62.0	 63.0	0.14036	0.01396
 63.0	 64.0	0.14078	0.01845
 64.0	 65.0	0.12584	0.01623
 65.0	 66.0	0.09223	0.01648
 66.0	 67.0	0.07158	0.01613
 67.0	 68.0	0.16225	0.05874
 68.0	 69.0	0.07853	0.02217
 69.0	 70.0	0.05222	0.02527
 70.0	 71.0	0.08700	0.02769
 71.0	 72.0	0.07047	0.02974
 72.0	 73.0	0.05695	0.04194
 73.0	 74.0	0.00985	0.03564
 74.0	 75.0	0.03036	0.02344
 75.0	 76.0	0.03314	0.06374
 76.0	 77.0	0.00724	0.16229
 77.0	 78.0	0.53930	8.65685
 78.0	 79.0	0.05639	0.04507
 79.0	 80.0	0.10163	0.87481
 80.0	 81.0	0.03323	0.04880
 81.0	 82.0	0.11426	0.09170
 82.0	 83.0	0.18426	2.56848
 83.0	 84.0	0.51971	120.48173
 84.0	 85.0	0.05974	0.06943
 85.0	 86.0	0.08027	0.53730
 86.0	 87.0	0.02777	0.09095
 87.0	 88.0	0.04855	0.03442
 88.0	 89.0	0.41354	9.36203
 89.0	 90.0	0.06114	0.11636
 90.0	 91.0	0.04067	0.04197
 91.0	 92.0	0.03314	0.03787
 92.0	 93.0	0.00979	0.10833
 93.0	 94.0	0.39507	0.89778
 94.0	 95.0	0.02147	0.06660
 95.0	 96.0	0.19351	0.29137
 96.0	 97.0	0.05808	0.11939
 97.0	 98.0	0.10619	0.16485
 98.0	 99.0	0.15156	0.16862
 99.0	100.0	0.34317	4.61016
