  0.0	  5.0	0.59081	0.00145
  5.0	 10.0	0.76976	0.00091
 10.0	 15.0	0.83896	0.00069
 15.0	 20.0	0.86397	0.00060
 20.0	 25.0	0.86972	0.00058
 25.0	 30.0	0.86420	0.00059
 30.0	 35.0	0.84849	0.00063
 35.0	 40.0	0.82322	0.00071
 40.0	 45.0	0.78530	0.00081
 45.0	 50.0	0.73450	0.00095
 50.0	 55.0	0.66878	0.00113
 55.0	 60.0	0.58787	0.00136
 60.0	 65.0	0.49264	0.00169
 65.0	 70.0	0.38717	0.00214
 70.0	 75.0	0.28566	0.00287
 75.0	 80.0	0.18895	0.00392
 80.0	 85.0	0.11822	0.00582
 85.0	 90.0	0.05275	0.01357
 90.0	 95.0	0.03055	0.01621
 95.0	100.0	0.05504	0.05822
