  0.0	  1.0	0.47547	0.00410
  1.0	  2.0	0.53318	0.00373
  2.0	  3.0	0.59424	0.00325
  3.0	  4.0	0.64529	0.00290
  4.0	  5.0	0.68662	0.00257
  5.0	  6.0	0.72112	0.00235
  6.0	  7.0	0.74861	0.00215
  7.0	  8.0	0.77381	0.00202
  8.0	  9.0	0.79316	0.00188
  9.0	 10.0	0.80826	0.00175
 10.0	 11.0	0.82055	0.00168
 11.0	 12.0	0.83418	0.00160
 12.0	 13.0	0.84319	0.00153
 13.0	 14.0	0.84547	0.00149
 14.0	 15.0	0.85114	0.00144
 15.0	 16.0	0.85800	0.00140
 16.0	 17.0	0.86176	0.00136
 17.0	 18.0	0.86385	0.00133
 18.0	 19.0	0.86809	0.00132
 19.0	 20.0	0.86809	0.00130
 20.0	 21.0	0.86773	0.00130
 21.0	 22.0	0.87036	0.00129
 22.0	 23.0	0.87035	0.00128
 23.0	 24.0	0.87210	0.00128
 24.0	 25.0	0.86803	0.00129
 25.0	 26.0	0.86989	0.00130
 26.0	 27.0	0.86685	0.00130
 27.0	 28.0	0.86345	0.00131
 28.0	 29.0	0.86177	0.00134
 29.0	 30.0	0.85904	0.00134
 30.0	 31.0	0.85642	0.00136
 31.0	 32.0	0.85247	0.00140
 32.0	 33.0	0.84762	0.00141
 33.0	 34.0	0.84461	0.00145
 34.0	 35.0	0.84120	0.00147
 35.0	 36.0	0.83426	0.00149
 36.0	 37.0	0.82968	0.00154
 37.0	 38.0	0.82117	0.00160
 38.0	 39.0	0.81842	0.00163
 39.0	 40.0	0.81231	0.00167
 40.0	 41.0	0.80226	0.00170
 41.0	 42.0	0.79452	0.00177
 42.0	 43.0	0.78707	0.00182
 43.0	 44.0	0.77701	0.00186
 44.0	 45.0	0.76489	0.00194
 45.0	 46.0	0.75675	0.00200
 46.0	 47.0	0.74470	0.00205
 47.0	 48.0	0.73484	0.00212
 48.0	 49.0	0.72293	0.00220
 49.0	 50.0	0.71235	0.00227
 50.0	 51.0	0.69812	0.00235
 51.0	 52.0	0.68663	0.00243
 52.0	 53.0	0.66813	0.00252
 53.0	 54.0	0.65248	0.00259
 54.0	 55.0	0.63666	0.00270
 55.0	 56.0	0.62370	0.00279
 56.0	 57.0	0.60566	0.00291
 57.0	 58.0	0.58277	0.00305
 58.0	 59.0	0.56928	0.00316
 59.0	 60.0	0.55536	0.00335
 60.0	 61.0	0.53058	0.00344
 61.0	 62.0	0.51137	0.00362
 62.0	 63.0	0.49260	0.00379
 63.0	 64.0	0.47170	0.00397
 64.0	 65.0	0.45295	0.00413
 65.0	 66.0	0.42532	0.00433
 66.0	 67.0	0.41128	0.00455
 67.0	 68.0	0.38746	0.00481
 68.0	 69.0	0.36343	0.00511
 69.0	 70.0	0.34219	0.00532
 70.0	 71.0	0.32411	0.00571
 71.0	 72.0	0.30704	0.00611
 72.0	 73.0	0.29675	0.00678
 73.0	 74.0	0.25616	0.00676
 74.0	 75.0	0.23677	0.00704
 75.0	 76.0	0.21976	0.00750
 76.0	 77.0	0.20607	0.00860
 77.0	 78.0	0.19611	0.00927
 78.0	 79.0	0.16822	0.00930
 79.0	 80.0	0.14538	0.00981
 80.0	 81.0	0.14337	0.01094
 81.0	 82.0	0.13557	0.01231
 82.0	 83.0	0.09891	0.01300
 83.0	 84.0	0.11502	0.01725
 84.0	 85.0	0.08601	0.01427
 85.0	 86.0	0.05543	0.01861
 86.0	 87.0	0.01435	0.06974
 87.0	 88.0	0.05042	0.04683
 88.0	 89.0	0.07411	0.02778
 89.0	 90.0	0.24598	0.43086
 90.0	 91.0	0.01489	0.02368
 91.0	 92.0	0.03847	0.02431
 92.0	 93.0	0.06944	0.05095
 93.0	 94.0	0.09864	0.07480
 94.0	 95.0	0.01786	0.06467
 95.0	 96.0	0.06831	0.09529
 96.0	 97.0	0.24057	0.22428
 97.0	 98.0	0.10217	0.15117
 98.0	 99.0	1.58472	20.28448
 99.0	100.0	2.82771	20.49340
