  0.0	  2.0	0.50447	0.00276
  2.0	  4.0	0.62026	0.00217
  4.0	  6.0	0.70401	0.00174
  6.0	  8.0	0.76131	0.00147
  8.0	 10.0	0.80077	0.00128
 10.0	 12.0	0.82742	0.00116
 12.0	 14.0	0.84432	0.00107
 14.0	 16.0	0.85457	0.00100
 16.0	 18.0	0.86281	0.00095
 18.0	 20.0	0.86809	0.00093
 20.0	 22.0	0.86905	0.00091
 22.0	 24.0	0.87123	0.00091
 24.0	 26.0	0.86896	0.00092
 26.0	 28.0	0.86514	0.00092
 28.0	 30.0	0.86040	0.00094
 30.0	 32.0	0.85445	0.00097
 32.0	 34.0	0.84612	0.00101
 34.0	 36.0	0.83773	0.00105
 36.0	 38.0	0.82546	0.00111
 38.0	 40.0	0.81536	0.00117
 40.0	 42.0	0.79843	0.00123
 42.0	 44.0	0.78205	0.00130
 44.0	 46.0	0.76082	0.00139
 46.0	 48.0	0.73977	0.00147
 48.0	 50.0	0.71767	0.00158
 50.0	 52.0	0.69241	0.00169
 52.0	 54.0	0.66034	0.00181
 54.0	 56.0	0.63023	0.00194
 56.0	 58.0	0.59439	0.00211
 58.0	 60.0	0.56238	0.00230
 60.0	 62.0	0.52108	0.00249
 62.0	 64.0	0.48226	0.00274
 64.0	 66.0	0.43933	0.00299
 66.0	 68.0	0.39952	0.00330
 68.0	 70.0	0.35292	0.00369
 70.0	 72.0	0.31571	0.00417
 72.0	 74.0	0.27677	0.00479
 74.0	 76.0	0.22826	0.00513
 76.0	 78.0	0.20131	0.00630
 78.0	 80.0	0.15763	0.00672
 80.0	 82.0	0.13983	0.00816
 82.0	 84.0	0.10580	0.01041
 84.0	 86.0	0.07236	0.01112
 86.0	 88.0	0.02489	0.04067
 88.0	 90.0	0.10141	0.03188
 90.0	 92.0	0.01819	0.01914
 92.0	 94.0	0.04979	0.24523
 94.0	 96.0	0.03466	0.03258
 96.0	 98.0	0.15456	0.11910
 98.0	100.0	1.45781	34.91213
