  0.0	  5.0	0.51738	0.00152
  5.0	 10.0	0.52915	0.00146
 10.0	 15.0	0.52060	0.00147
 15.0	 20.0	0.50664	0.00151
 20.0	 25.0	0.48354	0.00157
 25.0	 30.0	0.45799	0.00166
 30.0	 35.0	0.42574	0.00179
 35.0	 40.0	0.38585	0.00194
 40.0	 45.0	0.34595	0.00222
 45.0	 50.0	0.29231	0.00258
 50.0	 55.0	0.23949	0.00304
 55.0	 60.0	0.18360	0.00393
 60.0	 65.0	0.12940	0.00534
 65.0	 70.0	0.08171	0.00843
 70.0	 75.0	0.04588	0.01178
 75.0	 80.0	0.02345	0.03332
 80.0	 85.0	0.00278	0.03728
 85.0	 90.0	0.03042	0.10464
 90.0	 95.0	0.02021	0.02720
 95.0	100.0	0.05391	0.05178
