  0.0	  2.0	0.50844	0.00248
  2.0	  4.0	0.52109	0.00238
  4.0	  6.0	0.52830	0.00233
  6.0	  8.0	0.53055	0.00231
  8.0	 10.0	0.52805	0.00229
 10.0	 12.0	0.52355	0.00231
 12.0	 14.0	0.51737	0.00232
 14.0	 16.0	0.51656	0.00236
 16.0	 18.0	0.50797	0.00238
 18.0	 20.0	0.50260	0.00242
 20.0	 22.0	0.48921	0.00244
 22.0	 24.0	0.48227	0.00251
 24.0	 26.0	0.47330	0.00255
 26.0	 28.0	0.46339	0.00261
 28.0	 30.0	0.44529	0.00267
 30.0	 32.0	0.43347	0.00275
 32.0	 34.0	0.42351	0.00286
 34.0	 36.0	0.40936	0.00294
 36.0	 38.0	0.38963	0.00303
 38.0	 40.0	0.37231	0.00316
 40.0	 42.0	0.35995	0.00336
 42.0	 44.0	0.34172	0.00356
 44.0	 46.0	0.31799	0.00379
 46.0	 48.0	0.29332	0.00394
 48.0	 50.0	0.28165	0.00438
 50.0	 52.0	0.25655	0.00452
 52.0	 54.0	0.23082	0.00494
 54.0	 56.0	0.20779	0.00529
 56.0	 58.0	0.19517	0.00619
 58.0	 60.0	0.16542	0.00689
 60.0	 62.0	0.15420	0.00774
 62.0	 64.0	0.10386	0.00827
 64.0	 66.0	0.10543	0.01050
 66.0	 68.0	0.07826	0.01267
 68.0	 70.0	0.08987	0.01958
 70.0	 72.0	0.05482	0.01401
 72.0	 74.0	0.02200	0.02935
 74.0	 76.0	0.09153	0.06285
 76.0	 78.0	0.01241	0.02196
 78.0	 80.0	0.02038	0.03492
 80.0	 82.0	0.00644	0.12628
 82.0	 84.0	0.00980	0.20235
 84.0	 86.0	0.01517	0.02628
 86.0	 88.0	0.03292	0.04501
 88.0	 90.0	0.01778	0.04047
 90.0	 92.0	0.01785	0.04090
 92.0	 94.0	0.04175	0.02771
 94.0	 96.0	0.04459	0.07044
 96.0	 98.0	0.12028	0.21041
 98.0	100.0	0.33397	0.34994
