  0.0	  1.0	0.50296	0.00350
  1.0	  2.0	0.51404	0.00352
  2.0	  3.0	0.51800	0.00340
  3.0	  4.0	0.52415	0.00334
  4.0	  5.0	0.52805	0.00329
  5.0	  6.0	0.52855	0.00331
  6.0	  7.0	0.52882	0.00329
  7.0	  8.0	0.53227	0.00324
  8.0	  9.0	0.52920	0.00324
  9.0	 10.0	0.52690	0.00324
 10.0	 11.0	0.52340	0.00325
 11.0	 12.0	0.52371	0.00327
 12.0	 13.0	0.51774	0.00324
 13.0	 14.0	0.51703	0.00332
 14.0	 15.0	0.52113	0.00333
 15.0	 16.0	0.51198	0.00333
 16.0	 17.0	0.51274	0.00337
 17.0	 18.0	0.50318	0.00335
 18.0	 19.0	0.50474	0.00341
 19.0	 20.0	0.50041	0.00342
 20.0	 21.0	0.48810	0.00343
 21.0	 22.0	0.49033	0.00347
 22.0	 23.0	0.48738	0.00352
 23.0	 24.0	0.47710	0.00357
 24.0	 25.0	0.47457	0.00358
 25.0	 26.0	0.47202	0.00364
 26.0	 27.0	0.46314	0.00367
 27.0	 28.0	0.46365	0.00372
 28.0	 29.0	0.44761	0.00376
 29.0	 30.0	0.44296	0.00378
 30.0	 31.0	0.43239	0.00384
 31.0	 32.0	0.43459	0.00394
 32.0	 33.0	0.42960	0.00403
 33.0	 34.0	0.41734	0.00406
 34.0	 35.0	0.41437	0.00413
 35.0	 36.0	0.40433	0.00417
 36.0	 37.0	0.39395	0.00423
 37.0	 38.0	0.38518	0.00435
 38.0	 39.0	0.37683	0.00443
 39.0	 40.0	0.36777	0.00451
 40.0	 41.0	0.36546	0.00470
 41.0	 42.0	0.35426	0.00481
 42.0	 43.0	0.34612	0.00494
 43.0	 44.0	0.33727	0.00514
 44.0	 45.0	0.32503	0.00531
 45.0	 46.0	0.31084	0.00540
 46.0	 47.0	0.30045	0.00559
 47.0	 48.0	0.28618	0.00556
 48.0	 49.0	0.29060	0.00617
 49.0	 50.0	0.27252	0.00622
 50.0	 51.0	0.26677	0.00632
 51.0	 52.0	0.24600	0.00646
 52.0	 53.0	0.23259	0.00699
 53.0	 54.0	0.22904	0.00697
 54.0	 55.0	0.22016	0.00742
 55.0	 56.0	0.19488	0.00756
 56.0	 57.0	0.20570	0.00884
 57.0	 58.0	0.18445	0.00867
 58.0	 59.0	0.16457	0.00925
 59.0	 60.0	0.16655	0.01032
 60.0	 61.0	0.15222	0.01027
 61.0	 62.0	0.15662	0.01179
 62.0	 63.0	0.11937	0.01187
 63.0	 64.0	0.08796	0.01153
 64.0	 65.0	0.12752	0.01645
 65.0	 66.0	0.08148	0.01456
 66.0	 67.0	0.08840	0.01992
 67.0	 68.0	0.05620	0.02035
 68.0	 69.0	0.06949	0.01962
 69.0	 70.0	0.13589	0.06577
 70.0	 71.0	0.05936	0.01889
 71.0	 72.0	0.04977	0.02100
 72.0	 73.0	0.03028	0.02230
 73.0	 74.0	0.05113	0.18503
 74.0	 75.0	0.07315	0.05647
 75.0	 76.0	0.11980	0.23041
 76.0	 77.0	0.30759	6.89806
 77.0	 78.0	0.00590	0.09468
 78.0	 79.0	0.03943	0.03151
 79.0	 80.0	0.03201	0.27554
 80.0	 81.0	0.05707	0.08379
 81.0	 82.0	0.02946	0.02364
 82.0	 83.0	0.00724	0.10086
 83.0	 84.0	0.00519	1.20320
 84.0	 85.0	0.03202	0.03721
 85.0	 86.0	0.00842	0.05639
 86.0	 87.0	0.02568	0.08410
 87.0	 88.0	0.05533	0.03923
 88.0	 89.0	0.01062	0.24039
 89.0	 90.0	0.03159	0.06012
 90.0	 91.0	0.06151	0.06346
 91.0	 92.0	0.13002	0.14858
 92.0	 93.0	0.21416	2.36859
 93.0	 94.0	0.02250	0.05113
 94.0	 95.0	0.06210	0.19267
 95.0	 96.0	0.04297	0.06469
 96.0	 97.0	0.07823	0.16081
 97.0	 98.0	0.07361	0.11426
 98.0	 99.0	0.29180	0.32464
 99.0	100.0	0.80861	10.86288
