  0.0	  5.0	0.50533	0.00129
  5.0	 10.0	0.67726	0.00085
 10.0	 15.0	0.75620	0.00067
 15.0	 20.0	0.79334	0.00060
 20.0	 25.0	0.80605	0.00058
 25.0	 30.0	0.80294	0.00059
 30.0	 35.0	0.78901	0.00064
 35.0	 40.0	0.76250	0.00071
 40.0	 45.0	0.72339	0.00080
 45.0	 50.0	0.67284	0.00093
 50.0	 55.0	0.60702	0.00110
 55.0	 60.0	0.53082	0.00132
 60.0	 65.0	0.44283	0.00164
 65.0	 70.0	0.35668	0.00213
 70.0	 75.0	0.27433	0.00298
 75.0	 80.0	0.19732	0.00445
 80.0	 85.0	0.15930	0.00871
 85.0	 90.0	0.11515	0.01922
 90.0	 95.0	0.25648	0.51330
 95.0	100.0	0.06765	0.07106
