  0.0	  2.0	0.43006	0.00242
  2.0	  4.0	0.52739	0.00192
  4.0	  6.0	0.61039	0.00159
  6.0	  8.0	0.66736	0.00137
  8.0	 10.0	0.71092	0.00122
 10.0	 12.0	0.74057	0.00112
 12.0	 14.0	0.76191	0.00104
 14.0	 16.0	0.77885	0.00099
 16.0	 18.0	0.79246	0.00094
 18.0	 20.0	0.79979	0.00093
 20.0	 22.0	0.80429	0.00092
 22.0	 24.0	0.80612	0.00091
 24.0	 26.0	0.80761	0.00092
 26.0	 28.0	0.80416	0.00093
 28.0	 30.0	0.80026	0.00095
 30.0	 32.0	0.79474	0.00098
 32.0	 34.0	0.78843	0.00101
 34.0	 36.0	0.77752	0.00105
 36.0	 38.0	0.76496	0.00111
 38.0	 40.0	0.75289	0.00115
 40.0	 42.0	0.73731	0.00121
 42.0	 44.0	0.72109	0.00128
 44.0	 46.0	0.69703	0.00137
 46.0	 48.0	0.67873	0.00145
 48.0	 50.0	0.65555	0.00154
 50.0	 52.0	0.62743	0.00164
 52.0	 54.0	0.59949	0.00176
 54.0	 56.0	0.57057	0.00189
 56.0	 58.0	0.54062	0.00205
 58.0	 60.0	0.50478	0.00221
 60.0	 62.0	0.46786	0.00241
 62.0	 64.0	0.43616	0.00267
 64.0	 66.0	0.39584	0.00294
 66.0	 68.0	0.36312	0.00326
 68.0	 70.0	0.33240	0.00373
 70.0	 72.0	0.29669	0.00425
 72.0	 74.0	0.26213	0.00489
 74.0	 76.0	0.23564	0.00575
 76.0	 78.0	0.19462	0.00668
 78.0	 80.0	0.18901	0.00858
 80.0	 82.0	0.15677	0.01040
 82.0	 84.0	0.16269	0.01750
 84.0	 86.0	0.15673	0.02374
 86.0	 88.0	0.13931	0.06299
 88.0	 90.0	0.09141	0.02172
 90.0	 92.0	0.21206	0.50402
 92.0	 94.0	0.22320	0.41385
 94.0	 96.0	0.24746	1.88353
 96.0	 98.0	0.12754	0.07873
 98.0	100.0	0.03324	0.26989
