  0.0	  5.0	0.49256	0.00155
  5.0	 10.0	0.51931	0.00153
 10.0	 15.0	0.51998	0.00157
 15.0	 20.0	0.51016	0.00163
 20.0	 25.0	0.49614	0.00173
 25.0	 30.0	0.47487	0.00185
 30.0	 35.0	0.44340	0.00199
 35.0	 40.0	0.40779	0.00222
 40.0	 45.0	0.36586	0.00252
 45.0	 50.0	0.32258	0.00304
 50.0	 55.0	0.26659	0.00365
 55.0	 60.0	0.20385	0.00474
 60.0	 65.0	0.14951	0.00650
 65.0	 70.0	0.09722	0.01072
 70.0	 75.0	0.05477	0.01926
 75.0	 80.0	0.01683	0.07434
 80.0	 85.0	0.02932	0.52293
 85.0	 90.0	0.04904	0.21396
 90.0	 95.0	0.06441	0.07299
 95.0	100.0	0.28387	0.55496
