  0.0	  2.0	0.43158	0.00242
  2.0	  4.0	0.53176	0.00193
  4.0	  6.0	0.61255	0.00159
  6.0	  8.0	0.67030	0.00137
  8.0	 10.0	0.71448	0.00121
 10.0	 12.0	0.74465	0.00111
 12.0	 14.0	0.76644	0.00104
 14.0	 16.0	0.78369	0.00099
 16.0	 18.0	0.79573	0.00094
 18.0	 20.0	0.80259	0.00092
 20.0	 22.0	0.80819	0.00091
 22.0	 24.0	0.80847	0.00091
 24.0	 26.0	0.80816	0.00092
 26.0	 28.0	0.80772	0.00093
 28.0	 30.0	0.80583	0.00095
 30.0	 32.0	0.79884	0.00097
 32.0	 34.0	0.79136	0.00101
 34.0	 36.0	0.77864	0.00105
 36.0	 38.0	0.76936	0.00111
 38.0	 40.0	0.75669	0.00115
 40.0	 42.0	0.73864	0.00122
 42.0	 44.0	0.72324	0.00128
 44.0	 46.0	0.70089	0.00137
 46.0	 48.0	0.68416	0.00145
 48.0	 50.0	0.65757	0.00154
 50.0	 52.0	0.63443	0.00164
 52.0	 54.0	0.60451	0.00176
 54.0	 56.0	0.57591	0.00189
 56.0	 58.0	0.54491	0.00206
 58.0	 60.0	0.50975	0.00222
 60.0	 62.0	0.47456	0.00242
 62.0	 64.0	0.43991	0.00268
 64.0	 66.0	0.40737	0.00296
 66.0	 68.0	0.36497	0.00327
 68.0	 70.0	0.33917	0.00376
 70.0	 72.0	0.31007	0.00432
 72.0	 74.0	0.26180	0.00489
 74.0	 76.0	0.23844	0.00580
 76.0	 78.0	0.20661	0.00682
 78.0	 80.0	0.18367	0.00869
 80.0	 82.0	0.15226	0.01072
 82.0	 84.0	0.18181	0.01922
 84.0	 86.0	0.14532	0.02818
 86.0	 88.0	0.24508	0.13703
 88.0	 90.0	0.07946	0.02825
 90.0	 92.0	0.19798	0.24524
 92.0	 94.0	0.05519	0.21313
 94.0	 96.0	0.12578	0.10303
 96.0	 98.0	0.11483	0.32231
 98.0	100.0	0.12440	0.34529
