  0.0	  2.0	0.47747	0.00248
  2.0	  4.0	0.49494	0.00243
  4.0	  6.0	0.51307	0.00241
  6.0	  8.0	0.51829	0.00242
  8.0	 10.0	0.52025	0.00242
 10.0	 12.0	0.51623	0.00246
 12.0	 14.0	0.51515	0.00249
 14.0	 16.0	0.51106	0.00252
 16.0	 18.0	0.50750	0.00256
 18.0	 20.0	0.50377	0.00260
 20.0	 22.0	0.49533	0.00268
 22.0	 24.0	0.48891	0.00274
 24.0	 26.0	0.47844	0.00280
 26.0	 28.0	0.47761	0.00290
 28.0	 30.0	0.46314	0.00299
 30.0	 32.0	0.44767	0.00307
 32.0	 34.0	0.43198	0.00316
 34.0	 36.0	0.42206	0.00329
 36.0	 38.0	0.40898	0.00347
 38.0	 40.0	0.39313	0.00362
 40.0	 42.0	0.37538	0.00379
 42.0	 44.0	0.36126	0.00404
 44.0	 46.0	0.34239	0.00437
 46.0	 48.0	0.33058	0.00474
 48.0	 50.0	0.30206	0.00505
 50.0	 52.0	0.27758	0.00534
 52.0	 54.0	0.26446	0.00607
 54.0	 56.0	0.23298	0.00642
 56.0	 58.0	0.20073	0.00700
 58.0	 60.0	0.18993	0.00856
 60.0	 62.0	0.15807	0.00883
 62.0	 64.0	0.16126	0.01262
 64.0	 66.0	0.10520	0.01240
 66.0	 68.0	0.09703	0.01604
 68.0	 70.0	0.10562	0.01962
 70.0	 72.0	0.08780	0.02335
 72.0	 74.0	0.16502	0.21856
 74.0	 76.0	0.00477	0.03658
 76.0	 78.0	0.02916	0.06764
 78.0	 80.0	0.03172	0.15273
 80.0	 82.0	0.01776	0.02975
 82.0	 84.0	0.03175	0.03828
 84.0	 86.0	0.18258	0.73890
 86.0	 88.0	0.02875	0.04007
 88.0	 90.0	0.02803	0.05853
 90.0	 92.0	0.00180	1.86670
 92.0	 94.0	0.05427	0.09221
 94.0	 96.0	0.07758	0.05919
 96.0	 98.0	0.11346	0.14874
 98.0	100.0	0.26194	0.36777
