  0.0	  5.0	0.52817	0.00130
  5.0	 10.0	0.71433	0.00084
 10.0	 15.0	0.79535	0.00066
 15.0	 20.0	0.83043	0.00058
 20.0	 25.0	0.84161	0.00056
 25.0	 30.0	0.83998	0.00057
 30.0	 35.0	0.82715	0.00062
 35.0	 40.0	0.80330	0.00069
 40.0	 45.0	0.76656	0.00079
 45.0	 50.0	0.71805	0.00093
 50.0	 55.0	0.65595	0.00110
 55.0	 60.0	0.57851	0.00134
 60.0	 65.0	0.49153	0.00168
 65.0	 70.0	0.39784	0.00220
 70.0	 75.0	0.30603	0.00308
 75.0	 80.0	0.22003	0.00456
 80.0	 85.0	0.17515	0.00862
 85.0	 90.0	0.20089	0.05170
 90.0	 95.0	0.13092	0.06944
 95.0	100.0	0.09199	0.09730
