  0.0	  5.0	0.49105	0.00155
  5.0	 10.0	0.51858	0.00153
 10.0	 15.0	0.51502	0.00157
 15.0	 20.0	0.50648	0.00163
 20.0	 25.0	0.49006	0.00172
 25.0	 30.0	0.47138	0.00184
 30.0	 35.0	0.43654	0.00198
 35.0	 40.0	0.40529	0.00221
 40.0	 45.0	0.36459	0.00251
 45.0	 50.0	0.32055	0.00303
 50.0	 55.0	0.26441	0.00363
 55.0	 60.0	0.20256	0.00473
 60.0	 65.0	0.14721	0.00646
 65.0	 70.0	0.10564	0.01107
 70.0	 75.0	0.08246	0.02262
 75.0	 80.0	0.02043	0.03681
 80.0	 85.0	0.07144	0.14369
 85.0	 90.0	0.04287	0.04844
 90.0	 95.0	0.01646	0.03511
 95.0	100.0	0.06637	0.06104
