  0.0	  1.0	0.46776	0.00346
  1.0	  2.0	0.48094	0.00354
  2.0	  3.0	0.49678	0.00346
  3.0	  4.0	0.50481	0.00343
  4.0	  5.0	0.51265	0.00340
  5.0	  6.0	0.51377	0.00343
  6.0	  7.0	0.51887	0.00344
  7.0	  8.0	0.51909	0.00341
  8.0	  9.0	0.52212	0.00342
  9.0	 10.0	0.52258	0.00344
 10.0	 11.0	0.52648	0.00349
 11.0	 12.0	0.52172	0.00350
 12.0	 13.0	0.51483	0.00350
 13.0	 14.0	0.52348	0.00358
 14.0	 15.0	0.51339	0.00355
 15.0	 16.0	0.51562	0.00359
 16.0	 17.0	0.51325	0.00359
 17.0	 18.0	0.51050	0.00367
 18.0	 19.0	0.51035	0.00371
 19.0	 20.0	0.50104	0.00367
 20.0	 21.0	0.50145	0.00380
 21.0	 22.0	0.49743	0.00380
 22.0	 23.0	0.48943	0.00383
 23.0	 24.0	0.49755	0.00395
 24.0	 25.0	0.49498	0.00396
 25.0	 26.0	0.47873	0.00399
 26.0	 27.0	0.48389	0.00411
 27.0	 28.0	0.47604	0.00410
 28.0	 29.0	0.46748	0.00421
 29.0	 30.0	0.46815	0.00429
 30.0	 31.0	0.45987	0.00437
 31.0	 32.0	0.44899	0.00434
 32.0	 33.0	0.44328	0.00445
 33.0	 34.0	0.43556	0.00454
 34.0	 35.0	0.42857	0.00461
 35.0	 36.0	0.43196	0.00475
 36.0	 37.0	0.41526	0.00482
 37.0	 38.0	0.40339	0.00500
 38.0	 39.0	0.39415	0.00508
 39.0	 40.0	0.39267	0.00517
 40.0	 41.0	0.38359	0.00532
 41.0	 42.0	0.36918	0.00542
 42.0	 43.0	0.36674	0.00561
 43.0	 44.0	0.35898	0.00585
 44.0	 45.0	0.34982	0.00608
 45.0	 46.0	0.34784	0.00639
 46.0	 47.0	0.33532	0.00660
 47.0	 48.0	0.31643	0.00673
 48.0	 49.0	0.30519	0.00693
 49.0	 50.0	0.30617	0.00742
 50.0	 51.0	0.28805	0.00733
 51.0	 52.0	0.28579	0.00802
 52.0	 53.0	0.27104	0.00866
 53.0	 54.0	0.24136	0.00834
 54.0	 55.0	0.24364	0.00867
 55.0	 56.0	0.23548	0.00982
 56.0	 57.0	0.21123	0.00957
 57.0	 58.0	0.17890	0.01004
 58.0	 59.0	0.21133	0.01224
 59.0	 60.0	0.18012	0.01230
 60.0	 61.0	0.15837	0.01211
 61.0	 62.0	0.16108	0.01307
 62.0	 63.0	0.14224	0.01540
 63.0	 64.0	0.13974	0.01894
 64.0	 65.0	0.14556	0.01589
 65.0	 66.0	0.10618	0.02409
 66.0	 67.0	0.11886	0.02864
 67.0	 68.0	0.11764	0.02168
 68.0	 69.0	0.05125	0.02926
 69.0	 70.0	0.06943	0.02572
 70.0	 71.0	0.08546	0.02815
 71.0	 72.0	0.04473	0.03253
 72.0	 73.0	0.03956	0.07208
 73.0	 74.0	0.11570	0.21899
 74.0	 75.0	0.02562	0.04312
 75.0	 76.0	0.02324	0.04241
 76.0	 77.0	0.04404	0.04205
 77.0	 78.0	0.02430	0.02863
 78.0	 79.0	0.01650	0.03360
 79.0	 80.0	0.01926	0.02995
 80.0	 81.0	0.06219	0.09917
 81.0	 82.0	0.05712	0.03753
 82.0	 83.0	0.02452	0.03738
 83.0	 84.0	0.00111	0.06920
 84.0	 85.0	0.26496	1.45738
 85.0	 86.0	0.04637	0.16010
 86.0	 87.0	0.00690	0.08841
 87.0	 88.0	0.00908	0.06181
 88.0	 89.0	0.08086	0.31912
 89.0	 90.0	0.00737	0.20734
 90.0	 91.0	0.03524	0.04214
 91.0	 92.0	0.08301	0.43059
 92.0	 93.0	0.13150	2.98647
 93.0	 94.0	0.03825	0.07371
 94.0	 95.0	0.07071	0.08172
 95.0	 96.0	0.00306	1.74885
 96.0	 97.0	0.16394	0.12988
 97.0	 98.0	0.22753	0.25134
 98.0	 99.0	0.11407	0.94354
 99.0	100.0	0.23618	0.40600
