  0.0	  1.0	0.40620	0.00358
  1.0	  2.0	0.45668	0.00327
  2.0	  3.0	0.50743	0.00287
  3.0	  4.0	0.55508	0.00258
  4.0	  5.0	0.59557	0.00233
  5.0	  6.0	0.62921	0.00216
  6.0	  7.0	0.66022	0.00201
  7.0	  8.0	0.68025	0.00188
  8.0	  9.0	0.70785	0.00177
  9.0	 10.0	0.72100	0.00167
 10.0	 11.0	0.73959	0.00161
 11.0	 12.0	0.74965	0.00154
 12.0	 13.0	0.76176	0.00149
 13.0	 14.0	0.77112	0.00146
 14.0	 15.0	0.78129	0.00141
 15.0	 16.0	0.78609	0.00138
 16.0	 17.0	0.79376	0.00135
 17.0	 18.0	0.79768	0.00132
 18.0	 19.0	0.80215	0.00131
 19.0	 20.0	0.80303	0.00130
 20.0	 21.0	0.80714	0.00130
 21.0	 22.0	0.80923	0.00128
 22.0	 23.0	0.80892	0.00129
 23.0	 24.0	0.80803	0.00129
 24.0	 25.0	0.80946	0.00129
 25.0	 26.0	0.80686	0.00130
 26.0	 27.0	0.80847	0.00131
 27.0	 28.0	0.80698	0.00131
 28.0	 29.0	0.80710	0.00134
 29.0	 30.0	0.80458	0.00135
 30.0	 31.0	0.80062	0.00136
 31.0	 32.0	0.79704	0.00139
 32.0	 33.0	0.79309	0.00142
 33.0	 34.0	0.78961	0.00145
 34.0	 35.0	0.78051	0.00147
 35.0	 36.0	0.77677	0.00150
 36.0	 37.0	0.77142	0.00154
 37.0	 38.0	0.76726	0.00159
 38.0	 39.0	0.76029	0.00161
 39.0	 40.0	0.75311	0.00165
 40.0	 41.0	0.74185	0.00169
 41.0	 42.0	0.73536	0.00175
 42.0	 43.0	0.72965	0.00179
 43.0	 44.0	0.71679	0.00183
 44.0	 45.0	0.70332	0.00191
 45.0	 46.0	0.69848	0.00196
 46.0	 47.0	0.68990	0.00202
 47.0	 48.0	0.67840	0.00208
 48.0	 49.0	0.66623	0.00214
 49.0	 50.0	0.64879	0.00221
 50.0	 51.0	0.63919	0.00229
 51.0	 52.0	0.62961	0.00236
 52.0	 53.0	0.61314	0.00245
 53.0	 54.0	0.59577	0.00254
 54.0	 55.0	0.58381	0.00263
 55.0	 56.0	0.56787	0.00271
 56.0	 57.0	0.55040	0.00282
 57.0	 58.0	0.53934	0.00300
 58.0	 59.0	0.51743	0.00306
 59.0	 60.0	0.50188	0.00321
 60.0	 61.0	0.48512	0.00333
 61.0	 62.0	0.46373	0.00351
 62.0	 63.0	0.44964	0.00369
 63.0	 64.0	0.42996	0.00388
 64.0	 65.0	0.41582	0.00405
 65.0	 66.0	0.39879	0.00432
 66.0	 67.0	0.36898	0.00446
 67.0	 68.0	0.36099	0.00481
 68.0	 69.0	0.34433	0.00515
 69.0	 70.0	0.33405	0.00549
 70.0	 71.0	0.31580	0.00587
 71.0	 72.0	0.30423	0.00637
 72.0	 73.0	0.26617	0.00651
 73.0	 74.0	0.25771	0.00739
 74.0	 75.0	0.24095	0.00791
 75.0	 76.0	0.23617	0.00853
 76.0	 77.0	0.20950	0.00958
 77.0	 78.0	0.20357	0.00971
 78.0	 79.0	0.18005	0.01198
 79.0	 80.0	0.18722	0.01269
 80.0	 81.0	0.13083	0.01385
 81.0	 82.0	0.17709	0.01758
 82.0	 83.0	0.19128	0.02868
 83.0	 84.0	0.17029	0.02564
 84.0	 85.0	0.13419	0.02760
 85.0	 86.0	0.17862	0.08537
 86.0	 87.0	0.79468	6.78676
 87.0	 88.0	0.17251	0.07067
 88.0	 89.0	0.07660	0.03274
 89.0	 90.0	0.07559	0.05243
 90.0	 91.0	0.08605	0.08845
 91.0	 92.0	0.25212	0.42453
 92.0	 93.0	0.05593	0.06198
 93.0	 94.0	0.07529	0.06332
 94.0	 95.0	0.27065	0.62907
 95.0	 96.0	0.09661	0.09934
 96.0	 97.0	0.04566	0.35000
 97.0	 98.0	0.76081	29.43345
 98.0	 99.0	0.18789	0.27585
 99.0	100.0	0.58451	1.73483
