  0.0	  1.0	0.40827	0.00359
  1.0	  2.0	0.45177	0.00326
  2.0	  3.0	0.50451	0.00287
  3.0	  4.0	0.54938	0.00258
  4.0	  5.0	0.59513	0.00233
  5.0	  6.0	0.62540	0.00216
  6.0	  7.0	0.65697	0.00200
  7.0	  8.0	0.67760	0.00188
  8.0	  9.0	0.70062	0.00177
  9.0	 10.0	0.72100	0.00167
 10.0	 11.0	0.73415	0.00161
 11.0	 12.0	0.74690	0.00154
 12.0	 13.0	0.75662	0.00149
 13.0	 14.0	0.76719	0.00146
 14.0	 15.0	0.77559	0.00142
 15.0	 16.0	0.78211	0.00138
 16.0	 17.0	0.79005	0.00135
 17.0	 18.0	0.79485	0.00132
 18.0	 19.0	0.79849	0.00132
 19.0	 20.0	0.80109	0.00130
 20.0	 21.0	0.80046	0.00131
 21.0	 22.0	0.80809	0.00128
 22.0	 23.0	0.80722	0.00128
 23.0	 24.0	0.80501	0.00129
 24.0	 25.0	0.80944	0.00129
 25.0	 26.0	0.80580	0.00130
 26.0	 27.0	0.80619	0.00131
 27.0	 28.0	0.80216	0.00132
 28.0	 29.0	0.80231	0.00135
 29.0	 30.0	0.79823	0.00135
 30.0	 31.0	0.79683	0.00137
 31.0	 32.0	0.79264	0.00140
 32.0	 33.0	0.79028	0.00142
 33.0	 34.0	0.78656	0.00145
 34.0	 35.0	0.77860	0.00147
 35.0	 36.0	0.77645	0.00150
 36.0	 37.0	0.76896	0.00154
 37.0	 38.0	0.76088	0.00160
 38.0	 39.0	0.75646	0.00161
 39.0	 40.0	0.74934	0.00165
 40.0	 41.0	0.74204	0.00169
 41.0	 42.0	0.73248	0.00175
 42.0	 43.0	0.72402	0.00179
 43.0	 44.0	0.71815	0.00183
 44.0	 45.0	0.69936	0.00191
 45.0	 46.0	0.69471	0.00196
 46.0	 47.0	0.68582	0.00202
 47.0	 48.0	0.67160	0.00208
 48.0	 49.0	0.66404	0.00214
 49.0	 50.0	0.64693	0.00222
 50.0	 51.0	0.63366	0.00229
 51.0	 52.0	0.62112	0.00236
 52.0	 53.0	0.60447	0.00245
 53.0	 54.0	0.59448	0.00254
 54.0	 55.0	0.57978	0.00263
 55.0	 56.0	0.56117	0.00271
 56.0	 57.0	0.54806	0.00282
 57.0	 58.0	0.53300	0.00299
 58.0	 59.0	0.51306	0.00305
 59.0	 60.0	0.49629	0.00321
 60.0	 61.0	0.47557	0.00332
 61.0	 62.0	0.46001	0.00351
 62.0	 63.0	0.44867	0.00369
 63.0	 64.0	0.42331	0.00387
 64.0	 65.0	0.40266	0.00402
 65.0	 66.0	0.38895	0.00429
 66.0	 67.0	0.36964	0.00447
 67.0	 68.0	0.35658	0.00478
 68.0	 69.0	0.34024	0.00512
 69.0	 70.0	0.32446	0.00543
 70.0	 71.0	0.30195	0.00578
 71.0	 72.0	0.29134	0.00626
 72.0	 73.0	0.27080	0.00655
 73.0	 74.0	0.25325	0.00735
 74.0	 75.0	0.25099	0.00798
 75.0	 76.0	0.22003	0.00829
 76.0	 77.0	0.20001	0.00953
 77.0	 78.0	0.18891	0.00937
 78.0	 79.0	0.19404	0.01197
 79.0	 80.0	0.18387	0.01232
 80.0	 81.0	0.15195	0.01355
 81.0	 82.0	0.16238	0.01642
 82.0	 83.0	0.17829	0.02591
 83.0	 84.0	0.14523	0.02345
 84.0	 85.0	0.17490	0.03124
 85.0	 86.0	0.13559	0.03650
 86.0	 87.0	0.09004	0.04188
 87.0	 88.0	0.41531	1.68385
 88.0	 89.0	0.08661	0.02258
 89.0	 90.0	0.11844	0.07256
 90.0	 91.0	0.55365	3.96111
 91.0	 92.0	0.25393	0.52094
 92.0	 93.0	0.60844	6.80089
 93.0	 94.0	0.01667	1.01617
 94.0	 95.0	0.06861	0.18659
 95.0	 96.0	0.11967	0.16507
 96.0	 97.0	0.06290	0.10690
 97.0	 98.0	0.34475	0.69435
 98.0	 99.0	0.10136	0.16201
 99.0	100.0	1.35467	4.57137
