  0.0	  2.0	0.44477	0.00244
  2.0	  4.0	0.55365	0.00194
  4.0	  6.0	0.64307	0.00159
  6.0	  8.0	0.70414	0.00136
  8.0	 10.0	0.74899	0.00120
 10.0	 12.0	0.77852	0.00109
 12.0	 14.0	0.80263	0.00102
 14.0	 16.0	0.81673	0.00096
 16.0	 18.0	0.83052	0.00091
 18.0	 20.0	0.83579	0.00089
 20.0	 22.0	0.84067	0.00088
 22.0	 24.0	0.84261	0.00088
 24.0	 26.0	0.84159	0.00089
 26.0	 28.0	0.84073	0.00090
 28.0	 30.0	0.83838	0.00092
 30.0	 32.0	0.83218	0.00095
 32.0	 34.0	0.82645	0.00099
 34.0	 36.0	0.81709	0.00102
 36.0	 38.0	0.80727	0.00108
 38.0	 40.0	0.79292	0.00113
 40.0	 42.0	0.77950	0.00120
 42.0	 44.0	0.76325	0.00127
 44.0	 46.0	0.74301	0.00136
 46.0	 48.0	0.72550	0.00145
 48.0	 50.0	0.69946	0.00154
 50.0	 52.0	0.67544	0.00165
 52.0	 54.0	0.65075	0.00178
 54.0	 56.0	0.61955	0.00191
 56.0	 58.0	0.58763	0.00208
 58.0	 60.0	0.55102	0.00225
 60.0	 62.0	0.51654	0.00247
 62.0	 64.0	0.48267	0.00274
 64.0	 66.0	0.44545	0.00303
 66.0	 68.0	0.40748	0.00337
 68.0	 70.0	0.36785	0.00384
 70.0	 72.0	0.33370	0.00441
 72.0	 74.0	0.29144	0.00504
 74.0	 76.0	0.26440	0.00594
 76.0	 78.0	0.21791	0.00682
 78.0	 80.0	0.20437	0.00872
 80.0	 82.0	0.17809	0.01040
 82.0	 84.0	0.17883	0.01760
 84.0	 86.0	0.17926	0.02754
 86.0	 88.0	0.45385	0.74165
 88.0	 90.0	0.09323	0.02931
 90.0	 92.0	0.06503	0.06842
 92.0	 94.0	0.15473	0.76208
 94.0	 96.0	0.19921	0.18726
 96.0	 98.0	0.06608	0.05092
 98.0	100.0	0.04324	1.03561
