  0.0	  1.0	0.50706	0.00353
  1.0	  2.0	0.52957	0.00363
  2.0	  3.0	0.53760	0.00353
  3.0	  4.0	0.55151	0.00351
  4.0	  5.0	0.55785	0.00347
  5.0	  6.0	0.55986	0.00351
  6.0	  7.0	0.56455	0.00352
  7.0	  8.0	0.57389	0.00350
  8.0	  9.0	0.57414	0.00351
  9.0	 10.0	0.57401	0.00353
 10.0	 11.0	0.57363	0.00357
 11.0	 12.0	0.57408	0.00358
 12.0	 13.0	0.57568	0.00361
 13.0	 14.0	0.57026	0.00366
 14.0	 15.0	0.57143	0.00365
 15.0	 16.0	0.56653	0.00369
 16.0	 17.0	0.56021	0.00368
 17.0	 18.0	0.56877	0.00379
 18.0	 19.0	0.56582	0.00382
 19.0	 20.0	0.55157	0.00377
 20.0	 21.0	0.55879	0.00392
 21.0	 22.0	0.55450	0.00392
 22.0	 23.0	0.54787	0.00396
 23.0	 24.0	0.54420	0.00407
 24.0	 25.0	0.53824	0.00406
 25.0	 26.0	0.53615	0.00414
 26.0	 27.0	0.53663	0.00426
 27.0	 28.0	0.52747	0.00423
 28.0	 29.0	0.51709	0.00434
 29.0	 30.0	0.51920	0.00444
 30.0	 31.0	0.51018	0.00453
 31.0	 32.0	0.49405	0.00448
 32.0	 33.0	0.49027	0.00460
 33.0	 34.0	0.48361	0.00470
 34.0	 35.0	0.48058	0.00479
 35.0	 36.0	0.47656	0.00492
 36.0	 37.0	0.46767	0.00502
 37.0	 38.0	0.46577	0.00527
 38.0	 39.0	0.45430	0.00534
 39.0	 40.0	0.43844	0.00538
 40.0	 41.0	0.42999	0.00553
 41.0	 42.0	0.41695	0.00566
 42.0	 43.0	0.40942	0.00585
 43.0	 44.0	0.39872	0.00607
 44.0	 45.0	0.38501	0.00629
 45.0	 46.0	0.38216	0.00664
 46.0	 47.0	0.36789	0.00684
 47.0	 48.0	0.36725	0.00714
 48.0	 49.0	0.34081	0.00723
 49.0	 50.0	0.33887	0.00774
 50.0	 51.0	0.32194	0.00763
 51.0	 52.0	0.31943	0.00839
 52.0	 53.0	0.30169	0.00907
 53.0	 54.0	0.29597	0.00901
 54.0	 55.0	0.26475	0.00893
 55.0	 56.0	0.26733	0.01037
 56.0	 57.0	0.22930	0.00986
 57.0	 58.0	0.23738	0.01115
 58.0	 59.0	0.22235	0.01250
 59.0	 60.0	0.21186	0.01313
 60.0	 61.0	0.18964	0.01279
 61.0	 62.0	0.18270	0.01375
 62.0	 63.0	0.16367	0.01628
 63.0	 64.0	0.15478	0.02029
 64.0	 65.0	0.11293	0.01457
 65.0	 66.0	0.17716	0.03165
 66.0	 67.0	0.13948	0.03144
 67.0	 68.0	0.06070	0.02197
 68.0	 69.0	0.10866	0.03068
 69.0	 70.0	0.04933	0.02388
 70.0	 71.0	0.09481	0.03017
 71.0	 72.0	0.09582	0.04044
 72.0	 73.0	0.11448	0.08431
 73.0	 74.0	0.03960	0.14332
 74.0	 75.0	0.06555	0.05060
 75.0	 76.0	0.01764	0.03393
 76.0	 77.0	0.00664	0.14884
 77.0	 78.0	0.01137	0.18246
 78.0	 79.0	0.05278	0.04218
 79.0	 80.0	0.00408	0.03509
 80.0	 81.0	0.02765	0.04060
 81.0	 82.0	0.05170	0.04149
 82.0	 83.0	0.01090	0.15197
 83.0	 84.0	0.00093	0.21671
 84.0	 85.0	0.04153	0.04826
 85.0	 86.0	0.02180	0.14591
 86.0	 87.0	0.02349	0.07694
 87.0	 88.0	0.06803	0.04823
 88.0	 89.0	0.00571	0.12927
 89.0	 90.0	0.02949	0.05612
 90.0	 91.0	0.05683	0.05863
 91.0	 92.0	0.05012	0.05728
 92.0	 93.0	0.01807	0.19987
 93.0	 94.0	0.04715	0.10715
 94.0	 95.0	0.07458	0.23142
 95.0	 96.0	0.07266	0.10940
 96.0	 97.0	0.10279	0.21130
 97.0	 98.0	0.31881	0.49490
 98.0	 99.0	0.20933	0.23289
 99.0	100.0	0.02419	0.32497
