  0.0	  2.0	0.47423	0.00248
  2.0	  4.0	0.50081	0.00244
  4.0	  6.0	0.51321	0.00241
  6.0	  8.0	0.51898	0.00242
  8.0	 10.0	0.52235	0.00243
 10.0	 12.0	0.52409	0.00247
 12.0	 14.0	0.51912	0.00250
 14.0	 16.0	0.51450	0.00252
 16.0	 18.0	0.51186	0.00257
 18.0	 20.0	0.50568	0.00261
 20.0	 22.0	0.49944	0.00269
 22.0	 24.0	0.49344	0.00275
 24.0	 26.0	0.48689	0.00281
 26.0	 28.0	0.47995	0.00290
 28.0	 30.0	0.46780	0.00300
 30.0	 32.0	0.45445	0.00308
 32.0	 34.0	0.43945	0.00318
 34.0	 36.0	0.43023	0.00331
 36.0	 38.0	0.40941	0.00347
 38.0	 40.0	0.39340	0.00362
 40.0	 42.0	0.37650	0.00379
 42.0	 44.0	0.36289	0.00405
 44.0	 46.0	0.34879	0.00441
 46.0	 48.0	0.32596	0.00471
 48.0	 50.0	0.30559	0.00507
 50.0	 52.0	0.28688	0.00541
 52.0	 54.0	0.25627	0.00601
 54.0	 56.0	0.23956	0.00650
 56.0	 58.0	0.19562	0.00693
 58.0	 60.0	0.19610	0.00868
 60.0	 62.0	0.15983	0.00887
 62.0	 64.0	0.14070	0.01195
 64.0	 66.0	0.12770	0.01324
 66.0	 68.0	0.11786	0.01730
 68.0	 70.0	0.06924	0.01651
 70.0	 72.0	0.06732	0.02093
 72.0	 74.0	0.08869	0.13787
 74.0	 76.0	0.02557	0.01988
 76.0	 78.0	0.04123	0.08312
 78.0	 80.0	0.05883	0.19285
 80.0	 82.0	0.03040	0.02925
 82.0	 84.0	0.01132	0.02427
 84.0	 86.0	0.06990	0.46496
 86.0	 88.0	0.08282	1.74139
 88.0	 90.0	0.01749	0.06770
 90.0	 92.0	0.02785	0.06421
 92.0	 94.0	0.06274	0.09235
 94.0	 96.0	0.06908	0.04951
 96.0	 98.0	0.18145	0.09382
 98.0	100.0	0.10906	0.34850
