  0.0	  5.0	0.50778	0.00129
  5.0	 10.0	0.68062	0.00085
 10.0	 15.0	0.76079	0.00067
 15.0	 20.0	0.79657	0.00060
 20.0	 25.0	0.80856	0.00058
 25.0	 30.0	0.80679	0.00059
 30.0	 35.0	0.79221	0.00063
 35.0	 40.0	0.76583	0.00071
 40.0	 45.0	0.72556	0.00080
 45.0	 50.0	0.67660	0.00093
 50.0	 55.0	0.61266	0.00110
 55.0	 60.0	0.53588	0.00132
 60.0	 65.0	0.44954	0.00164
 65.0	 70.0	0.36209	0.00214
 70.0	 75.0	0.27833	0.00300
 75.0	 80.0	0.20440	0.00454
 80.0	 85.0	0.15743	0.00890
 85.0	 90.0	0.19185	0.05954
 90.0	 95.0	0.31502	0.93474
 95.0	100.0	0.07245	0.06781
