  0.0	  1.0	0.41837	0.00361
  1.0	  2.0	0.47087	0.00329
  2.0	  3.0	0.52931	0.00289
  3.0	  4.0	0.57703	0.00259
  4.0	  5.0	0.62481	0.00234
  5.0	  6.0	0.66100	0.00216
  6.0	  7.0	0.69363	0.00200
  7.0	  8.0	0.71452	0.00186
  8.0	  9.0	0.73833	0.00175
  9.0	 10.0	0.75944	0.00164
 10.0	 11.0	0.77244	0.00158
 11.0	 12.0	0.78451	0.00150
 12.0	 13.0	0.79873	0.00145
 13.0	 14.0	0.80652	0.00142
 14.0	 15.0	0.81401	0.00138
 15.0	 16.0	0.81944	0.00134
 16.0	 17.0	0.82812	0.00131
 17.0	 18.0	0.83290	0.00128
 18.0	 19.0	0.83377	0.00127
 19.0	 20.0	0.83780	0.00126
 20.0	 21.0	0.84015	0.00126
 21.0	 22.0	0.84118	0.00124
 22.0	 23.0	0.84271	0.00124
 23.0	 24.0	0.84251	0.00124
 24.0	 25.0	0.84152	0.00125
 25.0	 26.0	0.84166	0.00126
 26.0	 27.0	0.84239	0.00127
 27.0	 28.0	0.83908	0.00128
 28.0	 29.0	0.83916	0.00130
 29.0	 30.0	0.83761	0.00130
 30.0	 31.0	0.83351	0.00132
 31.0	 32.0	0.83084	0.00136
 32.0	 33.0	0.82896	0.00138
 33.0	 34.0	0.82392	0.00141
 34.0	 35.0	0.81838	0.00143
 35.0	 36.0	0.81581	0.00146
 36.0	 37.0	0.81096	0.00151
 37.0	 38.0	0.80352	0.00156
 38.0	 39.0	0.79625	0.00158
 39.0	 40.0	0.78961	0.00162
 40.0	 41.0	0.78389	0.00166
 41.0	 42.0	0.77501	0.00172
 42.0	 43.0	0.76735	0.00177
 43.0	 44.0	0.75913	0.00182
 44.0	 45.0	0.74666	0.00190
 45.0	 46.0	0.73937	0.00195
 46.0	 47.0	0.73096	0.00202
 47.0	 48.0	0.72004	0.00207
 48.0	 49.0	0.70390	0.00214
 49.0	 50.0	0.69499	0.00222
 50.0	 51.0	0.68028	0.00229
 51.0	 52.0	0.67054	0.00237
 52.0	 53.0	0.65626	0.00247
 53.0	 54.0	0.64523	0.00256
 54.0	 55.0	0.62605	0.00266
 55.0	 56.0	0.61294	0.00274
 56.0	 57.0	0.59513	0.00286
 57.0	 58.0	0.57997	0.00304
 58.0	 59.0	0.56076	0.00311
 59.0	 60.0	0.54100	0.00327
 60.0	 61.0	0.52470	0.00340
 61.0	 62.0	0.50825	0.00360
 62.0	 63.0	0.49128	0.00378
 63.0	 64.0	0.47392	0.00399
 64.0	 65.0	0.45658	0.00416
 65.0	 66.0	0.43405	0.00442
 66.0	 67.0	0.41777	0.00462
 67.0	 68.0	0.39699	0.00493
 68.0	 69.0	0.37480	0.00527
 69.0	 70.0	0.36088	0.00561
 70.0	 71.0	0.34063	0.00601
 71.0	 72.0	0.32664	0.00650
 72.0	 73.0	0.29194	0.00667
 73.0	 74.0	0.29167	0.00770
 74.0	 75.0	0.27560	0.00819
 75.0	 76.0	0.25316	0.00864
 76.0	 77.0	0.23535	0.00982
 77.0	 78.0	0.20020	0.00947
 78.0	 79.0	0.23125	0.01278
 79.0	 80.0	0.17656	0.01191
 80.0	 81.0	0.17446	0.01331
 81.0	 82.0	0.18286	0.01661
 82.0	 83.0	0.18700	0.02457
 83.0	 84.0	0.16838	0.02525
 84.0	 85.0	0.17328	0.02875
 85.0	 86.0	0.19804	0.06649
 86.0	 87.0	0.71993	3.49988
 87.0	 88.0	0.24513	0.22766
 88.0	 89.0	0.12784	0.04791
 89.0	 90.0	0.03835	0.06718
 90.0	 91.0	0.07291	0.11596
 91.0	 92.0	0.10120	0.06395
 92.0	 93.0	0.09102	0.06679
 93.0	 94.0	0.09898	0.07506
 94.0	 95.0	0.46555	1.68598
 95.0	 96.0	0.06097	0.08505
 96.0	 97.0	0.07029	0.06553
 97.0	 98.0	0.08322	0.12314
 98.0	 99.0	0.05990	0.76670
 99.0	100.0	0.16117	1.16809
