  0.0	  5.0	0.53665	0.00158
  5.0	 10.0	0.56931	0.00157
 10.0	 15.0	0.57303	0.00162
 15.0	 20.0	0.56257	0.00168
 20.0	 25.0	0.54877	0.00178
 25.0	 30.0	0.52736	0.00191
 30.0	 35.0	0.49185	0.00207
 35.0	 40.0	0.46072	0.00231
 40.0	 45.0	0.40835	0.00262
 45.0	 50.0	0.35980	0.00317
 50.0	 55.0	0.30125	0.00382
 55.0	 60.0	0.23411	0.00501
 60.0	 65.0	0.16239	0.00670
 65.0	 70.0	0.10874	0.01122
 70.0	 75.0	0.09027	0.02317
 75.0	 80.0	0.05131	0.07291
 80.0	 85.0	0.08747	1.17217
 85.0	 90.0	0.02707	0.09310
 90.0	 95.0	0.03479	0.04683
 95.0	100.0	0.13430	0.12898
