  0.0	  1.0	0.47301	0.00348
  1.0	  2.0	0.48206	0.00354
  2.0	  3.0	0.49168	0.00345
  3.0	  4.0	0.49819	0.00342
  4.0	  5.0	0.51037	0.00339
  5.0	  6.0	0.51579	0.00343
  6.0	  7.0	0.51784	0.00343
  7.0	  8.0	0.51874	0.00340
  8.0	  9.0	0.51670	0.00341
  9.0	 10.0	0.52379	0.00343
 10.0	 11.0	0.52431	0.00348
 11.0	 12.0	0.50816	0.00347
 12.0	 13.0	0.51593	0.00350
 13.0	 14.0	0.51438	0.00356
 14.0	 15.0	0.51228	0.00354
 15.0	 16.0	0.50984	0.00358
 16.0	 17.0	0.50660	0.00357
 17.0	 18.0	0.50843	0.00367
 18.0	 19.0	0.50309	0.00369
 19.0	 20.0	0.50442	0.00367
 20.0	 21.0	0.49966	0.00380
 21.0	 22.0	0.49102	0.00378
 22.0	 23.0	0.48952	0.00383
 23.0	 24.0	0.48833	0.00394
 24.0	 25.0	0.48165	0.00393
 25.0	 26.0	0.47521	0.00398
 26.0	 27.0	0.48093	0.00410
 27.0	 28.0	0.47430	0.00409
 28.0	 29.0	0.46212	0.00419
 29.0	 30.0	0.46420	0.00427
 30.0	 31.0	0.45088	0.00434
 31.0	 32.0	0.44445	0.00433
 32.0	 33.0	0.43871	0.00443
 33.0	 34.0	0.42513	0.00451
 34.0	 35.0	0.42275	0.00459
 35.0	 36.0	0.42138	0.00471
 36.0	 37.0	0.41534	0.00482
 37.0	 38.0	0.40242	0.00500
 38.0	 39.0	0.39679	0.00509
 39.0	 40.0	0.38943	0.00515
 40.0	 41.0	0.37896	0.00529
 41.0	 42.0	0.37168	0.00543
 42.0	 43.0	0.36515	0.00560
 43.0	 44.0	0.35733	0.00582
 44.0	 45.0	0.34896	0.00607
 45.0	 46.0	0.33567	0.00631
 46.0	 47.0	0.33196	0.00658
 47.0	 48.0	0.32925	0.00684
 48.0	 49.0	0.30497	0.00693
 49.0	 50.0	0.29916	0.00737
 50.0	 51.0	0.27918	0.00722
 51.0	 52.0	0.27613	0.00792
 52.0	 53.0	0.27891	0.00878
 53.0	 54.0	0.24988	0.00841
 54.0	 55.0	0.23653	0.00855
 55.0	 56.0	0.22944	0.00973
 56.0	 57.0	0.20601	0.00961
 57.0	 58.0	0.19372	0.01030
 58.0	 59.0	0.19591	0.01186
 59.0	 60.0	0.18372	0.01236
 60.0	 61.0	0.16226	0.01209
 61.0	 62.0	0.15375	0.01292
 62.0	 63.0	0.16049	0.01617
 63.0	 64.0	0.16205	0.02024
 64.0	 65.0	0.09903	0.01424
 65.0	 66.0	0.11857	0.02508
 66.0	 67.0	0.09904	0.02616
 67.0	 68.0	0.09520	0.02054
 68.0	 69.0	0.10937	0.03177
 69.0	 70.0	0.10224	0.02476
 70.0	 71.0	0.07365	0.02676
 71.0	 72.0	0.10518	0.04440
 72.0	 73.0	0.10427	0.07981
 73.0	 74.0	0.13631	0.29099
 74.0	 75.0	0.02582	0.04098
 75.0	 76.0	0.02515	0.02545
 76.0	 77.0	0.01861	0.12680
 77.0	 78.0	0.02985	0.03370
 78.0	 79.0	0.01115	0.06039
 79.0	 80.0	0.02215	0.04512
 80.0	 81.0	0.02509	0.04233
 81.0	 82.0	0.01090	0.04767
 82.0	 83.0	0.09293	0.21936
 83.0	 84.0	0.03628	0.04945
 84.0	 85.0	0.01300	0.13493
 85.0	 86.0	0.08210	0.05664
 86.0	 87.0	0.08455	0.42481
 87.0	 88.0	0.05060	0.03446
 88.0	 89.0	0.05942	0.05753
 89.0	 90.0	0.05070	0.05581
 90.0	 91.0	0.08548	0.49244
 91.0	 92.0	0.03783	0.08664
 92.0	 93.0	0.01364	0.80743
 93.0	 94.0	0.12017	0.11160
 94.0	 95.0	0.02823	0.08943
 95.0	 96.0	0.14195	0.09371
 96.0	 97.0	0.04973	0.14862
 97.0	 98.0	0.20085	0.48892
 98.0	 99.0	0.46805	1.59242
 99.0	100.0	0.05099	0.26806
