  0.0	  2.0	0.51810	0.00253
  2.0	  4.0	0.54457	0.00249
  4.0	  6.0	0.55885	0.00247
  6.0	  8.0	0.56923	0.00248
  8.0	 10.0	0.57407	0.00249
 10.0	 12.0	0.57386	0.00253
 12.0	 14.0	0.57299	0.00257
 14.0	 16.0	0.56899	0.00259
 16.0	 18.0	0.56444	0.00264
 18.0	 20.0	0.55868	0.00268
 20.0	 22.0	0.55664	0.00277
 22.0	 24.0	0.54603	0.00284
 24.0	 26.0	0.53719	0.00290
 26.0	 28.0	0.53204	0.00300
 28.0	 30.0	0.51812	0.00310
 30.0	 32.0	0.50214	0.00319
 32.0	 34.0	0.48697	0.00329
 34.0	 36.0	0.47856	0.00343
 36.0	 38.0	0.46669	0.00363
 38.0	 40.0	0.44639	0.00379
 40.0	 42.0	0.42357	0.00395
 42.0	 44.0	0.40410	0.00421
 44.0	 46.0	0.38353	0.00457
 46.0	 48.0	0.36754	0.00494
 48.0	 50.0	0.33978	0.00528
 50.0	 52.0	0.32056	0.00565
 52.0	 54.0	0.29883	0.00639
 54.0	 56.0	0.26565	0.00677
 56.0	 58.0	0.23307	0.00739
 58.0	 60.0	0.21728	0.00905
 60.0	 62.0	0.18638	0.00936
 62.0	 64.0	0.15957	0.01271
 64.0	 66.0	0.13676	0.01362
 66.0	 68.0	0.10043	0.01626
 68.0	 70.0	0.07929	0.01728
 70.0	 72.0	0.09483	0.02423
 72.0	 74.0	0.12472	0.16636
 74.0	 76.0	0.03745	0.02572
 76.0	 78.0	0.07936	0.14049
 78.0	 80.0	0.04727	0.08100
 80.0	 82.0	0.00605	0.11871
 82.0	 84.0	0.00389	0.08027
 84.0	 86.0	0.05044	0.08735
 86.0	 88.0	0.04476	0.06121
 88.0	 90.0	0.02654	0.06040
 90.0	 92.0	0.05979	0.13705
 92.0	 94.0	0.06566	0.04359
 94.0	 96.0	0.04478	0.07074
 96.0	 98.0	0.10065	0.17608
 98.0	100.0	0.17569	0.18409
