  0.0	  5.0	0.71073	0.00371
  5.0	 10.0	0.86376	0.00223
 10.0	 15.0	0.90990	0.00167
 15.0	 20.0	0.92779	0.00146
 20.0	 25.0	0.93369	0.00137
 25.0	 30.0	0.92949	0.00138
 30.0	 35.0	0.92053	0.00148
 35.0	 40.0	0.90517	0.00167
 40.0	 45.0	0.88219	0.00192
 45.0	 50.0	0.84534	0.00226
 50.0	 55.0	0.79408	0.00276
 55.0	 60.0	0.72776	0.00343
 60.0	 65.0	0.64301	0.00445
 65.0	 70.0	0.53376	0.00583
 70.0	 75.0	0.41779	0.00816
 75.0	 80.0	0.30354	0.01152
 80.0	 85.0	0.18961	0.01933
 85.0	 90.0	0.25427	0.12069
 90.0	 95.0	0.04931	0.05491
 95.0	100.0	0.05916	0.12166
