  0.0	  2.0	0.63671	0.00717
  2.0	  4.0	0.73918	0.00560
  4.0	  6.0	0.81234	0.00438
  6.0	  8.0	0.85800	0.00364
  8.0	 10.0	0.88513	0.00312
 10.0	 12.0	0.90235	0.00280
 12.0	 14.0	0.91334	0.00257
 14.0	 16.0	0.92090	0.00244
 16.0	 18.0	0.92743	0.00230
 18.0	 20.0	0.93032	0.00226
 20.0	 22.0	0.93482	0.00219
 22.0	 24.0	0.93306	0.00217
 24.0	 26.0	0.93196	0.00215
 26.0	 28.0	0.93041	0.00215
 28.0	 30.0	0.92769	0.00223
 30.0	 32.0	0.92321	0.00227
 32.0	 34.0	0.92025	0.00236
 34.0	 36.0	0.91410	0.00249
 36.0	 38.0	0.90568	0.00260
 38.0	 40.0	0.90105	0.00274
 40.0	 42.0	0.88941	0.00287
 42.0	 44.0	0.88069	0.00309
 44.0	 46.0	0.86613	0.00328
 46.0	 48.0	0.85102	0.00352
 48.0	 50.0	0.83147	0.00376
 50.0	 52.0	0.80866	0.00404
 52.0	 54.0	0.79063	0.00452
 54.0	 56.0	0.76904	0.00485
 56.0	 58.0	0.73436	0.00531
 58.0	 60.0	0.70095	0.00582
 60.0	 62.0	0.66891	0.00654
 62.0	 64.0	0.63485	0.00720
 64.0	 66.0	0.59244	0.00798
 66.0	 68.0	0.55331	0.00909
 68.0	 70.0	0.48851	0.01006
 70.0	 72.0	0.44317	0.01149
 72.0	 74.0	0.41689	0.01402
 74.0	 76.0	0.35959	0.01498
 76.0	 78.0	0.30918	0.01723
 78.0	 80.0	0.26693	0.02171
 80.0	 82.0	0.18077	0.02031
 82.0	 84.0	0.15373	0.02910
 84.0	 86.0	0.63596	0.96427
 86.0	 88.0	0.21212	0.10919
 88.0	 90.0	0.16763	0.29730
 90.0	 92.0	0.49683	7.76410
 92.0	 94.0	0.02809	0.05028
 94.0	 96.0	0.05397	0.10473
 96.0	 98.0	0.14537	0.21955
 98.0	100.0	0.34194	0.29672
