  0.0	  1.0	0.60902	0.01063
  1.0	  2.0	0.66316	0.00969
  2.0	  3.0	0.71701	0.00851
  3.0	  4.0	0.76059	0.00740
  4.0	  5.0	0.79102	0.00648
  5.0	  6.0	0.83310	0.00592
  6.0	  7.0	0.85036	0.00532
  7.0	  8.0	0.86566	0.00499
  8.0	  9.0	0.88067	0.00454
  9.0	 10.0	0.88966	0.00428
 10.0	 11.0	0.89496	0.00403
 11.0	 12.0	0.90959	0.00388
 12.0	 13.0	0.91283	0.00369
 13.0	 14.0	0.91388	0.00358
 14.0	 15.0	0.91835	0.00347
 15.0	 16.0	0.92348	0.00343
 16.0	 17.0	0.92757	0.00330
 17.0	 18.0	0.92729	0.00320
 18.0	 19.0	0.93033	0.00320
 19.0	 20.0	0.93032	0.00318
 20.0	 21.0	0.93430	0.00310
 21.0	 22.0	0.93534	0.00310
 22.0	 23.0	0.93131	0.00307
 23.0	 24.0	0.93481	0.00306
 24.0	 25.0	0.93270	0.00302
 25.0	 26.0	0.93123	0.00305
 26.0	 27.0	0.93030	0.00304
 27.0	 28.0	0.93053	0.00305
 28.0	 29.0	0.92912	0.00313
 29.0	 30.0	0.92623	0.00317
 30.0	 31.0	0.92421	0.00314
 31.0	 32.0	0.92223	0.00328
 32.0	 33.0	0.92128	0.00330
 33.0	 34.0	0.91921	0.00339
 34.0	 35.0	0.91581	0.00349
 35.0	 36.0	0.91238	0.00356
 36.0	 37.0	0.90767	0.00360
 37.0	 38.0	0.90370	0.00375
 38.0	 39.0	0.90243	0.00380
 39.0	 40.0	0.89972	0.00396
 40.0	 41.0	0.89190	0.00397
 41.0	 42.0	0.88692	0.00416
 42.0	 43.0	0.88125	0.00425
 43.0	 44.0	0.88022	0.00450
 44.0	 45.0	0.87091	0.00457
 45.0	 46.0	0.86135	0.00471
 46.0	 47.0	0.85397	0.00493
 47.0	 48.0	0.84809	0.00502
 48.0	 49.0	0.83081	0.00514
 49.0	 50.0	0.83229	0.00551
 50.0	 51.0	0.81396	0.00561
 51.0	 52.0	0.80327	0.00582
 52.0	 53.0	0.79523	0.00625
 53.0	 54.0	0.78605	0.00652
 54.0	 55.0	0.77215	0.00672
 55.0	 56.0	0.76594	0.00701
 56.0	 57.0	0.73639	0.00733
 57.0	 58.0	0.73242	0.00769
 58.0	 59.0	0.71357	0.00814
 59.0	 60.0	0.68802	0.00832
 60.0	 61.0	0.68245	0.00910
 61.0	 62.0	0.65486	0.00940
 62.0	 63.0	0.65095	0.00994
 63.0	 64.0	0.61853	0.01044
 64.0	 65.0	0.60537	0.01110
 65.0	 66.0	0.57925	0.01148
 66.0	 67.0	0.56356	0.01238
 67.0	 68.0	0.54298	0.01339
 68.0	 69.0	0.50145	0.01380
 69.0	 70.0	0.47539	0.01470
 70.0	 71.0	0.45963	0.01588
 71.0	 72.0	0.42582	0.01665
 72.0	 73.0	0.43371	0.01952
 73.0	 74.0	0.39944	0.02016
 74.0	 75.0	0.36627	0.02041
 75.0	 76.0	0.35316	0.02204
 76.0	 77.0	0.34724	0.02687
 77.0	 78.0	0.27234	0.02220
 78.0	 79.0	0.27727	0.02924
 79.0	 80.0	0.25593	0.03243
 80.0	 81.0	0.18932	0.03090
 81.0	 82.0	0.16973	0.02719
 82.0	 83.0	0.14502	0.03434
 83.0	 84.0	0.16604	0.05369
 84.0	 85.0	0.32098	0.18558
 85.0	 86.0	0.44524	0.48567
 86.0	 87.0	0.26078	0.44009
 87.0	 88.0	0.16606	0.05947
 88.0	 89.0	0.13030	0.09388
 89.0	 90.0	0.02415	0.13392
 90.0	 91.0	0.14507	0.25748
 91.0	 92.0	0.17928	0.23953
 92.0	 93.0	0.15815	0.22801
 93.0	 94.0	0.02985	0.05025
 94.0	 95.0	0.15812	0.36673
 95.0	 96.0	0.10699	0.12197
 96.0	 97.0	0.76682	2.84452
 97.0	 98.0	0.07394	0.57260
 98.0	 99.0	0.36300	0.24080
 99.0	100.0	0.25658	0.40618
