  0.0	  5.0	0.66341	0.00387
  5.0	 10.0	0.67810	0.00364
 10.0	 15.0	0.67636	0.00365
 15.0	 20.0	0.65906	0.00377
 20.0	 25.0	0.63959	0.00394
 25.0	 30.0	0.60480	0.00410
 30.0	 35.0	0.57441	0.00442
 35.0	 40.0	0.53802	0.00491
 40.0	 45.0	0.48623	0.00550
 45.0	 50.0	0.42408	0.00653
 50.0	 55.0	0.35150	0.00761
 55.0	 60.0	0.29410	0.01069
 60.0	 65.0	0.19037	0.01284
 65.0	 70.0	0.11552	0.01515
 70.0	 75.0	0.05514	0.02290
 75.0	 80.0	0.00361	0.09960
 80.0	 85.0	0.01414	0.03317
 85.0	 90.0	0.10314	0.46797
 90.0	 95.0	0.12415	0.29213
 95.0	100.0	0.00988	0.11556
