  0.0	  1.0	0.64174	0.00898
  1.0	  2.0	0.65913	0.00879
  2.0	  3.0	0.66200	0.00871
  3.0	  4.0	0.67163	0.00850
  4.0	  5.0	0.68171	0.00831
  5.0	  6.0	0.67658	0.00816
  6.0	  7.0	0.67731	0.00820
  7.0	  8.0	0.68014	0.00819
  8.0	  9.0	0.68254	0.00817
  9.0	 10.0	0.67394	0.00801
 10.0	 11.0	0.67453	0.00807
 11.0	 12.0	0.68673	0.00838
 12.0	 13.0	0.68581	0.00828
 13.0	 14.0	0.67098	0.00821
 14.0	 15.0	0.66412	0.00793
 15.0	 16.0	0.65560	0.00806
 16.0	 17.0	0.66340	0.00836
 17.0	 18.0	0.65647	0.00824
 18.0	 19.0	0.67264	0.00912
 19.0	 20.0	0.64861	0.00849
 20.0	 21.0	0.64028	0.00868
 21.0	 22.0	0.65876	0.00900
 22.0	 23.0	0.63718	0.00871
 23.0	 24.0	0.63065	0.00871
 24.0	 25.0	0.63092	0.00900
 25.0	 26.0	0.60289	0.00871
 26.0	 27.0	0.60804	0.00912
 27.0	 28.0	0.61813	0.00924
 28.0	 29.0	0.60269	0.00909
 29.0	 30.0	0.59217	0.00977
 30.0	 31.0	0.59267	0.00974
 31.0	 32.0	0.57305	0.00962
 32.0	 33.0	0.56864	0.00975
 33.0	 34.0	0.58287	0.01048
 34.0	 35.0	0.55513	0.00988
 35.0	 36.0	0.56225	0.01070
 36.0	 37.0	0.54746	0.01067
 37.0	 38.0	0.53864	0.01076
 38.0	 39.0	0.52587	0.01130
 39.0	 40.0	0.51453	0.01158
 40.0	 41.0	0.51444	0.01210
 41.0	 42.0	0.49166	0.01153
 42.0	 43.0	0.47891	0.01214
 43.0	 44.0	0.48066	0.01286
 44.0	 45.0	0.46466	0.01297
 45.0	 46.0	0.47673	0.01506
 46.0	 47.0	0.43468	0.01373
 47.0	 48.0	0.41604	0.01394
 48.0	 49.0	0.41549	0.01565
 49.0	 50.0	0.37483	0.01474
 50.0	 51.0	0.36793	0.01471
 51.0	 52.0	0.39031	0.01866
 52.0	 53.0	0.34992	0.01729
 53.0	 54.0	0.34123	0.01864
 54.0	 55.0	0.30837	0.01670
 55.0	 56.0	0.32176	0.02145
 56.0	 57.0	0.32516	0.02300
 57.0	 58.0	0.28567	0.02504
 58.0	 59.0	0.27890	0.02449
 59.0	 60.0	0.25154	0.02645
 60.0	 61.0	0.19704	0.02538
 61.0	 62.0	0.18800	0.02534
 62.0	 63.0	0.19329	0.02491
 63.0	 64.0	0.19467	0.04517
 64.0	 65.0	0.18555	0.03365
 65.0	 66.0	0.15739	0.03555
 66.0	 67.0	0.12017	0.03210
 67.0	 68.0	0.08526	0.02874
 68.0	 69.0	0.05273	0.04225
 69.0	 70.0	0.16040	0.05832
 70.0	 71.0	0.10936	0.04499
 71.0	 72.0	0.01102	0.29722
 72.0	 73.0	0.01747	0.11540
 73.0	 74.0	0.02808	0.07677
 74.0	 75.0	0.01363	0.06504
 75.0	 76.0	0.03420	0.04562
 76.0	 77.0	0.04390	0.06784
 77.0	 78.0	0.20583	0.54506
 78.0	 79.0	0.04527	0.11097
 79.0	 80.0	0.01072	0.06249
 80.0	 81.0	0.02038	0.05865
 81.0	 82.0	0.06272	0.10986
 82.0	 83.0	0.08917	0.32238
 83.0	 84.0	0.04818	0.05602
 84.0	 85.0	0.18651	4.57557
 85.0	 86.0	0.05294	0.06040
 86.0	 87.0	0.03732	0.05787
 87.0	 88.0	0.03341	0.07501
 88.0	 89.0	0.03439	0.08276
 89.0	 90.0	0.01790	0.36839
 90.0	 91.0	0.10027	0.07757
 91.0	 92.0	0.04071	0.07702
 92.0	 93.0	0.02195	0.16737
 93.0	 94.0	0.02975	0.30778
 94.0	 95.0	0.20589	0.50846
 95.0	 96.0	0.05832	0.13035
 96.0	 97.0	0.34361	0.73235
 97.0	 98.0	0.31120	0.36803
 98.0	 99.0	0.92300	16.39370
 99.0	100.0	0.59636	2.25600
