  0.0	  2.0	0.65051	0.00628
  2.0	  4.0	0.66686	0.00609
  4.0	  6.0	0.67915	0.00582
  6.0	  8.0	0.67873	0.00580
  8.0	 10.0	0.67822	0.00572
 10.0	 12.0	0.68057	0.00581
 12.0	 14.0	0.67839	0.00583
 14.0	 16.0	0.65991	0.00565
 16.0	 18.0	0.65992	0.00587
 18.0	 20.0	0.66028	0.00622
 20.0	 22.0	0.64946	0.00625
 22.0	 24.0	0.63396	0.00616
 24.0	 26.0	0.61682	0.00626
 26.0	 28.0	0.61312	0.00649
 28.0	 30.0	0.59748	0.00666
 30.0	 32.0	0.58288	0.00685
 32.0	 34.0	0.57550	0.00714
 34.0	 36.0	0.55847	0.00726
 36.0	 38.0	0.54306	0.00758
 38.0	 40.0	0.52023	0.00809
 40.0	 42.0	0.50296	0.00835
 42.0	 44.0	0.47969	0.00883
 44.0	 46.0	0.46999	0.00984
 46.0	 48.0	0.42537	0.00978
 48.0	 50.0	0.39518	0.01074
 50.0	 52.0	0.37757	0.01158
 52.0	 54.0	0.34566	0.01267
 54.0	 56.0	0.31396	0.01320
 56.0	 58.0	0.30620	0.01694
 58.0	 60.0	0.26562	0.01797
 60.0	 62.0	0.19332	0.01787
 62.0	 64.0	0.19028	0.02201
 64.0	 66.0	0.17318	0.02437
 66.0	 68.0	0.10350	0.02101
 68.0	 70.0	0.10470	0.02796
 70.0	 72.0	0.07603	0.03544
 72.0	 74.0	0.03139	0.07225
 74.0	 76.0	0.02521	0.03677
 76.0	 78.0	0.07986	0.14003
 78.0	 80.0	0.02166	0.04278
 80.0	 82.0	0.01497	0.08056
 82.0	 84.0	0.01805	0.05455
 84.0	 86.0	0.02154	0.07138
 86.0	 88.0	0.04557	0.06103
 88.0	 90.0	0.04591	0.21946
 90.0	 92.0	0.19073	0.45332
 92.0	 94.0	0.26281	12.87849
 94.0	 96.0	0.03173	0.27286
 96.0	 98.0	0.08655	0.30963
 98.0	100.0	1.25359	28.27651
