  0.0	  5.0	0.59003	0.00289
  5.0	 10.0	0.76836	0.00178
 10.0	 15.0	0.83717	0.00135
 15.0	 20.0	0.86019	0.00118
 20.0	 25.0	0.86859	0.00112
 25.0	 30.0	0.86240	0.00115
 30.0	 35.0	0.84812	0.00123
 35.0	 40.0	0.81957	0.00139
 40.0	 45.0	0.78628	0.00158
 45.0	 50.0	0.73335	0.00185
 50.0	 55.0	0.66469	0.00219
 55.0	 60.0	0.58473	0.00265
 60.0	 65.0	0.48863	0.00331
 65.0	 70.0	0.38724	0.00422
 70.0	 75.0	0.28655	0.00558
 75.0	 80.0	0.18637	0.00744
 80.0	 85.0	0.10746	0.01112
 85.0	 90.0	0.03484	0.02189
 90.0	 95.0	0.04079	0.02475
 95.0	100.0	0.06405	0.18449
