  0.0	  2.0	0.50796	0.00558
  2.0	  4.0	0.61552	0.00430
  4.0	  6.0	0.69781	0.00342
  6.0	  8.0	0.76573	0.00290
  8.0	 10.0	0.79766	0.00252
 10.0	 12.0	0.82691	0.00226
 12.0	 14.0	0.84078	0.00209
 14.0	 16.0	0.85289	0.00196
 16.0	 18.0	0.85841	0.00186
 18.0	 20.0	0.86433	0.00181
 20.0	 22.0	0.86975	0.00178
 22.0	 24.0	0.86779	0.00177
 24.0	 26.0	0.86631	0.00179
 26.0	 28.0	0.86491	0.00179
 28.0	 30.0	0.85868	0.00187
 30.0	 32.0	0.85411	0.00188
 32.0	 34.0	0.84543	0.00195
 34.0	 36.0	0.83733	0.00206
 36.0	 38.0	0.82229	0.00218
 38.0	 40.0	0.80987	0.00227
 40.0	 42.0	0.79935	0.00239
 42.0	 44.0	0.78198	0.00253
 44.0	 46.0	0.76270	0.00270
 46.0	 48.0	0.73836	0.00289
 48.0	 50.0	0.71601	0.00306
 50.0	 52.0	0.69025	0.00329
 52.0	 54.0	0.65204	0.00354
 54.0	 56.0	0.63040	0.00378
 56.0	 58.0	0.59271	0.00412
 58.0	 60.0	0.55583	0.00440
 60.0	 62.0	0.51958	0.00491
 62.0	 64.0	0.47729	0.00533
 64.0	 66.0	0.43682	0.00593
 66.0	 68.0	0.39677	0.00644
 68.0	 70.0	0.35453	0.00729
 70.0	 72.0	0.31299	0.00810
 72.0	 74.0	0.28287	0.00911
 74.0	 76.0	0.22535	0.00981
 76.0	 78.0	0.20277	0.01249
 78.0	 80.0	0.15169	0.01277
 80.0	 82.0	0.12697	0.01528
 82.0	 84.0	0.07581	0.01717
 84.0	 86.0	0.09664	0.02345
 86.0	 88.0	0.04221	0.02014
 88.0	 90.0	0.07181	0.04035
 90.0	 92.0	0.06667	0.03307
 92.0	 94.0	0.02720	0.04176
 94.0	 96.0	0.06504	0.29040
 96.0	 98.0	0.05087	0.13945
 98.0	100.0	0.29488	0.67931
