  0.0	  1.0	0.49053	0.00852
  1.0	  2.0	0.52501	0.00736
  2.0	  3.0	0.58698	0.00647
  3.0	  4.0	0.64247	0.00573
  4.0	  5.0	0.68359	0.00510
  5.0	  6.0	0.71182	0.00457
  6.0	  7.0	0.75149	0.00423
  7.0	  8.0	0.77981	0.00398
  8.0	  9.0	0.79107	0.00365
  9.0	 10.0	0.80427	0.00347
 10.0	 11.0	0.82115	0.00331
 11.0	 12.0	0.83254	0.00310
 12.0	 13.0	0.84075	0.00298
 13.0	 14.0	0.84080	0.00293
 14.0	 15.0	0.85030	0.00279
 15.0	 16.0	0.85550	0.00274
 16.0	 17.0	0.85626	0.00265
 17.0	 18.0	0.86054	0.00262
 18.0	 19.0	0.86505	0.00257
 19.0	 20.0	0.86363	0.00256
 20.0	 21.0	0.87042	0.00249
 21.0	 22.0	0.86909	0.00254
 22.0	 23.0	0.86960	0.00250
 23.0	 24.0	0.86597	0.00251
 24.0	 25.0	0.86788	0.00250
 25.0	 26.0	0.86475	0.00255
 26.0	 27.0	0.86629	0.00252
 27.0	 28.0	0.86355	0.00254
 28.0	 29.0	0.85853	0.00262
 29.0	 30.0	0.85883	0.00266
 30.0	 31.0	0.85659	0.00265
 31.0	 32.0	0.85163	0.00267
 32.0	 33.0	0.84858	0.00269
 33.0	 34.0	0.84220	0.00283
 34.0	 35.0	0.84143	0.00287
 35.0	 36.0	0.83318	0.00296
 36.0	 37.0	0.82672	0.00302
 37.0	 38.0	0.81782	0.00313
 38.0	 39.0	0.81029	0.00314
 39.0	 40.0	0.80950	0.00329
 40.0	 41.0	0.80287	0.00332
 41.0	 42.0	0.79579	0.00343
 42.0	 43.0	0.78737	0.00352
 43.0	 44.0	0.77655	0.00365
 44.0	 45.0	0.76828	0.00378
 45.0	 46.0	0.75710	0.00385
 46.0	 47.0	0.74088	0.00405
 47.0	 48.0	0.73588	0.00414
 48.0	 49.0	0.72093	0.00424
 49.0	 50.0	0.71099	0.00442
 50.0	 51.0	0.69226	0.00457
 51.0	 52.0	0.68822	0.00474
 52.0	 53.0	0.66119	0.00496
 53.0	 54.0	0.64284	0.00504
 54.0	 55.0	0.63716	0.00518
 55.0	 56.0	0.62355	0.00550
 56.0	 57.0	0.60085	0.00568
 57.0	 58.0	0.58442	0.00599
 58.0	 59.0	0.56691	0.00606
 59.0	 60.0	0.54444	0.00640
 60.0	 61.0	0.52795	0.00671
 61.0	 62.0	0.51094	0.00719
 62.0	 63.0	0.48650	0.00740
 63.0	 64.0	0.46801	0.00767
 64.0	 65.0	0.44498	0.00816
 65.0	 66.0	0.42851	0.00863
 66.0	 67.0	0.41395	0.00887
 67.0	 68.0	0.37891	0.00935
 68.0	 69.0	0.36269	0.01021
 69.0	 70.0	0.34629	0.01041
 70.0	 71.0	0.33614	0.01139
 71.0	 72.0	0.28855	0.01153
 72.0	 73.0	0.30805	0.01269
 73.0	 74.0	0.25604	0.01311
 74.0	 75.0	0.23503	0.01432
 75.0	 76.0	0.21612	0.01346
 76.0	 77.0	0.21643	0.01728
 77.0	 78.0	0.18847	0.01807
 78.0	 79.0	0.16760	0.01833
 79.0	 80.0	0.13571	0.01782
 80.0	 81.0	0.14076	0.01902
 81.0	 82.0	0.11076	0.02580
 82.0	 83.0	0.06729	0.02186
 83.0	 84.0	0.08484	0.03027
 84.0	 85.0	0.14140	0.04842
 85.0	 86.0	0.06349	0.03127
 86.0	 87.0	0.06028	0.02506
 87.0	 88.0	0.00568	0.13669
 88.0	 89.0	0.01440	0.12768
 89.0	 90.0	0.37372	1.91250
 90.0	 91.0	0.06774	0.05831
 91.0	 92.0	0.05943	0.04301
 92.0	 93.0	0.05340	0.03959
 93.0	 94.0	0.04978	0.12768
 94.0	 95.0	0.03897	0.12200
 95.0	 96.0	0.00458	1.00476
 96.0	 97.0	0.03171	0.24982
 97.0	 98.0	0.14127	0.63487
 98.0	 99.0	0.16678	0.20314
 99.0	100.0	0.04172	0.41450
