  0.0	  2.0	0.50697	0.00493
  2.0	  4.0	0.52209	0.00471
  4.0	  6.0	0.52451	0.00450
  6.0	  8.0	0.52083	0.00440
  8.0	 10.0	0.52601	0.00452
 10.0	 12.0	0.51419	0.00448
 12.0	 14.0	0.51782	0.00455
 14.0	 16.0	0.51428	0.00459
 16.0	 18.0	0.50756	0.00456
 18.0	 20.0	0.50827	0.00477
 20.0	 22.0	0.48623	0.00475
 22.0	 24.0	0.48378	0.00496
 24.0	 26.0	0.46247	0.00492
 26.0	 28.0	0.45389	0.00502
 28.0	 30.0	0.44946	0.00526
 30.0	 32.0	0.43024	0.00532
 32.0	 34.0	0.42074	0.00560
 34.0	 36.0	0.40689	0.00569
 36.0	 38.0	0.39167	0.00580
 38.0	 40.0	0.37029	0.00619
 40.0	 42.0	0.35580	0.00654
 42.0	 44.0	0.33002	0.00699
 44.0	 46.0	0.31993	0.00709
 46.0	 48.0	0.28704	0.00757
 48.0	 50.0	0.26532	0.00800
 50.0	 52.0	0.26827	0.00912
 52.0	 54.0	0.24107	0.01012
 54.0	 56.0	0.19677	0.01055
 56.0	 58.0	0.17145	0.01148
 58.0	 60.0	0.16698	0.01269
 60.0	 62.0	0.13220	0.01577
 62.0	 64.0	0.12088	0.01944
 64.0	 66.0	0.10205	0.01943
 66.0	 68.0	0.10123	0.02036
 68.0	 70.0	0.09190	0.03462
 70.0	 72.0	0.09492	0.10784
 72.0	 74.0	0.11681	0.13990
 74.0	 76.0	0.04715	0.08231
 76.0	 78.0	0.01799	0.03875
 78.0	 80.0	0.04506	0.17472
 80.0	 82.0	0.03378	0.07030
 82.0	 84.0	0.03450	0.03918
 84.0	 86.0	0.02142	0.07500
 86.0	 88.0	0.06580	0.11828
 88.0	 90.0	0.03179	0.05086
 90.0	 92.0	0.05249	0.03881
 92.0	 94.0	0.04586	0.04616
 94.0	 96.0	0.13333	0.26872
 96.0	 98.0	0.05880	0.07644
 98.0	100.0	0.16719	0.38382
