  0.0	  1.0	0.50792	0.00714
  1.0	  2.0	0.50615	0.00683
  2.0	  3.0	0.52096	0.00677
  3.0	  4.0	0.52323	0.00655
  4.0	  5.0	0.52372	0.00633
  5.0	  6.0	0.52530	0.00639
  6.0	  7.0	0.51904	0.00624
  7.0	  8.0	0.52262	0.00620
  8.0	  9.0	0.52902	0.00640
  9.0	 10.0	0.52296	0.00638
 10.0	 11.0	0.52176	0.00639
 11.0	 12.0	0.50673	0.00628
 12.0	 13.0	0.52650	0.00656
 13.0	 14.0	0.50939	0.00631
 14.0	 15.0	0.52271	0.00649
 15.0	 16.0	0.50570	0.00650
 16.0	 17.0	0.50986	0.00646
 17.0	 18.0	0.50525	0.00644
 18.0	 19.0	0.50752	0.00669
 19.0	 20.0	0.50907	0.00681
 20.0	 21.0	0.49241	0.00675
 21.0	 22.0	0.48005	0.00668
 22.0	 23.0	0.48780	0.00694
 23.0	 24.0	0.47969	0.00709
 24.0	 25.0	0.46456	0.00692
 25.0	 26.0	0.46038	0.00700
 26.0	 27.0	0.45858	0.00713
 27.0	 28.0	0.44917	0.00707
 28.0	 29.0	0.45319	0.00748
 29.0	 30.0	0.44564	0.00741
 30.0	 31.0	0.42203	0.00750
 31.0	 32.0	0.43842	0.00755
 32.0	 33.0	0.42523	0.00782
 33.0	 34.0	0.41612	0.00801
 34.0	 35.0	0.41569	0.00818
 35.0	 36.0	0.39821	0.00793
 36.0	 37.0	0.39309	0.00814
 37.0	 38.0	0.39025	0.00826
 38.0	 39.0	0.38889	0.00866
 39.0	 40.0	0.35115	0.00884
 40.0	 41.0	0.35276	0.00920
 41.0	 42.0	0.35883	0.00930
 42.0	 43.0	0.35269	0.00988
 43.0	 44.0	0.30672	0.00990
 44.0	 45.0	0.33080	0.01002
 45.0	 46.0	0.30896	0.01002
 46.0	 47.0	0.30423	0.01116
 47.0	 48.0	0.27055	0.01030
 48.0	 49.0	0.26510	0.01121
 49.0	 50.0	0.26546	0.01142
 50.0	 51.0	0.24828	0.01162
 51.0	 52.0	0.29288	0.01472
 52.0	 53.0	0.22413	0.01367
 53.0	 54.0	0.25858	0.01503
 54.0	 55.0	0.20433	0.01455
 55.0	 56.0	0.18873	0.01535
 56.0	 57.0	0.18168	0.01586
 57.0	 58.0	0.15703	0.01722
 58.0	 59.0	0.19599	0.01811
 59.0	 60.0	0.13610	0.01811
 60.0	 61.0	0.12730	0.02224
 61.0	 62.0	0.13682	0.02237
 62.0	 63.0	0.15003	0.03339
 63.0	 64.0	0.09497	0.02361
 64.0	 65.0	0.12089	0.03303
 65.0	 66.0	0.08483	0.02451
 66.0	 67.0	0.11483	0.03292
 67.0	 68.0	0.08816	0.02615
 68.0	 69.0	0.10829	0.06749
 69.0	 70.0	0.07783	0.04012
 70.0	 71.0	0.06087	0.06726
 71.0	 72.0	0.12804	0.79471
 72.0	 73.0	0.04368	0.05310
 73.0	 74.0	0.13520	0.20543
 74.0	 75.0	0.07646	0.08879
 75.0	 76.0	0.05321	0.21155
 76.0	 77.0	0.02949	0.12587
 77.0	 78.0	0.04582	0.05158
 78.0	 79.0	0.03844	0.04195
 79.0	 80.0	0.09136	0.13236
 80.0	 81.0	0.05914	0.05905
 81.0	 82.0	0.02425	0.16290
 82.0	 83.0	0.00939	0.66536
 83.0	 84.0	0.00577	0.14306
 84.0	 85.0	0.02701	0.05421
 85.0	 86.0	0.12342	0.24411
 86.0	 87.0	0.04568	0.18401
 87.0	 88.0	0.04658	0.11830
 88.0	 89.0	0.01626	0.05748
 89.0	 90.0	0.09185	0.08952
 90.0	 91.0	0.02832	0.03948
 91.0	 92.0	0.13850	0.27881
 92.0	 93.0	0.03776	0.05417
 93.0	 94.0	0.14986	0.85297
 94.0	 95.0	0.08962	0.16241
 95.0	 96.0	0.31340	0.45638
 96.0	 97.0	0.05909	0.14424
 97.0	 98.0	0.18459	0.19762
 98.0	 99.0	0.36634	0.70301
 99.0	100.0	0.37966	0.26135
