  0.0	  5.0	0.51640	0.00300
  5.0	 10.0	0.52377	0.00283
 10.0	 15.0	0.51732	0.00286
 15.0	 20.0	0.50745	0.00294
 20.0	 25.0	0.48092	0.00307
 25.0	 30.0	0.45342	0.00322
 30.0	 35.0	0.42356	0.00349
 35.0	 40.0	0.38464	0.00373
 40.0	 45.0	0.34072	0.00431
 45.0	 50.0	0.28323	0.00482
 50.0	 55.0	0.24547	0.00614
 55.0	 60.0	0.17341	0.00744
 60.0	 65.0	0.12653	0.01127
 65.0	 70.0	0.09242	0.01420
 70.0	 75.0	0.07453	0.05965
 75.0	 80.0	0.04828	0.06987
 80.0	 85.0	0.01038	0.11355
 85.0	 90.0	0.02978	0.06087
 90.0	 95.0	0.03781	0.02752
 95.0	100.0	0.06267	0.09450
