  0.0	  2.0	0.49833	0.00547
  2.0	  4.0	0.61733	0.00431
  4.0	  6.0	0.70462	0.00345
  6.0	  8.0	0.75956	0.00288
  8.0	 10.0	0.80301	0.00253
 10.0	 12.0	0.82422	0.00226
 12.0	 14.0	0.84411	0.00210
 14.0	 16.0	0.85352	0.00196
 16.0	 18.0	0.86359	0.00188
 18.0	 20.0	0.86971	0.00182
 20.0	 22.0	0.87105	0.00178
 22.0	 24.0	0.87152	0.00178
 24.0	 26.0	0.86633	0.00179
 26.0	 28.0	0.86602	0.00179
 28.0	 30.0	0.85791	0.00187
 30.0	 32.0	0.85375	0.00188
 32.0	 34.0	0.84967	0.00196
 34.0	 36.0	0.83683	0.00206
 36.0	 38.0	0.82671	0.00219
 38.0	 40.0	0.81287	0.00228
 40.0	 42.0	0.79890	0.00239
 42.0	 44.0	0.78408	0.00254
 44.0	 46.0	0.76153	0.00269
 46.0	 48.0	0.73931	0.00290
 48.0	 50.0	0.71574	0.00306
 50.0	 52.0	0.68935	0.00329
 52.0	 54.0	0.66285	0.00360
 54.0	 56.0	0.63541	0.00381
 56.0	 58.0	0.59196	0.00412
 58.0	 60.0	0.57022	0.00452
 60.0	 62.0	0.51980	0.00491
 62.0	 64.0	0.48717	0.00544
 64.0	 66.0	0.43838	0.00595
 66.0	 68.0	0.39720	0.00644
 68.0	 70.0	0.34859	0.00717
 70.0	 72.0	0.30130	0.00780
 72.0	 74.0	0.26619	0.00857
 74.0	 76.0	0.24418	0.01063
 76.0	 78.0	0.19719	0.01215
 78.0	 80.0	0.19674	0.01657
 80.0	 82.0	0.14370	0.01729
 82.0	 84.0	0.13534	0.03066
 84.0	 86.0	0.08903	0.02160
 86.0	 88.0	0.11816	0.05637
 88.0	 90.0	0.05650	0.03174
 90.0	 92.0	0.08311	0.04123
 92.0	 94.0	0.07884	0.12107
 94.0	 96.0	0.12027	0.53701
 96.0	 98.0	0.09188	0.25186
 98.0	100.0	0.08890	0.20480
