  0.0	  5.0	0.58756	0.00288
  5.0	 10.0	0.77057	0.00179
 10.0	 15.0	0.83789	0.00135
 15.0	 20.0	0.86426	0.00118
 20.0	 25.0	0.87088	0.00112
 25.0	 30.0	0.86227	0.00115
 30.0	 35.0	0.84969	0.00123
 35.0	 40.0	0.82230	0.00139
 40.0	 45.0	0.78599	0.00158
 45.0	 50.0	0.73413	0.00185
 50.0	 55.0	0.67065	0.00221
 55.0	 60.0	0.58970	0.00267
 60.0	 65.0	0.49253	0.00333
 65.0	 70.0	0.38595	0.00420
 70.0	 75.0	0.27543	0.00536
 75.0	 80.0	0.20811	0.00831
 80.0	 85.0	0.12964	0.01341
 85.0	 90.0	0.05133	0.03226
 90.0	 95.0	0.07256	0.04402
 95.0	100.0	0.04993	0.14383
