  0.0	  1.0	0.46771	0.00812
  1.0	  2.0	0.52717	0.00739
  2.0	  3.0	0.59084	0.00651
  3.0	  4.0	0.64242	0.00573
  4.0	  5.0	0.68383	0.00510
  5.0	  6.0	0.72478	0.00466
  6.0	  7.0	0.74660	0.00420
  7.0	  8.0	0.77238	0.00394
  8.0	  9.0	0.79418	0.00367
  9.0	 10.0	0.81183	0.00350
 10.0	 11.0	0.82041	0.00330
 11.0	 12.0	0.82799	0.00308
 12.0	 13.0	0.84470	0.00299
 13.0	 14.0	0.84352	0.00294
 14.0	 15.0	0.85246	0.00280
 15.0	 16.0	0.85459	0.00274
 16.0	 17.0	0.86375	0.00268
 17.0	 18.0	0.86343	0.00263
 18.0	 19.0	0.87057	0.00259
 19.0	 20.0	0.86887	0.00257
 20.0	 21.0	0.87220	0.00250
 21.0	 22.0	0.86991	0.00254
 22.0	 23.0	0.86978	0.00250
 23.0	 24.0	0.87328	0.00253
 24.0	 25.0	0.86927	0.00250
 25.0	 26.0	0.86339	0.00255
 26.0	 27.0	0.86725	0.00253
 27.0	 28.0	0.86482	0.00254
 28.0	 29.0	0.85942	0.00262
 29.0	 30.0	0.85637	0.00266
 30.0	 31.0	0.85495	0.00265
 31.0	 32.0	0.85254	0.00268
 32.0	 33.0	0.85400	0.00271
 33.0	 34.0	0.84524	0.00284
 34.0	 35.0	0.84158	0.00287
 35.0	 36.0	0.83204	0.00295
 36.0	 37.0	0.83145	0.00304
 37.0	 38.0	0.82194	0.00315
 38.0	 39.0	0.81987	0.00317
 39.0	 40.0	0.80584	0.00328
 40.0	 41.0	0.80243	0.00332
 41.0	 42.0	0.79533	0.00343
 42.0	 43.0	0.78713	0.00352
 43.0	 44.0	0.78104	0.00367
 44.0	 45.0	0.76352	0.00375
 45.0	 46.0	0.75956	0.00386
 46.0	 47.0	0.74684	0.00408
 47.0	 48.0	0.73185	0.00411
 48.0	 49.0	0.72009	0.00424
 49.0	 50.0	0.71130	0.00442
 50.0	 51.0	0.69854	0.00461
 51.0	 52.0	0.68006	0.00468
 52.0	 53.0	0.66777	0.00501
 53.0	 54.0	0.65791	0.00516
 54.0	 55.0	0.64793	0.00527
 55.0	 56.0	0.62257	0.00550
 56.0	 57.0	0.59935	0.00567
 57.0	 58.0	0.58445	0.00599
 58.0	 59.0	0.58254	0.00622
 59.0	 60.0	0.55752	0.00656
 60.0	 61.0	0.53205	0.00677
 61.0	 62.0	0.50702	0.00713
 62.0	 63.0	0.49617	0.00755
 63.0	 64.0	0.47811	0.00783
 64.0	 65.0	0.44467	0.00815
 65.0	 66.0	0.43205	0.00870
 66.0	 67.0	0.40402	0.00866
 67.0	 68.0	0.39056	0.00964
 68.0	 69.0	0.35725	0.01006
 69.0	 70.0	0.33985	0.01022
 70.0	 71.0	0.31180	0.01056
 71.0	 72.0	0.28973	0.01158
 72.0	 73.0	0.28305	0.01166
 73.0	 74.0	0.24771	0.01268
 74.0	 75.0	0.23774	0.01449
 75.0	 76.0	0.25084	0.01562
 76.0	 77.0	0.20308	0.01622
 77.0	 78.0	0.19129	0.01834
 78.0	 79.0	0.19952	0.02182
 79.0	 80.0	0.19392	0.02546
 80.0	 81.0	0.17027	0.02301
 81.0	 82.0	0.11292	0.02631
 82.0	 83.0	0.18179	0.05905
 83.0	 84.0	0.09653	0.03444
 84.0	 85.0	0.08573	0.02935
 85.0	 86.0	0.07897	0.03889
 86.0	 87.0	0.16049	0.06671
 87.0	 88.0	0.01794	0.43138
 88.0	 89.0	0.01993	0.17676
 89.0	 90.0	0.02330	0.11924
 90.0	 91.0	0.05599	0.04821
 91.0	 92.0	0.12587	0.09109
 92.0	 93.0	0.14520	0.10764
 93.0	 94.0	0.10489	0.26905
 94.0	 95.0	0.21351	0.66845
 95.0	 96.0	1.53458	336.86692
 96.0	 97.0	0.03264	0.25718
 97.0	 98.0	0.09381	0.42155
 98.0	 99.0	0.17971	0.21890
 99.0	100.0	0.15419	1.53203
