  0.0	  1.0	0.50259	0.00706
  1.0	  2.0	0.52087	0.00702
  2.0	  3.0	0.51717	0.00672
  3.0	  4.0	0.52658	0.00659
  4.0	  5.0	0.53268	0.00644
  5.0	  6.0	0.53371	0.00650
  6.0	  7.0	0.53458	0.00642
  7.0	  8.0	0.54501	0.00647
  8.0	  9.0	0.52621	0.00636
  9.0	 10.0	0.52444	0.00640
 10.0	 11.0	0.52381	0.00641
 11.0	 12.0	0.52646	0.00652
 12.0	 13.0	0.51244	0.00638
 13.0	 14.0	0.52103	0.00646
 14.0	 15.0	0.51459	0.00639
 15.0	 16.0	0.51970	0.00668
 16.0	 17.0	0.51930	0.00658
 17.0	 18.0	0.51321	0.00654
 18.0	 19.0	0.50015	0.00659
 19.0	 20.0	0.49002	0.00655
 20.0	 21.0	0.49812	0.00683
 21.0	 22.0	0.48893	0.00681
 22.0	 23.0	0.47614	0.00678
 23.0	 24.0	0.47471	0.00702
 24.0	 25.0	0.47787	0.00712
 25.0	 26.0	0.46936	0.00713
 26.0	 27.0	0.46803	0.00728
 27.0	 28.0	0.45079	0.00710
 28.0	 29.0	0.44450	0.00734
 29.0	 30.0	0.45944	0.00764
 30.0	 31.0	0.43707	0.00777
 31.0	 32.0	0.43825	0.00754
 32.0	 33.0	0.42658	0.00785
 33.0	 34.0	0.41920	0.00807
 34.0	 35.0	0.41981	0.00826
 35.0	 36.0	0.41747	0.00831
 36.0	 37.0	0.40723	0.00843
 37.0	 38.0	0.40116	0.00849
 38.0	 39.0	0.38875	0.00866
 39.0	 40.0	0.36496	0.00919
 40.0	 41.0	0.35546	0.00927
 41.0	 42.0	0.36297	0.00940
 42.0	 43.0	0.34462	0.00965
 43.0	 44.0	0.32505	0.01049
 44.0	 45.0	0.33649	0.01020
 45.0	 46.0	0.33011	0.01071
 46.0	 47.0	0.29123	0.01068
 47.0	 48.0	0.31186	0.01188
 48.0	 49.0	0.28768	0.01217
 49.0	 50.0	0.27637	0.01189
 50.0	 51.0	0.27150	0.01271
 51.0	 52.0	0.24172	0.01215
 52.0	 53.0	0.24469	0.01492
 53.0	 54.0	0.22627	0.01315
 54.0	 55.0	0.21791	0.01552
 55.0	 56.0	0.19639	0.01597
 56.0	 57.0	0.22526	0.01967
 57.0	 58.0	0.16051	0.01760
 58.0	 59.0	0.17718	0.01637
 59.0	 60.0	0.15020	0.01998
 60.0	 61.0	0.12661	0.02211
 61.0	 62.0	0.12183	0.01992
 62.0	 63.0	0.09811	0.02184
 63.0	 64.0	0.13844	0.03441
 64.0	 65.0	0.13733	0.03752
 65.0	 66.0	0.12107	0.03498
 66.0	 67.0	0.09800	0.02809
 67.0	 68.0	0.13970	0.04144
 68.0	 69.0	0.09055	0.05644
 69.0	 70.0	0.08013	0.04130
 70.0	 71.0	0.08989	0.09932
 71.0	 72.0	0.00526	0.03265
 72.0	 73.0	0.08541	0.10382
 73.0	 74.0	0.02519	0.03828
 74.0	 75.0	0.04138	0.04806
 75.0	 76.0	0.01792	0.07126
 76.0	 77.0	0.09805	0.41857
 77.0	 78.0	0.13241	0.14907
 78.0	 79.0	0.08839	0.09645
 79.0	 80.0	0.13976	0.20249
 80.0	 81.0	0.05275	0.05267
 81.0	 82.0	0.01365	0.09171
 82.0	 83.0	0.93407	66.16449
 83.0	 84.0	0.01532	0.38011
 84.0	 85.0	0.14284	0.28668
 85.0	 86.0	0.02430	0.04807
 86.0	 87.0	0.07504	0.30231
 87.0	 88.0	0.02149	0.05456
 88.0	 89.0	0.14641	0.51747
 89.0	 90.0	0.14159	0.13800
 90.0	 91.0	0.08813	0.12287
 91.0	 92.0	0.05097	0.10260
 92.0	 93.0	0.17120	0.24558
 93.0	 94.0	0.01012	0.05759
 94.0	 95.0	0.18955	0.34352
 95.0	 96.0	0.05738	0.08356
 96.0	 97.0	0.05751	0.14038
 97.0	 98.0	0.12775	0.13676
 98.0	 99.0	0.19867	0.38126
 99.0	100.0	0.49532	0.34097
