  0.0	  5.0	0.52008	0.00302
  5.0	 10.0	0.53279	0.00288
 10.0	 15.0	0.51969	0.00288
 15.0	 20.0	0.50851	0.00295
 20.0	 25.0	0.48320	0.00309
 25.0	 30.0	0.45841	0.00326
 30.0	 35.0	0.42829	0.00353
 35.0	 40.0	0.39638	0.00385
 40.0	 45.0	0.34526	0.00437
 45.0	 50.0	0.29985	0.00510
 50.0	 55.0	0.24117	0.00603
 55.0	 60.0	0.18278	0.00785
 60.0	 65.0	0.12205	0.01087
 65.0	 70.0	0.10791	0.01658
 70.0	 75.0	0.02334	0.01868
 75.0	 80.0	0.05806	0.08403
 80.0	 85.0	0.18349	2.00672
 85.0	 90.0	0.01860	0.03803
 90.0	 95.0	0.06993	0.05089
 95.0	100.0	0.04983	0.07514
