  0.0	  2.0	0.51179	0.00498
  2.0	  4.0	0.52192	0.00471
  4.0	  6.0	0.53320	0.00457
  6.0	  8.0	0.53978	0.00456
  8.0	 10.0	0.52534	0.00451
 10.0	 12.0	0.52513	0.00457
 12.0	 14.0	0.51679	0.00454
 14.0	 16.0	0.51707	0.00462
 16.0	 18.0	0.51625	0.00464
 18.0	 20.0	0.49505	0.00465
 20.0	 22.0	0.49355	0.00482
 22.0	 24.0	0.47540	0.00487
 24.0	 26.0	0.47361	0.00504
 26.0	 28.0	0.45932	0.00508
 28.0	 30.0	0.45184	0.00529
 30.0	 32.0	0.43767	0.00541
 32.0	 34.0	0.42294	0.00563
 34.0	 36.0	0.41874	0.00586
 36.0	 38.0	0.40421	0.00598
 38.0	 40.0	0.37713	0.00630
 40.0	 42.0	0.35921	0.00660
 42.0	 44.0	0.33518	0.00710
 44.0	 46.0	0.33333	0.00738
 46.0	 48.0	0.30124	0.00795
 48.0	 50.0	0.28202	0.00850
 50.0	 52.0	0.25756	0.00876
 52.0	 54.0	0.23512	0.00987
 54.0	 56.0	0.20739	0.01112
 56.0	 58.0	0.19294	0.01292
 58.0	 60.0	0.16538	0.01257
 60.0	 62.0	0.12399	0.01479
 62.0	 64.0	0.11523	0.01853
 64.0	 66.0	0.13161	0.02505
 66.0	 68.0	0.11642	0.02342
 68.0	 70.0	0.08714	0.03283
 70.0	 72.0	0.02557	0.02905
 72.0	 74.0	0.03055	0.03658
 74.0	 76.0	0.02260	0.03945
 76.0	 78.0	0.08938	0.19249
 78.0	 80.0	0.18037	0.69942
 80.0	 82.0	0.04136	0.08608
 82.0	 84.0	0.12900	0.14650
 84.0	 86.0	0.02164	0.07577
 86.0	 88.0	0.01983	0.03565
 88.0	 90.0	0.15884	0.25411
 90.0	 92.0	0.08876	0.06564
 92.0	 94.0	0.09430	0.09491
 94.0	 96.0	0.02661	0.05363
 96.0	 98.0	0.16002	0.20805
 98.0	100.0	0.50648	1.16273
