  0.0	  2.0	0.47785	0.00491
  2.0	  4.0	0.49684	0.00480
  4.0	  6.0	0.51113	0.00472
  6.0	  8.0	0.51414	0.00470
  8.0	 10.0	0.51039	0.00476
 10.0	 12.0	0.52230	0.00486
 12.0	 14.0	0.52423	0.00493
 14.0	 16.0	0.51107	0.00490
 16.0	 18.0	0.50135	0.00489
 18.0	 20.0	0.49318	0.00507
 20.0	 22.0	0.49533	0.00525
 22.0	 24.0	0.49610	0.00540
 24.0	 26.0	0.47742	0.00554
 26.0	 28.0	0.46601	0.00566
 28.0	 30.0	0.45782	0.00578
 30.0	 32.0	0.44024	0.00600
 32.0	 34.0	0.44053	0.00626
 34.0	 36.0	0.42833	0.00640
 36.0	 38.0	0.40903	0.00661
 38.0	 40.0	0.39910	0.00720
 40.0	 42.0	0.38199	0.00750
 42.0	 44.0	0.37077	0.00823
 44.0	 46.0	0.33898	0.00815
 46.0	 48.0	0.32387	0.00928
 48.0	 50.0	0.30850	0.01010
 50.0	 52.0	0.28003	0.01027
 52.0	 54.0	0.26266	0.01155
 54.0	 56.0	0.25469	0.01432
 56.0	 58.0	0.23363	0.01612
 58.0	 60.0	0.19167	0.01678
 60.0	 62.0	0.18778	0.02464
 62.0	 64.0	0.15290	0.02502
 64.0	 66.0	0.14042	0.02472
 66.0	 68.0	0.07588	0.02234
 68.0	 70.0	0.09539	0.03050
 70.0	 72.0	0.19290	0.13186
 72.0	 74.0	0.04308	0.04175
 74.0	 76.0	0.03833	0.09618
 76.0	 78.0	0.05460	0.06736
 78.0	 80.0	0.01310	0.02471
 80.0	 82.0	0.03518	0.08086
 82.0	 84.0	0.00890	0.03875
 84.0	 86.0	0.19723	2.39288
 86.0	 88.0	0.09804	0.09047
 88.0	 90.0	0.04230	0.17300
 90.0	 92.0	0.14654	4.99820
 92.0	 94.0	0.08027	0.04700
 94.0	 96.0	0.06848	0.08167
 96.0	 98.0	0.02929	0.09227
 98.0	100.0	0.18315	0.10608
