  0.0	  5.0	0.53793	0.00313
  5.0	 10.0	0.57013	0.00308
 10.0	 15.0	0.57396	0.00318
 15.0	 20.0	0.56096	0.00325
 20.0	 25.0	0.54739	0.00350
 25.0	 30.0	0.52685	0.00375
 30.0	 35.0	0.49140	0.00405
 35.0	 40.0	0.46389	0.00450
 40.0	 45.0	0.40759	0.00516
 45.0	 50.0	0.36637	0.00624
 50.0	 55.0	0.29616	0.00741
 55.0	 60.0	0.25462	0.01093
 60.0	 65.0	0.17483	0.01557
 65.0	 70.0	0.11580	0.01779
 70.0	 75.0	0.07520	0.06019
 75.0	 80.0	0.01797	0.02601
 80.0	 85.0	0.00855	0.09347
 85.0	 90.0	0.13067	0.26713
 90.0	 95.0	0.09378	0.06825
 95.0	100.0	0.16318	0.24606
