  0.0	  1.0	0.41349	0.00729
  1.0	  2.0	0.46278	0.00658
  2.0	  3.0	0.50014	0.00575
  3.0	  4.0	0.54697	0.00506
  4.0	  5.0	0.58307	0.00464
  5.0	  6.0	0.62722	0.00426
  6.0	  7.0	0.65783	0.00392
  7.0	  8.0	0.68120	0.00365
  8.0	  9.0	0.70661	0.00345
  9.0	 10.0	0.72375	0.00330
 10.0	 11.0	0.73481	0.00315
 11.0	 12.0	0.75281	0.00302
 12.0	 13.0	0.76194	0.00289
 13.0	 14.0	0.77043	0.00290
 14.0	 15.0	0.77550	0.00276
 15.0	 16.0	0.78579	0.00274
 16.0	 17.0	0.78853	0.00266
 17.0	 18.0	0.79748	0.00262
 18.0	 19.0	0.80077	0.00259
 19.0	 20.0	0.79943	0.00258
 20.0	 21.0	0.80405	0.00253
 21.0	 22.0	0.80820	0.00253
 22.0	 23.0	0.80524	0.00254
 23.0	 24.0	0.81274	0.00252
 24.0	 25.0	0.81134	0.00251
 25.0	 26.0	0.80961	0.00258
 26.0	 27.0	0.81101	0.00255
 27.0	 28.0	0.81056	0.00255
 28.0	 29.0	0.80269	0.00263
 29.0	 30.0	0.80173	0.00268
 30.0	 31.0	0.80418	0.00268
 31.0	 32.0	0.79338	0.00273
 32.0	 33.0	0.79223	0.00273
 33.0	 34.0	0.78831	0.00284
 34.0	 35.0	0.77565	0.00288
 35.0	 36.0	0.77962	0.00296
 36.0	 37.0	0.77046	0.00301
 37.0	 38.0	0.76141	0.00313
 38.0	 39.0	0.76103	0.00318
 39.0	 40.0	0.75177	0.00327
 40.0	 41.0	0.74894	0.00331
 41.0	 42.0	0.73521	0.00340
 42.0	 43.0	0.72292	0.00350
 43.0	 44.0	0.71373	0.00359
 44.0	 45.0	0.71230	0.00372
 45.0	 46.0	0.70079	0.00379
 46.0	 47.0	0.69555	0.00398
 47.0	 48.0	0.68064	0.00405
 48.0	 49.0	0.66669	0.00421
 49.0	 50.0	0.64680	0.00434
 50.0	 51.0	0.63962	0.00448
 51.0	 52.0	0.62358	0.00463
 52.0	 53.0	0.61260	0.00488
 53.0	 54.0	0.59463	0.00503
 54.0	 55.0	0.57962	0.00506
 55.0	 56.0	0.57803	0.00532
 56.0	 57.0	0.54968	0.00560
 57.0	 58.0	0.53698	0.00580
 58.0	 59.0	0.50491	0.00589
 59.0	 60.0	0.49783	0.00627
 60.0	 61.0	0.47659	0.00653
 61.0	 62.0	0.46382	0.00693
 62.0	 63.0	0.45477	0.00722
 63.0	 64.0	0.42812	0.00745
 64.0	 65.0	0.41613	0.00811
 65.0	 66.0	0.40586	0.00842
 66.0	 67.0	0.38713	0.00887
 67.0	 68.0	0.36961	0.00953
 68.0	 69.0	0.33784	0.01020
 69.0	 70.0	0.32406	0.01062
 70.0	 71.0	0.29460	0.01119
 71.0	 72.0	0.29222	0.01303
 72.0	 73.0	0.26872	0.01243
 73.0	 74.0	0.26982	0.01533
 74.0	 75.0	0.26126	0.01666
 75.0	 76.0	0.23417	0.01596
 76.0	 77.0	0.20875	0.01855
 77.0	 78.0	0.19647	0.01951
 78.0	 79.0	0.16717	0.01970
 79.0	 80.0	0.15056	0.02325
 80.0	 81.0	0.13875	0.02379
 81.0	 82.0	0.16180	0.04672
 82.0	 83.0	0.12192	0.04321
 83.0	 84.0	0.06892	0.07601
 84.0	 85.0	0.11611	0.04195
 85.0	 86.0	0.26800	0.19236
 86.0	 87.0	0.06855	0.05282
 87.0	 88.0	0.17979	0.15379
 88.0	 89.0	0.02043	0.49245
 89.0	 90.0	0.02609	0.08346
 90.0	 91.0	0.23940	18.58843
 91.0	 92.0	0.13616	0.21692
 92.0	 93.0	0.09076	0.07064
 93.0	 94.0	0.07532	0.10395
 94.0	 95.0	0.01452	0.08172
 95.0	 96.0	0.13724	0.36391
 96.0	 97.0	0.21294	0.43987
 97.0	 98.0	0.14413	0.07895
 98.0	 99.0	0.07368	0.14025
 99.0	100.0	0.07219	0.31758
