  0.0	  2.0	0.43017	0.00487
  2.0	  4.0	0.52430	0.00381
  4.0	  6.0	0.61093	0.00314
  6.0	  8.0	0.66550	0.00268
  8.0	 10.0	0.71002	0.00239
 10.0	 12.0	0.74104	0.00219
 12.0	 14.0	0.76413	0.00205
 14.0	 16.0	0.77507	0.00196
 16.0	 18.0	0.78922	0.00187
 18.0	 20.0	0.79646	0.00183
 20.0	 22.0	0.80378	0.00180
 22.0	 24.0	0.80603	0.00179
 24.0	 26.0	0.80703	0.00180
 26.0	 28.0	0.80649	0.00181
 28.0	 30.0	0.80089	0.00188
 30.0	 32.0	0.79561	0.00192
 32.0	 34.0	0.78749	0.00197
 34.0	 36.0	0.77544	0.00207
 36.0	 38.0	0.76752	0.00216
 38.0	 40.0	0.75573	0.00228
 40.0	 42.0	0.73654	0.00237
 42.0	 44.0	0.72240	0.00250
 44.0	 46.0	0.69776	0.00266
 46.0	 48.0	0.67858	0.00284
 48.0	 50.0	0.66226	0.00301
 50.0	 52.0	0.62817	0.00321
 52.0	 54.0	0.60551	0.00350
 54.0	 56.0	0.56314	0.00366
 56.0	 58.0	0.53605	0.00403
 58.0	 60.0	0.50591	0.00430
 60.0	 62.0	0.46556	0.00474
 62.0	 64.0	0.43860	0.00518
 64.0	 66.0	0.40719	0.00583
 66.0	 68.0	0.37226	0.00645
 68.0	 70.0	0.33605	0.00739
 70.0	 72.0	0.29737	0.00851
 72.0	 74.0	0.26596	0.00965
 74.0	 76.0	0.23177	0.01113
 76.0	 78.0	0.20808	0.01336
 78.0	 80.0	0.17164	0.01580
 80.0	 82.0	0.13685	0.01999
 82.0	 84.0	0.12833	0.03141
 84.0	 86.0	0.16239	0.03978
 86.0	 88.0	0.09710	0.07618
 88.0	 90.0	0.06229	0.08373
 90.0	 92.0	0.25035	0.76838
 92.0	 94.0	0.07993	0.10443
 94.0	 96.0	0.22592	0.80677
 96.0	 98.0	0.05882	0.20659
 98.0	100.0	0.07037	0.32459
