  0.0	  2.0	0.44825	0.00492
  2.0	  4.0	0.54901	0.00384
  4.0	  6.0	0.64332	0.00315
  6.0	  8.0	0.70432	0.00267
  8.0	 10.0	0.74819	0.00236
 10.0	 12.0	0.77994	0.00214
 12.0	 14.0	0.80198	0.00199
 14.0	 16.0	0.81924	0.00188
 16.0	 18.0	0.82861	0.00180
 18.0	 20.0	0.83703	0.00176
 20.0	 22.0	0.84167	0.00172
 22.0	 24.0	0.84229	0.00172
 24.0	 26.0	0.84517	0.00174
 26.0	 28.0	0.84256	0.00174
 28.0	 30.0	0.83741	0.00182
 30.0	 32.0	0.83700	0.00185
 32.0	 34.0	0.82820	0.00191
 34.0	 36.0	0.81611	0.00201
 36.0	 38.0	0.80264	0.00212
 38.0	 40.0	0.79620	0.00223
 40.0	 42.0	0.78120	0.00233
 42.0	 44.0	0.76319	0.00247
 44.0	 46.0	0.74561	0.00264
 46.0	 48.0	0.72389	0.00284
 48.0	 50.0	0.70510	0.00302
 50.0	 52.0	0.67824	0.00323
 52.0	 54.0	0.65207	0.00354
 54.0	 56.0	0.61851	0.00371
 56.0	 58.0	0.58853	0.00410
 58.0	 60.0	0.55245	0.00437
 60.0	 62.0	0.51404	0.00486
 62.0	 64.0	0.47342	0.00528
 64.0	 66.0	0.43942	0.00596
 66.0	 68.0	0.40862	0.00663
 68.0	 70.0	0.36979	0.00760
 70.0	 72.0	0.34452	0.00892
 72.0	 74.0	0.31473	0.01014
 74.0	 76.0	0.26605	0.01158
 76.0	 78.0	0.21464	0.01322
 78.0	 80.0	0.18248	0.01537
 80.0	 82.0	0.17971	0.02162
 82.0	 84.0	0.13669	0.03096
 84.0	 86.0	0.15606	0.03787
 86.0	 88.0	0.12804	0.06108
 88.0	 90.0	0.12370	0.06950
 90.0	 92.0	0.11957	0.05931
 92.0	 94.0	0.08826	0.13553
 94.0	 96.0	0.01367	0.06105
 96.0	 98.0	0.06485	0.17777
 98.0	100.0	0.11643	0.26822
