  0.0	  1.0	0.42340	0.00735
  1.0	  2.0	0.47168	0.00661
  2.0	  3.0	0.52543	0.00579
  3.0	  4.0	0.57133	0.00510
  4.0	  5.0	0.62252	0.00464
  5.0	  6.0	0.66348	0.00426
  6.0	  7.0	0.69606	0.00392
  7.0	  8.0	0.71256	0.00364
  8.0	  9.0	0.74076	0.00342
  9.0	 10.0	0.75562	0.00326
 10.0	 11.0	0.76905	0.00310
 11.0	 12.0	0.79060	0.00294
 12.0	 13.0	0.79520	0.00282
 13.0	 14.0	0.80878	0.00282
 14.0	 15.0	0.81469	0.00267
 15.0	 16.0	0.82384	0.00264
 16.0	 17.0	0.82697	0.00256
 17.0	 18.0	0.83025	0.00253
 18.0	 19.0	0.83822	0.00249
 19.0	 20.0	0.83588	0.00247
 20.0	 21.0	0.84410	0.00242
 21.0	 22.0	0.83926	0.00245
 22.0	 23.0	0.84310	0.00243
 23.0	 24.0	0.84146	0.00244
 24.0	 25.0	0.84649	0.00244
 25.0	 26.0	0.84385	0.00249
 26.0	 27.0	0.84376	0.00246
 27.0	 28.0	0.84139	0.00248
 28.0	 29.0	0.83772	0.00256
 29.0	 30.0	0.83710	0.00260
 30.0	 31.0	0.83826	0.00259
 31.0	 32.0	0.83574	0.00262
 32.0	 33.0	0.83157	0.00264
 33.0	 34.0	0.82474	0.00277
 34.0	 35.0	0.81803	0.00279
 35.0	 36.0	0.81418	0.00289
 36.0	 37.0	0.80559	0.00295
 37.0	 38.0	0.79968	0.00306
 38.0	 39.0	0.80306	0.00311
 39.0	 40.0	0.78930	0.00321
 40.0	 41.0	0.78579	0.00325
 41.0	 42.0	0.77654	0.00335
 42.0	 43.0	0.77217	0.00345
 43.0	 44.0	0.75415	0.00354
 44.0	 45.0	0.75114	0.00369
 45.0	 46.0	0.74006	0.00376
 46.0	 47.0	0.72796	0.00398
 47.0	 48.0	0.71985	0.00405
 48.0	 49.0	0.71223	0.00419
 49.0	 50.0	0.69781	0.00434
 50.0	 51.0	0.67972	0.00449
 51.0	 52.0	0.67674	0.00466
 52.0	 53.0	0.65555	0.00492
 53.0	 54.0	0.64859	0.00509
 54.0	 55.0	0.62871	0.00512
 55.0	 56.0	0.60807	0.00537
 56.0	 57.0	0.60266	0.00570
 57.0	 58.0	0.57408	0.00589
 58.0	 59.0	0.56107	0.00599
 59.0	 60.0	0.54364	0.00639
 60.0	 61.0	0.52480	0.00667
 61.0	 62.0	0.50284	0.00707
 62.0	 63.0	0.48112	0.00732
 63.0	 64.0	0.46569	0.00763
 64.0	 65.0	0.45365	0.00831
 65.0	 66.0	0.42489	0.00856
 66.0	 67.0	0.42525	0.00911
 67.0	 68.0	0.39133	0.00966
 68.0	 69.0	0.37158	0.01046
 69.0	 70.0	0.36815	0.01107
 70.0	 71.0	0.34448	0.01167
 71.0	 72.0	0.34559	0.01381
 72.0	 73.0	0.31448	0.01296
 73.0	 74.0	0.31712	0.01624
 74.0	 75.0	0.26910	0.01640
 75.0	 76.0	0.26278	0.01637
 76.0	 77.0	0.22372	0.01787
 77.0	 78.0	0.20517	0.01967
 78.0	 79.0	0.18442	0.02017
 79.0	 80.0	0.18062	0.02371
 80.0	 81.0	0.19107	0.02582
 81.0	 82.0	0.16908	0.03939
 82.0	 83.0	0.12449	0.04044
 83.0	 84.0	0.14669	0.05234
 84.0	 85.0	0.10684	0.03658
 85.0	 86.0	0.23710	0.11678
 86.0	 87.0	0.12435	0.05169
 87.0	 88.0	0.55121	13.25617
 88.0	 89.0	0.65389	5.79924
 89.0	 90.0	0.02225	0.11388
 90.0	 91.0	0.15096	0.12996
 91.0	 92.0	0.09204	0.06661
 92.0	 93.0	0.10249	0.07597
 93.0	 94.0	0.03283	0.08422
 94.0	 95.0	0.03747	0.11731
 95.0	 96.0	0.00556	1.22140
 96.0	 97.0	0.21611	1.70270
 97.0	 98.0	0.03596	0.16159
 98.0	 99.0	0.19223	0.23415
 99.0	100.0	1.29644	12.88154
