  0.0	  5.0	0.50487	0.00256
  5.0	 10.0	0.68015	0.00166
 10.0	 15.0	0.75921	0.00132
 15.0	 20.0	0.79442	0.00118
 20.0	 25.0	0.80831	0.00113
 25.0	 30.0	0.80715	0.00116
 30.0	 35.0	0.79079	0.00124
 35.0	 40.0	0.76493	0.00139
 40.0	 45.0	0.72675	0.00157
 45.0	 50.0	0.67837	0.00182
 50.0	 55.0	0.61034	0.00215
 55.0	 60.0	0.53427	0.00258
 60.0	 65.0	0.44844	0.00322
 65.0	 70.0	0.36632	0.00422
 70.0	 75.0	0.27711	0.00596
 75.0	 80.0	0.19444	0.00846
 80.0	 85.0	0.12318	0.01691
 85.0	 90.0	0.16540	0.08097
 90.0	 95.0	0.09693	0.07545
 95.0	100.0	0.15807	0.13975
