  0.0	  2.0	0.48006	0.00492
  2.0	  4.0	0.49932	0.00480
  4.0	  6.0	0.51768	0.00474
  6.0	  8.0	0.51733	0.00472
  8.0	 10.0	0.52892	0.00480
 10.0	 12.0	0.52447	0.00488
 12.0	 14.0	0.51898	0.00492
 14.0	 16.0	0.51774	0.00492
 16.0	 18.0	0.50493	0.00491
 18.0	 20.0	0.50012	0.00508
 20.0	 22.0	0.49146	0.00524
 22.0	 24.0	0.48644	0.00537
 24.0	 26.0	0.48111	0.00555
 26.0	 28.0	0.47770	0.00571
 28.0	 30.0	0.45584	0.00576
 30.0	 32.0	0.45381	0.00606
 32.0	 34.0	0.43879	0.00626
 34.0	 36.0	0.42490	0.00638
 36.0	 38.0	0.41410	0.00666
 38.0	 40.0	0.39323	0.00716
 40.0	 42.0	0.37511	0.00748
 42.0	 44.0	0.36953	0.00825
 44.0	 46.0	0.33348	0.00812
 46.0	 48.0	0.33149	0.00934
 48.0	 50.0	0.29183	0.00988
 50.0	 52.0	0.27372	0.01019
 52.0	 54.0	0.25017	0.01144
 54.0	 56.0	0.25687	0.01436
 56.0	 58.0	0.22570	0.01587
 58.0	 60.0	0.21472	0.01764
 60.0	 62.0	0.17669	0.02394
 62.0	 64.0	0.15419	0.02515
 64.0	 66.0	0.11397	0.02288
 66.0	 68.0	0.07409	0.02283
 68.0	 70.0	0.03246	0.06048
 70.0	 72.0	0.03250	0.10184
 72.0	 74.0	0.03069	0.04154
 74.0	 76.0	0.11891	0.17774
 76.0	 78.0	0.10644	0.13973
 78.0	 80.0	0.00600	0.04084
 80.0	 82.0	0.03939	0.05970
 82.0	 84.0	0.01818	0.03673
 84.0	 86.0	0.05586	0.18677
 86.0	 88.0	0.09378	0.35236
 88.0	 90.0	0.15843	0.59966
 90.0	 92.0	0.03792	0.04033
 92.0	 94.0	0.01346	0.08879
 94.0	 96.0	0.02470	0.06110
 96.0	 98.0	0.03096	0.06126
 98.0	100.0	0.09156	0.11177
