  0.0	  5.0	0.52762	0.00258
  5.0	 10.0	0.71442	0.00165
 10.0	 15.0	0.79580	0.00128
 15.0	 20.0	0.83103	0.00114
 20.0	 25.0	0.84288	0.00109
 25.0	 30.0	0.84078	0.00112
 30.0	 35.0	0.82971	0.00120
 35.0	 40.0	0.80241	0.00136
 40.0	 45.0	0.76807	0.00155
 45.0	 50.0	0.71974	0.00182
 50.0	 55.0	0.65809	0.00217
 55.0	 60.0	0.57846	0.00262
 60.0	 65.0	0.48630	0.00329
 65.0	 70.0	0.39684	0.00432
 70.0	 75.0	0.31853	0.00620
 75.0	 80.0	0.21381	0.00853
 80.0	 85.0	0.15288	0.01582
 85.0	 90.0	0.25476	0.16009
 90.0	 95.0	0.11858	0.07193
 95.0	100.0	0.04188	0.12064
