  0.0	  5.0	0.49668	0.00306
  5.0	 10.0	0.52082	0.00300
 10.0	 15.0	0.52240	0.00309
 15.0	 20.0	0.50411	0.00315
 20.0	 25.0	0.48833	0.00338
 25.0	 30.0	0.46879	0.00360
 30.0	 35.0	0.44362	0.00391
 35.0	 40.0	0.40654	0.00430
 40.0	 45.0	0.36404	0.00496
 45.0	 50.0	0.31727	0.00589
 50.0	 55.0	0.25963	0.00704
 55.0	 60.0	0.23035	0.01043
 60.0	 65.0	0.15308	0.01472
 65.0	 70.0	0.07681	0.01704
 70.0	 75.0	0.02178	0.06642
 75.0	 80.0	0.00952	0.06937
 80.0	 85.0	0.01174	0.07674
 85.0	 90.0	0.04574	0.08814
 90.0	 95.0	0.01699	0.08193
 95.0	100.0	0.29277	1.93532
