  0.0	  5.0	0.50347	0.00256
  5.0	 10.0	0.67717	0.00166
 10.0	 15.0	0.75663	0.00132
 15.0	 20.0	0.78985	0.00118
 20.0	 25.0	0.80541	0.00113
 25.0	 30.0	0.80430	0.00116
 30.0	 35.0	0.78908	0.00124
 35.0	 40.0	0.76370	0.00139
 40.0	 45.0	0.72461	0.00157
 45.0	 50.0	0.67458	0.00182
 50.0	 55.0	0.60718	0.00215
 55.0	 60.0	0.52903	0.00258
 60.0	 65.0	0.44551	0.00321
 65.0	 70.0	0.36338	0.00421
 70.0	 75.0	0.27416	0.00592
 75.0	 80.0	0.19797	0.00854
 80.0	 85.0	0.13357	0.01563
 85.0	 90.0	0.11680	0.13370
 90.0	 95.0	0.11678	0.15812
 95.0	100.0	0.08057	0.16047
