  0.0	  1.0	0.47894	0.00704
  1.0	  2.0	0.48117	0.00687
  2.0	  3.0	0.49218	0.00684
  3.0	  4.0	0.50620	0.00675
  4.0	  5.0	0.52372	0.00675
  5.0	  6.0	0.51163	0.00667
  6.0	  7.0	0.51548	0.00672
  7.0	  8.0	0.51915	0.00663
  8.0	  9.0	0.52596	0.00671
  9.0	 10.0	0.53195	0.00686
 10.0	 11.0	0.52688	0.00687
 11.0	 12.0	0.52207	0.00693
 12.0	 13.0	0.52251	0.00691
 13.0	 14.0	0.51540	0.00700
 14.0	 15.0	0.52500	0.00689
 15.0	 16.0	0.51028	0.00701
 16.0	 17.0	0.50813	0.00692
 17.0	 18.0	0.50169	0.00697
 18.0	 19.0	0.50068	0.00719
 19.0	 20.0	0.49953	0.00718
 20.0	 21.0	0.48526	0.00728
 21.0	 22.0	0.49776	0.00754
 22.0	 23.0	0.49185	0.00758
 23.0	 24.0	0.48098	0.00762
 24.0	 25.0	0.48583	0.00782
 25.0	 26.0	0.47628	0.00789
 26.0	 27.0	0.46921	0.00791
 27.0	 28.0	0.48633	0.00824
 28.0	 29.0	0.47245	0.00823
 29.0	 30.0	0.43914	0.00806
 30.0	 31.0	0.46086	0.00873
 31.0	 32.0	0.44692	0.00842
 32.0	 33.0	0.44164	0.00871
 33.0	 34.0	0.43588	0.00900
 34.0	 35.0	0.43231	0.00890
 35.0	 36.0	0.41723	0.00915
 36.0	 37.0	0.41655	0.00937
 37.0	 38.0	0.41153	0.00946
 38.0	 39.0	0.39199	0.00959
 39.0	 40.0	0.39528	0.01077
 40.0	 41.0	0.38323	0.01083
 41.0	 42.0	0.36666	0.01036
 42.0	 43.0	0.35864	0.01084
 43.0	 44.0	0.38236	0.01270
 44.0	 45.0	0.33059	0.01113
 45.0	 46.0	0.33665	0.01188
 46.0	 47.0	0.33661	0.01312
 47.0	 48.0	0.32633	0.01329
 48.0	 49.0	0.29608	0.01391
 49.0	 50.0	0.28639	0.01407
 50.0	 51.0	0.27944	0.01475
 51.0	 52.0	0.26812	0.01408
 52.0	 53.0	0.27242	0.01725
 53.0	 54.0	0.22808	0.01525
 54.0	 55.0	0.24809	0.01871
 55.0	 56.0	0.26686	0.02232
 56.0	 57.0	0.22455	0.01918
 57.0	 58.0	0.22982	0.02793
 58.0	 59.0	0.19526	0.02042
 59.0	 60.0	0.24444	0.03360
 60.0	 61.0	0.20632	0.03678
 61.0	 62.0	0.14639	0.03149
 62.0	 63.0	0.16150	0.03495
 63.0	 64.0	0.13806	0.03784
 64.0	 65.0	0.10099	0.02775
 65.0	 66.0	0.13080	0.04116
 66.0	 67.0	0.09501	0.03422
 67.0	 68.0	0.05162	0.03419
 68.0	 69.0	0.04689	0.03689
 69.0	 70.0	0.10162	0.05983
 70.0	 71.0	0.05893	0.04889
 71.0	 72.0	0.15798	0.65751
 72.0	 73.0	0.02541	0.17619
 73.0	 74.0	0.03845	0.05446
 74.0	 75.0	0.05485	0.08680
 75.0	 76.0	0.17959	0.68045
 76.0	 77.0	0.08418	0.08997
 77.0	 78.0	0.02760	0.10292
 78.0	 79.0	0.03202	0.06818
 79.0	 80.0	0.00325	0.07699
 80.0	 81.0	0.03186	0.07036
 81.0	 82.0	0.04334	0.45880
 82.0	 83.0	0.02837	0.03611
 83.0	 84.0	0.04221	0.34434
 84.0	 85.0	0.05428	0.07684
 85.0	 86.0	0.10645	0.06381
 86.0	 87.0	0.02559	0.09757
 87.0	 88.0	0.03899	0.26437
 88.0	 89.0	0.03890	0.09784
 89.0	 90.0	0.01458	0.05052
 90.0	 91.0	0.10242	0.09529
 91.0	 92.0	0.02035	0.07343
 92.0	 93.0	0.02599	0.18633
 93.0	 94.0	0.03088	0.35314
 94.0	 95.0	0.23369	0.34587
 95.0	 96.0	0.11197	0.08705
 96.0	 97.0	0.02466	0.06242
 97.0	 98.0	0.03647	0.25711
 98.0	 99.0	0.12206	0.13138
 99.0	100.0	0.06427	0.19104
