  0.0	  5.0	0.49246	0.00306
  5.0	 10.0	0.51184	0.00299
 10.0	 15.0	0.52062	0.00309
 15.0	 20.0	0.50028	0.00315
 20.0	 25.0	0.49370	0.00339
 25.0	 30.0	0.46341	0.00360
 30.0	 35.0	0.43853	0.00389
 35.0	 40.0	0.40839	0.00430
 40.0	 45.0	0.37049	0.00498
 45.0	 50.0	0.31926	0.00591
 50.0	 55.0	0.26954	0.00713
 55.0	 60.0	0.21997	0.01024
 60.0	 65.0	0.16898	0.01536
 65.0	 70.0	0.09136	0.01638
 70.0	 75.0	0.06626	0.05156
 75.0	 80.0	0.02091	0.03681
 80.0	 85.0	0.01987	0.03789
 85.0	 90.0	0.03517	0.05936
 90.0	 95.0	0.02403	0.06813
 95.0	100.0	0.02427	2.61643
