  0.0	  2.0	0.43885	0.00489
  2.0	  4.0	0.52422	0.00381
  4.0	  6.0	0.60554	0.00314
  6.0	  8.0	0.66958	0.00268
  8.0	 10.0	0.71518	0.00239
 10.0	 12.0	0.74390	0.00218
 12.0	 14.0	0.76618	0.00205
 14.0	 16.0	0.78061	0.00194
 16.0	 18.0	0.79303	0.00187
 18.0	 20.0	0.80009	0.00183
 20.0	 22.0	0.80613	0.00179
 22.0	 24.0	0.80898	0.00179
 24.0	 26.0	0.81047	0.00180
 26.0	 28.0	0.81078	0.00180
 28.0	 30.0	0.80221	0.00188
 30.0	 32.0	0.79878	0.00191
 32.0	 34.0	0.79029	0.00197
 34.0	 36.0	0.77761	0.00207
 36.0	 38.0	0.76595	0.00217
 38.0	 40.0	0.75641	0.00228
 40.0	 42.0	0.74213	0.00237
 42.0	 44.0	0.71834	0.00251
 44.0	 46.0	0.70656	0.00266
 46.0	 48.0	0.68807	0.00284
 48.0	 50.0	0.65686	0.00302
 50.0	 52.0	0.63168	0.00322
 52.0	 54.0	0.60366	0.00350
 54.0	 56.0	0.57877	0.00367
 56.0	 58.0	0.54338	0.00403
 58.0	 60.0	0.50135	0.00429
 60.0	 62.0	0.47030	0.00475
 62.0	 64.0	0.44155	0.00519
 64.0	 66.0	0.41105	0.00584
 66.0	 68.0	0.37874	0.00649
 68.0	 70.0	0.33111	0.00736
 70.0	 72.0	0.29308	0.00849
 72.0	 74.0	0.26840	0.00965
 74.0	 76.0	0.24810	0.01153
 76.0	 78.0	0.20283	0.01343
 78.0	 80.0	0.15994	0.01495
 80.0	 82.0	0.14836	0.02173
 82.0	 84.0	0.07823	0.04323
 84.0	 86.0	0.15884	0.04180
 86.0	 88.0	0.10069	0.04290
 88.0	 90.0	0.02808	0.14509
 90.0	 92.0	0.13443	0.29998
 92.0	 94.0	0.08444	0.05843
 94.0	 96.0	0.02883	0.21425
 96.0	 98.0	0.05365	0.19552
 98.0	100.0	0.07720	0.16678
