  0.0	  2.0	0.51395	0.00500
  2.0	  4.0	0.54492	0.00492
  4.0	  6.0	0.56582	0.00485
  6.0	  8.0	0.57413	0.00485
  8.0	 10.0	0.57066	0.00490
 10.0	 12.0	0.57388	0.00500
 12.0	 14.0	0.57716	0.00507
 14.0	 16.0	0.56467	0.00504
 16.0	 18.0	0.56230	0.00505
 18.0	 20.0	0.55930	0.00525
 20.0	 22.0	0.55546	0.00543
 22.0	 24.0	0.54202	0.00556
 24.0	 26.0	0.54174	0.00576
 26.0	 28.0	0.53618	0.00593
 28.0	 30.0	0.50967	0.00597
 30.0	 32.0	0.51015	0.00631
 32.0	 34.0	0.48661	0.00648
 34.0	 36.0	0.47247	0.00661
 36.0	 38.0	0.46888	0.00694
 38.0	 40.0	0.44890	0.00750
 40.0	 42.0	0.42458	0.00780
 42.0	 44.0	0.40019	0.00848
 44.0	 46.0	0.38569	0.00854
 46.0	 48.0	0.37066	0.00978
 48.0	 50.0	0.35296	0.01064
 50.0	 52.0	0.31670	0.01077
 52.0	 54.0	0.28478	0.01195
 54.0	 56.0	0.27751	0.01488
 56.0	 58.0	0.24612	0.01649
 58.0	 60.0	0.24994	0.01900
 60.0	 62.0	0.22975	0.02740
 62.0	 64.0	0.15595	0.02507
 64.0	 66.0	0.12552	0.02389
 66.0	 68.0	0.12987	0.02612
 68.0	 70.0	0.07468	0.02813
 70.0	 72.0	0.06553	0.07444
 72.0	 74.0	0.04650	0.05569
 74.0	 76.0	0.07070	0.12344
 76.0	 78.0	0.04329	0.09322
 78.0	 80.0	0.00878	0.03404
 80.0	 82.0	0.03213	0.06686
 82.0	 84.0	0.04256	0.04834
 84.0	 86.0	0.17673	0.61892
 86.0	 88.0	0.07255	0.13042
 88.0	 90.0	0.03783	0.06052
 90.0	 92.0	0.07620	0.05635
 92.0	 94.0	0.06898	0.06942
 94.0	 96.0	0.07573	0.15263
 96.0	 98.0	0.11219	0.14586
 98.0	100.0	0.05888	0.13517
