  0.0	  1.0	0.47296	0.00703
  1.0	  2.0	0.48267	0.00687
  2.0	  3.0	0.49142	0.00686
  3.0	  4.0	0.50206	0.00672
  4.0	  5.0	0.51220	0.00670
  5.0	  6.0	0.51007	0.00666
  6.0	  7.0	0.51944	0.00672
  7.0	  8.0	0.50887	0.00659
  8.0	  9.0	0.50970	0.00668
  9.0	 10.0	0.51110	0.00679
 10.0	 11.0	0.52021	0.00684
 11.0	 12.0	0.52440	0.00691
 12.0	 13.0	0.52082	0.00690
 13.0	 14.0	0.52764	0.00704
 14.0	 15.0	0.51014	0.00684
 15.0	 16.0	0.51200	0.00703
 16.0	 17.0	0.50274	0.00688
 17.0	 18.0	0.49997	0.00695
 18.0	 19.0	0.49415	0.00718
 19.0	 20.0	0.49222	0.00716
 20.0	 21.0	0.48570	0.00727
 21.0	 22.0	0.50515	0.00758
 22.0	 23.0	0.49316	0.00756
 23.0	 24.0	0.49909	0.00772
 24.0	 25.0	0.48555	0.00780
 25.0	 26.0	0.46919	0.00787
 26.0	 27.0	0.45757	0.00785
 27.0	 28.0	0.47457	0.00817
 28.0	 29.0	0.46556	0.00823
 29.0	 30.0	0.45005	0.00812
 30.0	 31.0	0.45297	0.00869
 31.0	 32.0	0.42784	0.00829
 32.0	 33.0	0.43890	0.00870
 33.0	 34.0	0.44191	0.00901
 34.0	 35.0	0.43123	0.00891
 35.0	 36.0	0.42527	0.00919
 36.0	 37.0	0.41350	0.00930
 37.0	 38.0	0.40447	0.00940
 38.0	 39.0	0.38984	0.00957
 39.0	 40.0	0.40982	0.01091
 40.0	 41.0	0.39128	0.01081
 41.0	 42.0	0.37281	0.01041
 42.0	 43.0	0.36527	0.01085
 43.0	 44.0	0.37778	0.01261
 44.0	 45.0	0.34638	0.01130
 45.0	 46.0	0.33131	0.01177
 46.0	 47.0	0.33578	0.01317
 47.0	 48.0	0.31177	0.01309
 48.0	 49.0	0.32486	0.01430
 49.0	 50.0	0.29156	0.01426
 50.0	 51.0	0.29233	0.01501
 51.0	 52.0	0.26793	0.01409
 52.0	 53.0	0.27537	0.01709
 53.0	 54.0	0.25028	0.01567
 54.0	 55.0	0.26318	0.01922
 55.0	 56.0	0.24254	0.02164
 56.0	 57.0	0.23311	0.01974
 57.0	 58.0	0.23638	0.02804
 58.0	 59.0	0.17949	0.02009
 59.0	 60.0	0.20808	0.03087
 60.0	 61.0	0.18286	0.03446
 61.0	 62.0	0.19188	0.03528
 62.0	 63.0	0.19919	0.03881
 63.0	 64.0	0.09814	0.03479
 64.0	 65.0	0.15859	0.03184
 65.0	 66.0	0.11574	0.04020
 66.0	 67.0	0.07931	0.03485
 67.0	 68.0	0.06848	0.03099
 68.0	 69.0	0.07520	0.03579
 69.0	 70.0	0.11655	0.05870
 70.0	 71.0	0.11203	0.06468
 71.0	 72.0	0.33051	0.88770
 72.0	 73.0	0.07955	0.06716
 73.0	 74.0	0.00902	0.08198
 74.0	 75.0	0.02686	0.10264
 75.0	 76.0	0.08391	0.23575
 76.0	 77.0	0.04741	0.07235
 77.0	 78.0	0.02408	0.11061
 78.0	 79.0	0.03765	0.11692
 79.0	 80.0	0.02600	0.02723
 80.0	 81.0	0.06264	0.07293
 81.0	 82.0	0.02824	0.41605
 82.0	 83.0	0.02624	0.06192
 83.0	 84.0	0.04439	0.07300
 84.0	 85.0	0.04362	0.05264
 85.0	 86.0	0.01277	0.14328
 86.0	 87.0	0.01780	0.35867
 87.0	 88.0	0.16286	0.21469
 88.0	 89.0	0.01140	0.04251
 89.0	 90.0	0.01164	0.04999
 90.0	 91.0	0.06794	0.08579
 91.0	 92.0	0.04116	0.09307
 92.0	 93.0	0.03397	0.09115
 93.0	 94.0	0.12378	0.14847
 94.0	 95.0	0.04897	0.13196
 95.0	 96.0	0.07359	0.15378
 96.0	 97.0	0.06375	0.15533
 97.0	 98.0	0.02612	0.19758
 98.0	 99.0	0.10436	0.17878
 99.0	100.0	0.36340	0.75803
