  0.0	  1.0	0.50798	0.00714
  1.0	  2.0	0.51979	0.00701
  2.0	  3.0	0.54030	0.00703
  3.0	  4.0	0.54945	0.00688
  4.0	  5.0	0.57070	0.00690
  5.0	  6.0	0.56096	0.00683
  6.0	  7.0	0.57487	0.00691
  7.0	  8.0	0.57341	0.00680
  8.0	  9.0	0.56800	0.00687
  9.0	 10.0	0.57338	0.00700
 10.0	 11.0	0.57411	0.00703
 11.0	 12.0	0.57363	0.00711
 12.0	 13.0	0.56888	0.00708
 13.0	 14.0	0.58544	0.00725
 14.0	 15.0	0.56775	0.00705
 15.0	 16.0	0.56146	0.00721
 16.0	 17.0	0.55991	0.00710
 17.0	 18.0	0.56472	0.00720
 18.0	 19.0	0.56487	0.00745
 19.0	 20.0	0.55381	0.00741
 20.0	 21.0	0.54961	0.00754
 21.0	 22.0	0.56146	0.00782
 22.0	 23.0	0.55108	0.00784
 23.0	 24.0	0.53285	0.00788
 24.0	 25.0	0.54178	0.00807
 25.0	 26.0	0.54171	0.00823
 26.0	 27.0	0.52852	0.00822
 27.0	 28.0	0.54398	0.00856
 28.0	 29.0	0.51412	0.00849
 29.0	 30.0	0.50514	0.00839
 30.0	 31.0	0.51048	0.00907
 31.0	 32.0	0.50983	0.00878
 32.0	 33.0	0.48950	0.00901
 33.0	 34.0	0.48367	0.00931
 34.0	 35.0	0.46239	0.00909
 35.0	 36.0	0.48287	0.00962
 36.0	 37.0	0.47078	0.00975
 37.0	 38.0	0.46696	0.00988
 38.0	 39.0	0.44973	0.01002
 39.0	 40.0	0.44874	0.01130
 40.0	 41.0	0.43044	0.01123
 41.0	 42.0	0.41882	0.01085
 42.0	 43.0	0.39993	0.01120
 43.0	 44.0	0.40134	0.01295
 44.0	 45.0	0.38724	0.01173
 45.0	 46.0	0.38420	0.01246
 46.0	 47.0	0.37251	0.01367
 47.0	 48.0	0.36804	0.01402
 48.0	 49.0	0.34777	0.01471
 49.0	 50.0	0.35831	0.01541
 50.0	 51.0	0.34279	0.01604
 51.0	 52.0	0.28957	0.01455
 52.0	 53.0	0.28430	0.01734
 53.0	 54.0	0.28446	0.01653
 54.0	 55.0	0.27568	0.01963
 55.0	 56.0	0.28013	0.02279
 56.0	 57.0	0.21975	0.01918
 57.0	 58.0	0.28326	0.03106
 58.0	 59.0	0.24057	0.02222
 59.0	 60.0	0.26652	0.03546
 60.0	 61.0	0.21514	0.03758
 61.0	 62.0	0.24423	0.03994
 62.0	 63.0	0.15868	0.03532
 63.0	 64.0	0.14694	0.03652
 64.0	 65.0	0.10021	0.02738
 65.0	 66.0	0.15914	0.04598
 66.0	 67.0	0.13637	0.03909
 67.0	 68.0	0.12075	0.03582
 68.0	 69.0	0.05371	0.03348
 69.0	 70.0	0.10144	0.05229
 70.0	 71.0	0.04142	0.04577
 71.0	 72.0	0.07801	0.48418
 72.0	 73.0	0.05206	0.06327
 73.0	 74.0	0.06349	0.09647
 74.0	 75.0	0.06196	0.07196
 75.0	 76.0	0.03727	0.14819
 76.0	 77.0	0.01774	0.07574
 77.0	 78.0	0.04516	0.05084
 78.0	 79.0	0.06675	0.07283
 79.0	 80.0	0.01900	0.02752
 80.0	 81.0	0.07367	0.07356
 81.0	 82.0	0.09061	0.60878
 82.0	 83.0	0.00324	0.22923
 83.0	 84.0	0.52734	13.08119
 84.0	 85.0	0.04433	0.08896
 85.0	 86.0	0.05205	0.10295
 86.0	 87.0	0.01525	0.06144
 87.0	 88.0	0.19751	0.50160
 88.0	 89.0	0.04686	0.16561
 89.0	 90.0	0.03599	0.03508
 90.0	 91.0	0.12947	0.18051
 91.0	 92.0	0.03155	0.06352
 92.0	 93.0	0.06379	0.09150
 93.0	 94.0	0.06993	0.39805
 94.0	 95.0	0.03047	0.05522
 95.0	 96.0	0.06987	0.10175
 96.0	 97.0	0.32589	0.79546
 97.0	 98.0	0.12598	0.13487
 98.0	 99.0	0.07031	0.13493
 99.0	100.0	0.33830	0.23288
