  0.0	  2.0	0.64465	0.00415
  2.0	  4.0	0.73703	0.00311
  4.0	  6.0	0.80955	0.00252
  6.0	  8.0	0.86124	0.00209
  8.0	 10.0	0.88736	0.00181
 10.0	 12.0	0.90447	0.00162
 12.0	 14.0	0.91582	0.00149
 14.0	 16.0	0.92356	0.00140
 16.0	 18.0	0.92786	0.00132
 18.0	 20.0	0.93130	0.00129
 20.0	 22.0	0.93321	0.00127
 22.0	 24.0	0.93376	0.00125
 24.0	 26.0	0.93447	0.00125
 26.0	 28.0	0.92996	0.00126
 28.0	 30.0	0.92965	0.00128
 30.0	 32.0	0.92378	0.00133
 32.0	 34.0	0.92026	0.00137
 34.0	 36.0	0.91437	0.00143
 36.0	 38.0	0.90655	0.00149
 38.0	 40.0	0.89876	0.00158
 40.0	 42.0	0.89117	0.00167
 42.0	 44.0	0.87911	0.00176
 44.0	 46.0	0.86352	0.00190
 46.0	 48.0	0.84962	0.00205
 48.0	 50.0	0.83519	0.00220
 50.0	 52.0	0.81146	0.00237
 52.0	 54.0	0.78927	0.00259
 54.0	 56.0	0.76365	0.00281
 56.0	 58.0	0.73297	0.00303
 58.0	 60.0	0.70729	0.00338
 60.0	 62.0	0.66795	0.00371
 62.0	 64.0	0.62863	0.00411
 64.0	 66.0	0.59075	0.00464
 66.0	 68.0	0.54999	0.00532
 68.0	 70.0	0.49357	0.00582
 70.0	 72.0	0.44668	0.00658
 72.0	 74.0	0.39820	0.00759
 74.0	 76.0	0.37963	0.00951
 76.0	 78.0	0.30006	0.00981
 78.0	 80.0	0.26998	0.01185
 80.0	 82.0	0.21377	0.01373
 82.0	 84.0	0.19156	0.01679
 84.0	 86.0	0.17010	0.02083
 86.0	 88.0	0.15112	0.02277
 88.0	 90.0	0.13171	0.03048
 90.0	 92.0	0.07398	0.02415
 92.0	 94.0	0.03885	0.03908
 94.0	 96.0	0.06079	0.07315
 96.0	 98.0	0.12568	0.10847
 98.0	100.0	0.04125	0.47596
