  0.0	  5.0	0.71269	0.00211
  5.0	 10.0	0.86420	0.00129
 10.0	 15.0	0.91248	0.00097
 15.0	 20.0	0.92870	0.00083
 20.0	 25.0	0.93370	0.00079
 25.0	 30.0	0.93072	0.00080
 30.0	 35.0	0.92048	0.00086
 35.0	 40.0	0.90502	0.00096
 40.0	 45.0	0.88200	0.00110
 45.0	 50.0	0.84540	0.00132
 50.0	 55.0	0.79449	0.00160
 55.0	 60.0	0.72749	0.00197
 60.0	 65.0	0.64009	0.00254
 65.0	 70.0	0.53366	0.00339
 70.0	 75.0	0.41686	0.00467
 75.0	 80.0	0.30344	0.00660
 80.0	 85.0	0.19847	0.00974
 85.0	 90.0	0.15231	0.01659
 90.0	 95.0	0.06695	0.01860
 95.0	100.0	0.09191	0.06244
