  0.0	  1.0	0.61804	0.00619
  1.0	  2.0	0.67129	0.00557
  2.0	  3.0	0.71170	0.00473
  3.0	  4.0	0.76159	0.00411
  4.0	  5.0	0.79592	0.00378
  5.0	  6.0	0.82313	0.00337
  6.0	  7.0	0.85362	0.00309
  7.0	  8.0	0.86891	0.00284
  8.0	  9.0	0.88336	0.00264
  9.0	 10.0	0.89142	0.00249
 10.0	 11.0	0.89869	0.00234
 11.0	 12.0	0.91019	0.00225
 12.0	 13.0	0.91319	0.00213
 13.0	 14.0	0.91848	0.00209
 14.0	 15.0	0.92192	0.00200
 15.0	 16.0	0.92523	0.00195
 16.0	 17.0	0.92611	0.00189
 17.0	 18.0	0.92959	0.00186
 18.0	 19.0	0.93184	0.00184
 19.0	 20.0	0.93078	0.00180
 20.0	 21.0	0.93257	0.00180
 21.0	 22.0	0.93385	0.00178
 22.0	 23.0	0.93584	0.00176
 23.0	 24.0	0.93167	0.00178
 24.0	 25.0	0.93457	0.00175
 25.0	 26.0	0.93437	0.00179
 26.0	 27.0	0.93075	0.00179
 27.0	 28.0	0.92919	0.00177
 28.0	 29.0	0.93012	0.00179
 29.0	 30.0	0.92919	0.00184
 30.0	 31.0	0.92547	0.00186
 31.0	 32.0	0.92206	0.00189
 32.0	 33.0	0.92207	0.00193
 33.0	 34.0	0.91843	0.00195
 34.0	 35.0	0.91431	0.00199
 35.0	 36.0	0.91444	0.00204
 36.0	 37.0	0.90876	0.00209
 37.0	 38.0	0.90435	0.00214
 38.0	 39.0	0.90153	0.00221
 39.0	 40.0	0.89599	0.00226
 40.0	 41.0	0.89378	0.00231
 41.0	 42.0	0.88850	0.00242
 42.0	 43.0	0.88218	0.00246
 43.0	 44.0	0.87603	0.00252
 44.0	 45.0	0.86937	0.00265
 45.0	 46.0	0.85768	0.00272
 46.0	 47.0	0.85258	0.00284
 47.0	 48.0	0.84670	0.00296
 48.0	 49.0	0.84125	0.00302
 49.0	 50.0	0.82900	0.00322
 50.0	 51.0	0.81620	0.00326
 51.0	 52.0	0.80673	0.00344
 52.0	 53.0	0.79198	0.00357
 53.0	 54.0	0.78665	0.00377
 54.0	 55.0	0.77043	0.00388
 55.0	 56.0	0.75679	0.00405
 56.0	 57.0	0.73890	0.00414
 57.0	 58.0	0.72697	0.00443
 58.0	 59.0	0.71814	0.00467
 59.0	 60.0	0.69625	0.00488
 60.0	 61.0	0.68051	0.00513
 61.0	 62.0	0.65498	0.00538
 62.0	 63.0	0.63824	0.00569
 63.0	 64.0	0.61885	0.00594
 64.0	 65.0	0.60522	0.00644
 65.0	 66.0	0.57595	0.00670
 66.0	 67.0	0.56279	0.00725
 67.0	 68.0	0.53683	0.00784
 68.0	 69.0	0.50383	0.00792
 69.0	 70.0	0.48323	0.00858
 70.0	 71.0	0.45025	0.00871
 71.0	 72.0	0.44371	0.01003
 72.0	 73.0	0.40616	0.01025
 73.0	 74.0	0.39025	0.01128
 74.0	 75.0	0.39373	0.01344
 75.0	 76.0	0.36552	0.01345
 76.0	 77.0	0.30975	0.01321
 77.0	 78.0	0.28963	0.01467
 78.0	 79.0	0.26338	0.01483
 79.0	 80.0	0.27906	0.01949
 80.0	 81.0	0.24014	0.02200
 81.0	 82.0	0.18882	0.01734
 82.0	 83.0	0.19319	0.01987
 83.0	 84.0	0.19010	0.03106
 84.0	 85.0	0.16807	0.02459
 85.0	 86.0	0.17605	0.03864
 86.0	 87.0	0.16209	0.03500
 87.0	 88.0	0.13712	0.03001
 88.0	 89.0	0.15515	0.04678
 89.0	 90.0	0.10421	0.03958
 90.0	 91.0	0.09022	0.03218
 91.0	 92.0	0.04617	0.04124
 92.0	 93.0	0.04424	0.06055
 93.0	 94.0	0.02310	0.05271
 94.0	 95.0	0.02267	0.39953
 95.0	 96.0	0.06740	0.08952
 96.0	 97.0	0.16176	0.12876
 97.0	 98.0	0.00303	2.28873
 98.0	 99.0	0.07391	0.40089
 99.0	100.0	1.08454	5.60045
