  0.0	  2.0	0.65189	0.00360
  2.0	  4.0	0.67367	0.00348
  4.0	  6.0	0.68017	0.00339
  6.0	  8.0	0.67496	0.00330
  8.0	 10.0	0.67740	0.00331
 10.0	 12.0	0.67896	0.00332
 12.0	 14.0	0.67745	0.00336
 14.0	 16.0	0.66382	0.00336
 16.0	 18.0	0.66011	0.00340
 18.0	 20.0	0.66029	0.00351
 20.0	 22.0	0.64299	0.00353
 22.0	 24.0	0.63435	0.00357
 24.0	 26.0	0.62221	0.00365
 26.0	 28.0	0.60914	0.00371
 28.0	 30.0	0.60507	0.00384
 30.0	 32.0	0.58536	0.00396
 32.0	 34.0	0.57463	0.00406
 34.0	 36.0	0.55754	0.00423
 36.0	 38.0	0.53371	0.00442
 38.0	 40.0	0.51714	0.00462
 40.0	 42.0	0.48926	0.00476
 42.0	 44.0	0.47558	0.00511
 44.0	 46.0	0.45013	0.00537
 46.0	 48.0	0.41530	0.00571
 48.0	 50.0	0.40035	0.00605
 50.0	 52.0	0.38035	0.00680
 52.0	 54.0	0.33839	0.00699
 54.0	 56.0	0.30962	0.00777
 56.0	 58.0	0.28092	0.00897
 58.0	 60.0	0.25882	0.01018
 60.0	 62.0	0.22518	0.01170
 62.0	 64.0	0.18717	0.01244
 64.0	 66.0	0.16200	0.01349
 66.0	 68.0	0.11882	0.01688
 68.0	 70.0	0.13670	0.02837
 70.0	 72.0	0.09832	0.02198
 72.0	 74.0	0.08378	0.03456
 74.0	 76.0	0.03583	0.02184
 76.0	 78.0	0.00917	0.03052
 78.0	 80.0	0.01857	0.05128
 80.0	 82.0	0.01602	0.03345
 82.0	 84.0	0.04658	0.02511
 84.0	 86.0	0.07347	0.13262
 86.0	 88.0	0.16694	1.52058
 88.0	 90.0	0.01050	0.13036
 90.0	 92.0	0.03263	0.03669
 92.0	 94.0	0.11344	0.26763
 94.0	 96.0	0.12487	0.14341
 96.0	 98.0	0.07784	0.17663
 98.0	100.0	0.08608	1.15286
