  0.0	  5.0	0.66523	0.00222
  5.0	 10.0	0.67789	0.00210
 10.0	 15.0	0.67514	0.00211
 15.0	 20.0	0.66110	0.00218
 20.0	 25.0	0.63730	0.00226
 25.0	 30.0	0.60821	0.00237
 30.0	 35.0	0.57659	0.00256
 35.0	 40.0	0.53100	0.00282
 40.0	 45.0	0.47869	0.00317
 45.0	 50.0	0.41378	0.00364
 50.0	 55.0	0.35252	0.00446
 55.0	 60.0	0.27569	0.00574
 60.0	 65.0	0.19940	0.00772
 65.0	 70.0	0.13486	0.01188
 70.0	 75.0	0.08575	0.01698
 75.0	 80.0	0.02127	0.02601
 80.0	 85.0	0.14238	0.98520
 85.0	 90.0	0.05595	0.12910
 90.0	 95.0	0.04179	0.04438
 95.0	100.0	0.39698	3.04928
