  0.0	  1.0	0.65057	0.00514
  1.0	  2.0	0.65332	0.00505
  2.0	  3.0	0.67600	0.00505
  3.0	  4.0	0.67154	0.00481
  4.0	  5.0	0.67550	0.00480
  5.0	  6.0	0.68483	0.00479
  6.0	  7.0	0.67208	0.00467
  7.0	  8.0	0.67782	0.00467
  8.0	  9.0	0.68007	0.00466
  9.0	 10.0	0.67470	0.00470
 10.0	 11.0	0.68340	0.00470
 11.0	 12.0	0.67451	0.00469
 12.0	 13.0	0.67779	0.00471
 13.0	 14.0	0.67711	0.00480
 14.0	 15.0	0.66282	0.00472
 15.0	 16.0	0.66484	0.00479
 16.0	 17.0	0.66049	0.00484
 17.0	 18.0	0.65972	0.00479
 18.0	 19.0	0.66117	0.00495
 19.0	 20.0	0.65941	0.00500
 20.0	 21.0	0.64886	0.00506
 21.0	 22.0	0.63720	0.00494
 22.0	 23.0	0.63404	0.00501
 23.0	 24.0	0.63469	0.00510
 24.0	 25.0	0.63176	0.00518
 25.0	 26.0	0.61260	0.00515
 26.0	 27.0	0.61673	0.00530
 27.0	 28.0	0.60164	0.00521
 28.0	 29.0	0.60741	0.00548
 29.0	 30.0	0.60273	0.00539
 30.0	 31.0	0.58719	0.00553
 31.0	 32.0	0.58350	0.00566
 32.0	 33.0	0.58251	0.00574
 33.0	 34.0	0.56663	0.00573
 34.0	 35.0	0.56262	0.00600
 35.0	 36.0	0.55242	0.00597
 36.0	 37.0	0.53691	0.00623
 37.0	 38.0	0.53050	0.00627
 38.0	 39.0	0.52540	0.00648
 39.0	 40.0	0.50879	0.00659
 40.0	 41.0	0.48427	0.00648
 41.0	 42.0	0.49474	0.00701
 42.0	 43.0	0.48370	0.00718
 43.0	 44.0	0.46735	0.00728
 44.0	 45.0	0.46352	0.00759
 45.0	 46.0	0.43660	0.00759
 46.0	 47.0	0.41129	0.00768
 47.0	 48.0	0.42001	0.00853
 48.0	 49.0	0.40000	0.00811
 49.0	 50.0	0.40121	0.00907
 50.0	 51.0	0.38735	0.00936
 51.0	 52.0	0.37319	0.00988
 52.0	 53.0	0.33521	0.00934
 53.0	 54.0	0.34225	0.01054
 54.0	 55.0	0.32114	0.01103
 55.0	 56.0	0.29785	0.01096
 56.0	 57.0	0.28085	0.01164
 57.0	 58.0	0.28194	0.01402
 58.0	 59.0	0.26935	0.01398
 59.0	 60.0	0.24784	0.01487
 60.0	 61.0	0.23559	0.01698
 61.0	 62.0	0.21459	0.01614
 62.0	 63.0	0.20068	0.01819
 63.0	 64.0	0.17316	0.01702
 64.0	 65.0	0.16632	0.01819
 65.0	 66.0	0.15759	0.02011
 66.0	 67.0	0.14675	0.02665
 67.0	 68.0	0.08664	0.02288
 68.0	 69.0	0.12238	0.03351
 69.0	 70.0	0.15549	0.05301
 70.0	 71.0	0.11581	0.03067
 71.0	 72.0	0.07820	0.03134
 72.0	 73.0	0.08572	0.03496
 73.0	 74.0	0.08955	0.11020
 74.0	 75.0	0.05677	0.04524
 75.0	 76.0	0.01939	0.02419
 76.0	 77.0	0.02340	0.04865
 77.0	 78.0	0.01049	0.13503
 78.0	 79.0	0.03275	0.08694
 79.0	 80.0	0.08709	0.09305
 80.0	 81.0	0.01143	0.03721
 81.0	 82.0	0.04792	0.05221
 82.0	 83.0	0.06392	0.04879
 83.0	 84.0	0.03204	0.03088
 84.0	 85.0	0.04774	0.41048
 85.0	 86.0	0.09740	0.11868
 86.0	 87.0	0.03943	0.03510
 87.0	 88.0	0.04916	0.04748
 88.0	 89.0	0.06652	0.10644
 89.0	 90.0	0.06356	0.07725
 90.0	 91.0	0.05924	0.03558
 91.0	 92.0	0.04655	0.21645
 92.0	 93.0	0.21999	0.37616
 93.0	 94.0	0.06930	0.13769
 94.0	 95.0	0.07677	0.09798
 95.0	 96.0	0.29466	0.42752
 96.0	 97.0	0.04220	0.18830
 97.0	 98.0	0.90995	9.13863
 98.0	 99.0	0.12542	0.62694
 99.0	100.0	1.15608	1.45122
