  0.0	  5.0	0.58746	0.00164
  5.0	 10.0	0.76950	0.00103
 10.0	 15.0	0.83774	0.00078
 15.0	 20.0	0.86275	0.00068
 20.0	 25.0	0.86878	0.00065
 25.0	 30.0	0.86247	0.00066
 30.0	 35.0	0.84788	0.00072
 35.0	 40.0	0.82172	0.00080
 40.0	 45.0	0.78395	0.00092
 45.0	 50.0	0.73213	0.00107
 50.0	 55.0	0.66599	0.00127
 55.0	 60.0	0.58276	0.00153
 60.0	 65.0	0.48833	0.00191
 65.0	 70.0	0.38412	0.00241
 70.0	 75.0	0.28479	0.00324
 75.0	 80.0	0.18190	0.00437
 80.0	 85.0	0.12844	0.00746
 85.0	 90.0	0.04956	0.01168
 90.0	 95.0	0.04907	0.02750
 95.0	100.0	0.13691	0.34934
