  0.0	  1.0	0.47698	0.00466
  1.0	  2.0	0.53107	0.00417
  2.0	  3.0	0.58887	0.00371
  3.0	  4.0	0.64212	0.00325
  4.0	  5.0	0.68125	0.00292
  5.0	  6.0	0.72092	0.00267
  6.0	  7.0	0.74741	0.00243
  7.0	  8.0	0.77179	0.00227
  8.0	  9.0	0.79586	0.00211
  9.0	 10.0	0.80827	0.00199
 10.0	 11.0	0.81975	0.00189
 11.0	 12.0	0.83150	0.00181
 12.0	 13.0	0.83908	0.00173
 13.0	 14.0	0.84570	0.00167
 14.0	 15.0	0.85229	0.00163
 15.0	 16.0	0.85586	0.00158
 16.0	 17.0	0.86027	0.00154
 17.0	 18.0	0.86313	0.00151
 18.0	 19.0	0.86712	0.00150
 19.0	 20.0	0.86730	0.00147
 20.0	 21.0	0.87045	0.00147
 21.0	 22.0	0.86896	0.00146
 22.0	 23.0	0.86720	0.00145
 23.0	 24.0	0.86770	0.00145
 24.0	 25.0	0.86962	0.00147
 25.0	 26.0	0.86575	0.00146
 26.0	 27.0	0.86538	0.00148
 27.0	 28.0	0.86236	0.00148
 28.0	 29.0	0.86126	0.00149
 29.0	 30.0	0.85753	0.00152
 30.0	 31.0	0.85564	0.00153
 31.0	 32.0	0.84984	0.00158
 32.0	 33.0	0.84941	0.00160
 33.0	 34.0	0.84364	0.00164
 34.0	 35.0	0.84069	0.00167
 35.0	 36.0	0.83488	0.00170
 36.0	 37.0	0.82940	0.00176
 37.0	 38.0	0.82033	0.00180
 38.0	 39.0	0.81533	0.00184
 39.0	 40.0	0.80839	0.00189
 40.0	 41.0	0.80167	0.00192
 41.0	 42.0	0.79131	0.00202
 42.0	 43.0	0.78593	0.00205
 43.0	 44.0	0.77619	0.00210
 44.0	 45.0	0.76396	0.00218
 45.0	 46.0	0.75644	0.00225
 46.0	 47.0	0.74222	0.00231
 47.0	 48.0	0.73225	0.00240
 48.0	 49.0	0.72149	0.00246
 49.0	 50.0	0.70723	0.00255
 50.0	 51.0	0.69356	0.00265
 51.0	 52.0	0.67921	0.00276
 52.0	 53.0	0.66738	0.00285
 53.0	 54.0	0.65220	0.00294
 54.0	 55.0	0.63584	0.00305
 55.0	 56.0	0.61511	0.00315
 56.0	 57.0	0.60328	0.00330
 57.0	 58.0	0.57853	0.00340
 58.0	 59.0	0.56760	0.00359
 59.0	 60.0	0.54701	0.00372
 60.0	 61.0	0.52649	0.00388
 61.0	 62.0	0.50771	0.00415
 62.0	 63.0	0.49010	0.00426
 63.0	 64.0	0.46389	0.00443
 64.0	 65.0	0.44899	0.00468
 65.0	 66.0	0.42342	0.00489
 66.0	 67.0	0.40336	0.00510
 67.0	 68.0	0.38105	0.00536
 68.0	 69.0	0.36232	0.00571
 69.0	 70.0	0.34517	0.00611
 70.0	 71.0	0.32226	0.00647
 71.0	 72.0	0.30312	0.00679
 72.0	 73.0	0.28255	0.00742
 73.0	 74.0	0.27101	0.00785
 74.0	 75.0	0.23842	0.00807
 75.0	 76.0	0.23393	0.00871
 76.0	 77.0	0.20228	0.00946
 77.0	 78.0	0.17706	0.00956
 78.0	 79.0	0.15190	0.01028
 79.0	 80.0	0.12796	0.01157
 80.0	 81.0	0.15646	0.01369
 81.0	 82.0	0.10376	0.01354
 82.0	 83.0	0.14033	0.01765
 83.0	 84.0	0.11511	0.02119
 84.0	 85.0	0.13110	0.02808
 85.0	 86.0	0.04287	0.02041
 86.0	 87.0	0.07736	0.01927
 87.0	 88.0	0.04271	0.07690
 88.0	 89.0	0.01598	0.07290
 89.0	 90.0	0.03998	0.04731
 90.0	 91.0	0.05545	0.03080
 91.0	 92.0	0.01319	0.28268
 92.0	 93.0	0.04486	0.04386
 93.0	 94.0	0.08934	0.20511
 94.0	 95.0	0.26904	0.54389
 95.0	 96.0	0.02360	0.30761
 96.0	 97.0	0.06839	0.14387
 97.0	 98.0	0.15401	0.46065
 98.0	 99.0	0.03855	0.10507
 99.0	100.0	0.75096	5.08492
