  0.0	  2.0	0.50421	0.00311
  2.0	  4.0	0.61611	0.00245
  4.0	  6.0	0.70137	0.00198
  6.0	  8.0	0.75969	0.00166
  8.0	 10.0	0.80206	0.00145
 10.0	 12.0	0.82565	0.00131
 12.0	 14.0	0.84237	0.00120
 14.0	 16.0	0.85407	0.00114
 16.0	 18.0	0.86171	0.00108
 18.0	 20.0	0.86721	0.00105
 20.0	 22.0	0.86970	0.00104
 22.0	 24.0	0.86745	0.00103
 24.0	 26.0	0.86768	0.00103
 26.0	 28.0	0.86387	0.00104
 28.0	 30.0	0.85939	0.00107
 30.0	 32.0	0.85276	0.00110
 32.0	 34.0	0.84654	0.00115
 34.0	 36.0	0.83778	0.00119
 36.0	 38.0	0.82486	0.00126
 38.0	 40.0	0.81186	0.00132
 40.0	 42.0	0.79657	0.00139
 42.0	 44.0	0.78107	0.00147
 44.0	 46.0	0.76019	0.00157
 46.0	 48.0	0.73724	0.00167
 48.0	 50.0	0.71446	0.00177
 50.0	 52.0	0.68644	0.00191
 52.0	 54.0	0.65985	0.00205
 54.0	 56.0	0.62558	0.00219
 56.0	 58.0	0.59110	0.00237
 58.0	 60.0	0.55740	0.00258
 60.0	 62.0	0.51724	0.00284
 62.0	 64.0	0.47717	0.00307
 64.0	 66.0	0.43637	0.00338
 66.0	 68.0	0.39237	0.00369
 68.0	 70.0	0.35381	0.00417
 70.0	 72.0	0.31295	0.00469
 72.0	 74.0	0.27682	0.00539
 74.0	 76.0	0.23609	0.00592
 76.0	 78.0	0.18986	0.00672
 78.0	 80.0	0.14107	0.00763
 80.0	 82.0	0.13095	0.00950
 82.0	 84.0	0.12881	0.01354
 84.0	 86.0	0.08484	0.01510
 86.0	 88.0	0.06252	0.02031
 88.0	 90.0	0.02106	0.04889
 90.0	 92.0	0.04685	0.03216
 92.0	 94.0	0.03275	0.06936
 94.0	 96.0	0.13485	0.08960
 96.0	 98.0	0.05128	0.09880
 98.0	100.0	0.06158	0.09954
