  0.0	  5.0	0.51696	0.00173
  5.0	 10.0	0.52749	0.00164
 10.0	 15.0	0.51731	0.00164
 15.0	 20.0	0.50429	0.00170
 20.0	 25.0	0.47833	0.00177
 25.0	 30.0	0.45427	0.00188
 30.0	 35.0	0.42489	0.00202
 35.0	 40.0	0.39135	0.00223
 40.0	 45.0	0.34007	0.00249
 45.0	 50.0	0.29440	0.00289
 50.0	 55.0	0.24159	0.00353
 55.0	 60.0	0.18195	0.00445
 60.0	 65.0	0.13723	0.00644
 65.0	 70.0	0.08856	0.00920
 70.0	 75.0	0.04940	0.01323
 75.0	 80.0	0.01072	0.04554
 80.0	 85.0	0.03473	0.02727
 85.0	 90.0	0.02828	0.05666
 90.0	 95.0	0.02186	0.04475
 95.0	100.0	0.07697	0.33772
