  0.0	  2.0	0.50828	0.00281
  2.0	  4.0	0.51974	0.00270
  4.0	  6.0	0.53129	0.00265
  6.0	  8.0	0.52514	0.00258
  8.0	 10.0	0.52685	0.00260
 10.0	 12.0	0.52336	0.00258
 12.0	 14.0	0.51620	0.00260
 14.0	 16.0	0.51186	0.00265
 16.0	 18.0	0.50434	0.00267
 18.0	 20.0	0.49806	0.00272
 20.0	 22.0	0.48496	0.00276
 22.0	 24.0	0.47947	0.00281
 24.0	 26.0	0.46294	0.00287
 26.0	 28.0	0.45472	0.00292
 28.0	 30.0	0.44921	0.00306
 30.0	 32.0	0.43573	0.00313
 32.0	 34.0	0.41934	0.00320
 34.0	 36.0	0.40983	0.00333
 36.0	 38.0	0.39436	0.00349
 38.0	 40.0	0.38079	0.00364
 40.0	 42.0	0.35581	0.00378
 42.0	 44.0	0.33307	0.00398
 44.0	 46.0	0.32402	0.00423
 46.0	 48.0	0.29074	0.00449
 48.0	 50.0	0.28072	0.00483
 50.0	 52.0	0.25834	0.00521
 52.0	 54.0	0.23676	0.00575
 54.0	 56.0	0.21165	0.00628
 56.0	 58.0	0.18889	0.00704
 58.0	 60.0	0.16003	0.00739
 60.0	 62.0	0.15173	0.00901
 62.0	 64.0	0.13713	0.01060
 64.0	 66.0	0.09786	0.01401
 66.0	 68.0	0.08127	0.01424
 68.0	 70.0	0.09067	0.01525
 70.0	 72.0	0.04332	0.02142
 72.0	 74.0	0.04690	0.02081
 74.0	 76.0	0.02781	0.04111
 76.0	 78.0	0.06072	0.14693
 78.0	 80.0	0.02253	0.03185
 80.0	 82.0	0.03630	0.02869
 82.0	 84.0	0.03473	0.03791
 84.0	 86.0	0.01273	0.06502
 86.0	 88.0	0.05925	0.05712
 88.0	 90.0	0.01124	0.19121
 90.0	 92.0	0.07618	0.22285
 92.0	 94.0	0.02921	0.08359
 94.0	 96.0	0.13004	0.08168
 96.0	 98.0	0.21963	1.09383
 98.0	100.0	0.35713	0.46069
