  0.0	  1.0	0.50104	0.00392
  1.0	  2.0	0.51570	0.00403
  2.0	  3.0	0.51959	0.00385
  3.0	  4.0	0.51988	0.00379
  4.0	  5.0	0.52913	0.00377
  5.0	  6.0	0.53344	0.00372
  6.0	  7.0	0.53092	0.00365
  7.0	  8.0	0.51933	0.00365
  8.0	  9.0	0.52531	0.00366
  9.0	 10.0	0.52841	0.00369
 10.0	 11.0	0.52656	0.00363
 11.0	 12.0	0.52016	0.00366
 12.0	 13.0	0.51552	0.00367
 13.0	 14.0	0.51689	0.00370
 14.0	 15.0	0.50729	0.00372
 15.0	 16.0	0.51647	0.00377
 16.0	 17.0	0.50521	0.00379
 17.0	 18.0	0.50345	0.00377
 18.0	 19.0	0.49879	0.00381
 19.0	 20.0	0.49736	0.00388
 20.0	 21.0	0.48739	0.00391
 21.0	 22.0	0.48255	0.00389
 22.0	 23.0	0.48075	0.00401
 23.0	 24.0	0.47819	0.00395
 24.0	 25.0	0.46258	0.00401
 25.0	 26.0	0.46333	0.00410
 26.0	 27.0	0.46129	0.00414
 27.0	 28.0	0.44816	0.00413
 28.0	 29.0	0.45214	0.00432
 29.0	 30.0	0.44627	0.00432
 30.0	 31.0	0.44033	0.00437
 31.0	 32.0	0.43102	0.00448
 32.0	 33.0	0.42507	0.00448
 33.0	 34.0	0.41347	0.00457
 34.0	 35.0	0.41382	0.00466
 35.0	 36.0	0.40580	0.00475
 36.0	 37.0	0.39802	0.00491
 37.0	 38.0	0.39069	0.00497
 38.0	 39.0	0.38330	0.00506
 39.0	 40.0	0.37828	0.00524
 40.0	 41.0	0.35784	0.00527
 41.0	 42.0	0.35370	0.00543
 42.0	 43.0	0.33562	0.00550
 43.0	 44.0	0.33052	0.00576
 44.0	 45.0	0.32119	0.00590
 45.0	 46.0	0.32687	0.00606
 46.0	 47.0	0.29444	0.00632
 47.0	 48.0	0.28696	0.00638
 48.0	 49.0	0.28243	0.00643
 49.0	 50.0	0.27944	0.00732
 50.0	 51.0	0.26697	0.00723
 51.0	 52.0	0.24935	0.00753
 52.0	 53.0	0.24337	0.00785
 53.0	 54.0	0.22993	0.00843
 54.0	 55.0	0.21488	0.00864
 55.0	 56.0	0.20833	0.00915
 56.0	 57.0	0.21258	0.01050
 57.0	 58.0	0.16560	0.00951
 58.0	 59.0	0.16027	0.01051
 59.0	 60.0	0.15976	0.01038
 60.0	 61.0	0.15776	0.01363
 61.0	 62.0	0.14450	0.01202
 62.0	 63.0	0.12732	0.01399
 63.0	 64.0	0.14795	0.01623
 64.0	 65.0	0.10229	0.01876
 65.0	 66.0	0.09089	0.02166
 66.0	 67.0	0.08904	0.01967
 67.0	 68.0	0.07050	0.02112
 68.0	 69.0	0.11433	0.02316
 69.0	 70.0	0.06539	0.02050
 70.0	 71.0	0.06344	0.02852
 71.0	 72.0	0.01780	0.05171
 72.0	 73.0	0.05338	0.04269
 73.0	 74.0	0.04464	0.02363
 74.0	 75.0	0.14260	1.31882
 75.0	 76.0	0.01003	0.02846
 76.0	 77.0	0.03142	0.07361
 77.0	 78.0	0.01453	0.15808
 78.0	 79.0	0.02544	0.21229
 79.0	 80.0	0.05650	0.03571
 80.0	 81.0	0.01806	0.02390
 81.0	 82.0	0.08415	0.15044
 82.0	 83.0	0.03212	0.05474
 83.0	 84.0	0.04222	0.08263
 84.0	 85.0	0.00813	0.08211
 85.0	 86.0	0.03620	0.32650
 86.0	 87.0	0.01335	0.11905
 87.0	 88.0	0.34432	4.05084
 88.0	 89.0	0.09192	0.42758
 89.0	 90.0	0.08508	0.05304
 90.0	 91.0	0.08664	0.11341
 91.0	 92.0	0.04394	0.05789
 92.0	 93.0	0.10543	0.10429
 93.0	 94.0	0.04298	0.06044
 94.0	 95.0	0.11393	0.08833
 95.0	 96.0	0.16771	0.19557
 96.0	 97.0	0.06594	0.17548
 97.0	 98.0	0.03023	0.58551
 98.0	 99.0	0.41163	0.59233
 99.0	100.0	0.17903	0.66097
