  0.0	  1.0	0.48442	0.00474
  1.0	  2.0	0.53344	0.00418
  2.0	  3.0	0.59267	0.00373
  3.0	  4.0	0.64545	0.00326
  4.0	  5.0	0.68972	0.00295
  5.0	  6.0	0.72117	0.00267
  6.0	  7.0	0.75540	0.00246
  7.0	  8.0	0.77691	0.00228
  8.0	  9.0	0.79296	0.00210
  9.0	 10.0	0.81008	0.00199
 10.0	 11.0	0.82180	0.00190
 11.0	 12.0	0.83017	0.00181
 12.0	 13.0	0.83928	0.00173
 13.0	 14.0	0.84695	0.00168
 14.0	 15.0	0.85221	0.00163
 15.0	 16.0	0.85908	0.00159
 16.0	 17.0	0.86181	0.00154
 17.0	 18.0	0.86469	0.00152
 18.0	 19.0	0.86771	0.00150
 19.0	 20.0	0.86920	0.00148
 20.0	 21.0	0.86945	0.00147
 21.0	 22.0	0.87000	0.00146
 22.0	 23.0	0.87210	0.00146
 23.0	 24.0	0.87020	0.00146
 24.0	 25.0	0.86672	0.00146
 25.0	 26.0	0.86952	0.00146
 26.0	 27.0	0.86493	0.00148
 27.0	 28.0	0.86647	0.00149
 28.0	 29.0	0.86380	0.00150
 29.0	 30.0	0.86087	0.00153
 30.0	 31.0	0.85759	0.00153
 31.0	 32.0	0.85319	0.00158
 32.0	 33.0	0.84819	0.00160
 33.0	 34.0	0.84381	0.00164
 34.0	 35.0	0.84098	0.00167
 35.0	 36.0	0.83580	0.00171
 36.0	 37.0	0.83084	0.00176
 37.0	 38.0	0.82279	0.00180
 38.0	 39.0	0.81744	0.00184
 39.0	 40.0	0.80926	0.00189
 40.0	 41.0	0.80496	0.00193
 41.0	 42.0	0.79436	0.00203
 42.0	 43.0	0.78552	0.00205
 43.0	 44.0	0.77964	0.00211
 44.0	 45.0	0.76839	0.00219
 45.0	 46.0	0.75844	0.00225
 46.0	 47.0	0.74929	0.00233
 47.0	 48.0	0.73329	0.00241
 48.0	 49.0	0.72637	0.00248
 49.0	 50.0	0.71377	0.00258
 50.0	 51.0	0.69723	0.00266
 51.0	 52.0	0.67903	0.00276
 52.0	 53.0	0.66777	0.00286
 53.0	 54.0	0.65805	0.00296
 54.0	 55.0	0.63642	0.00305
 55.0	 56.0	0.62569	0.00321
 56.0	 57.0	0.60124	0.00329
 57.0	 58.0	0.59331	0.00349
 58.0	 59.0	0.56664	0.00358
 59.0	 60.0	0.54914	0.00373
 60.0	 61.0	0.53081	0.00391
 61.0	 62.0	0.50055	0.00409
 62.0	 63.0	0.48990	0.00426
 63.0	 64.0	0.46709	0.00446
 64.0	 65.0	0.45070	0.00470
 65.0	 66.0	0.42805	0.00494
 66.0	 67.0	0.41235	0.00521
 67.0	 68.0	0.39272	0.00552
 68.0	 69.0	0.36519	0.00576
 69.0	 70.0	0.34359	0.00608
 70.0	 71.0	0.32603	0.00655
 71.0	 72.0	0.29861	0.00669
 72.0	 73.0	0.27576	0.00724
 73.0	 74.0	0.25966	0.00753
 74.0	 75.0	0.25571	0.00866
 75.0	 76.0	0.22925	0.00854
 76.0	 77.0	0.20377	0.00953
 77.0	 78.0	0.20237	0.01092
 78.0	 79.0	0.20009	0.01354
 79.0	 80.0	0.14433	0.01306
 80.0	 81.0	0.13436	0.01176
 81.0	 82.0	0.11165	0.01457
 82.0	 83.0	0.10764	0.01354
 83.0	 84.0	0.08450	0.01555
 84.0	 85.0	0.09371	0.02007
 85.0	 86.0	0.17002	0.08093
 86.0	 87.0	0.09488	0.02364
 87.0	 88.0	0.01942	0.03496
 88.0	 89.0	0.02122	0.09678
 89.0	 90.0	0.03517	0.04162
 90.0	 91.0	0.06715	0.03730
 91.0	 92.0	0.00690	0.14779
 92.0	 93.0	0.05475	0.05353
 93.0	 94.0	0.01766	0.04055
 94.0	 95.0	0.04563	0.09224
 95.0	 96.0	0.85587	11.15539
 96.0	 97.0	0.20158	0.42402
 97.0	 98.0	0.11992	0.35868
 98.0	 99.0	0.31903	0.86958
 99.0	100.0	0.16411	1.11120
