  0.0	  2.0	0.50899	0.00314
  2.0	  4.0	0.61966	0.00247
  4.0	  6.0	0.70561	0.00199
  6.0	  8.0	0.76622	0.00167
  8.0	 10.0	0.80155	0.00145
 10.0	 12.0	0.82600	0.00131
 12.0	 14.0	0.84310	0.00121
 14.0	 16.0	0.85564	0.00114
 16.0	 18.0	0.86326	0.00108
 18.0	 20.0	0.86846	0.00105
 20.0	 22.0	0.86973	0.00104
 22.0	 24.0	0.87115	0.00103
 24.0	 26.0	0.86812	0.00103
 26.0	 28.0	0.86571	0.00105
 28.0	 30.0	0.86234	0.00107
 30.0	 32.0	0.85541	0.00110
 32.0	 34.0	0.84601	0.00115
 34.0	 36.0	0.83838	0.00119
 36.0	 38.0	0.82681	0.00126
 38.0	 40.0	0.81335	0.00132
 40.0	 42.0	0.79974	0.00140
 42.0	 44.0	0.78258	0.00147
 44.0	 46.0	0.76341	0.00157
 46.0	 48.0	0.74132	0.00168
 48.0	 50.0	0.72016	0.00179
 50.0	 52.0	0.68820	0.00192
 52.0	 54.0	0.66293	0.00206
 54.0	 56.0	0.63107	0.00221
 56.0	 58.0	0.59729	0.00239
 58.0	 60.0	0.55796	0.00258
 60.0	 62.0	0.51595	0.00283
 62.0	 64.0	0.47864	0.00308
 64.0	 66.0	0.43951	0.00341
 66.0	 68.0	0.40267	0.00379
 68.0	 70.0	0.35452	0.00418
 70.0	 72.0	0.31260	0.00468
 72.0	 74.0	0.26779	0.00522
 74.0	 76.0	0.24243	0.00608
 76.0	 78.0	0.20285	0.00718
 78.0	 80.0	0.17290	0.00935
 80.0	 82.0	0.12473	0.00905
 82.0	 84.0	0.09700	0.01020
 84.0	 86.0	0.11580	0.02061
 86.0	 88.0	0.05553	0.01804
 88.0	 90.0	0.02301	0.05342
 90.0	 92.0	0.04426	0.03038
 92.0	 94.0	0.02496	0.05286
 94.0	 96.0	0.11094	0.07371
 96.0	 98.0	0.10770	0.20752
 98.0	100.0	0.37178	0.60101
