  0.0	  5.0	0.59255	0.00165
  5.0	 10.0	0.77191	0.00103
 10.0	 15.0	0.83815	0.00078
 15.0	 20.0	0.86450	0.00068
 20.0	 25.0	0.86969	0.00065
 25.0	 30.0	0.86513	0.00067
 30.0	 35.0	0.84879	0.00072
 35.0	 40.0	0.82328	0.00081
 40.0	 45.0	0.78670	0.00092
 45.0	 50.0	0.73641	0.00108
 50.0	 55.0	0.66805	0.00128
 55.0	 60.0	0.58772	0.00154
 60.0	 65.0	0.48868	0.00191
 65.0	 70.0	0.38961	0.00244
 70.0	 75.0	0.28416	0.00323
 75.0	 80.0	0.19739	0.00474
 80.0	 85.0	0.10950	0.00636
 85.0	 90.0	0.06166	0.01453
 90.0	 95.0	0.03902	0.02187
 95.0	100.0	0.11090	0.28297
