  0.0	  2.0	0.50716	0.00280
  2.0	  4.0	0.52226	0.00271
  4.0	  6.0	0.53274	0.00265
  6.0	  8.0	0.53235	0.00262
  8.0	 10.0	0.52663	0.00260
 10.0	 12.0	0.53104	0.00262
 12.0	 14.0	0.52096	0.00263
 14.0	 16.0	0.51583	0.00267
 16.0	 18.0	0.50610	0.00268
 18.0	 20.0	0.50021	0.00273
 20.0	 22.0	0.49131	0.00279
 22.0	 24.0	0.48130	0.00282
 24.0	 26.0	0.47229	0.00293
 26.0	 28.0	0.46075	0.00296
 28.0	 30.0	0.44478	0.00303
 30.0	 32.0	0.43603	0.00313
 32.0	 34.0	0.42396	0.00324
 34.0	 36.0	0.41143	0.00334
 36.0	 38.0	0.38965	0.00345
 38.0	 40.0	0.37582	0.00359
 40.0	 42.0	0.36119	0.00384
 42.0	 44.0	0.33820	0.00404
 44.0	 46.0	0.32380	0.00422
 46.0	 48.0	0.30153	0.00466
 48.0	 50.0	0.28184	0.00485
 50.0	 52.0	0.25500	0.00515
 52.0	 54.0	0.23152	0.00562
 54.0	 56.0	0.20919	0.00621
 56.0	 58.0	0.18819	0.00701
 58.0	 60.0	0.17560	0.00810
 60.0	 62.0	0.13998	0.00831
 62.0	 64.0	0.12464	0.00964
 64.0	 66.0	0.07865	0.01126
 66.0	 68.0	0.08436	0.01479
 68.0	 70.0	0.09523	0.01602
 70.0	 72.0	0.04627	0.02287
 72.0	 74.0	0.11780	0.05228
 74.0	 76.0	0.08526	0.12604
 76.0	 78.0	0.03444	0.08334
 78.0	 80.0	0.06296	0.08899
 80.0	 82.0	0.09140	0.07223
 82.0	 84.0	0.06180	0.06745
 84.0	 86.0	0.10220	0.52180
 86.0	 88.0	0.02445	0.02357
 88.0	 90.0	0.00588	0.10003
 90.0	 92.0	0.04290	0.12550
 92.0	 94.0	0.18916	0.54128
 94.0	 96.0	0.05825	0.03659
 96.0	 98.0	0.04984	0.24823
 98.0	100.0	0.13179	0.17000
