  0.0	  1.0	0.51426	0.00403
  1.0	  2.0	0.50008	0.00391
  2.0	  3.0	0.52242	0.00387
  3.0	  4.0	0.52210	0.00381
  4.0	  5.0	0.52939	0.00377
  5.0	  6.0	0.53608	0.00373
  6.0	  7.0	0.53643	0.00369
  7.0	  8.0	0.52821	0.00371
  8.0	  9.0	0.52830	0.00369
  9.0	 10.0	0.52494	0.00367
 10.0	 11.0	0.53312	0.00368
 11.0	 12.0	0.52897	0.00372
 12.0	 13.0	0.52205	0.00371
 13.0	 14.0	0.51986	0.00372
 14.0	 15.0	0.51883	0.00381
 15.0	 16.0	0.51285	0.00375
 16.0	 17.0	0.50853	0.00381
 17.0	 18.0	0.50369	0.00377
 18.0	 19.0	0.50371	0.00385
 19.0	 20.0	0.49669	0.00388
 20.0	 21.0	0.49163	0.00394
 21.0	 22.0	0.49099	0.00396
 22.0	 23.0	0.47554	0.00397
 23.0	 24.0	0.48710	0.00402
 24.0	 25.0	0.47587	0.00413
 25.0	 26.0	0.46869	0.00415
 26.0	 27.0	0.46458	0.00417
 27.0	 28.0	0.45688	0.00421
 28.0	 29.0	0.44557	0.00426
 29.0	 30.0	0.44399	0.00430
 30.0	 31.0	0.43801	0.00435
 31.0	 32.0	0.43403	0.00451
 32.0	 33.0	0.43054	0.00454
 33.0	 34.0	0.41722	0.00462
 34.0	 35.0	0.41735	0.00470
 35.0	 36.0	0.40549	0.00474
 36.0	 37.0	0.39379	0.00486
 37.0	 38.0	0.38550	0.00491
 38.0	 39.0	0.38444	0.00508
 39.0	 40.0	0.36714	0.00509
 40.0	 41.0	0.36214	0.00533
 41.0	 42.0	0.36023	0.00553
 42.0	 43.0	0.34151	0.00560
 43.0	 44.0	0.33486	0.00584
 44.0	 45.0	0.32334	0.00594
 45.0	 46.0	0.32420	0.00601
 46.0	 47.0	0.30743	0.00660
 47.0	 48.0	0.29559	0.00657
 48.0	 49.0	0.29142	0.00663
 49.0	 50.0	0.27150	0.00711
 50.0	 51.0	0.25774	0.00698
 51.0	 52.0	0.25240	0.00762
 52.0	 53.0	0.23761	0.00767
 53.0	 54.0	0.22526	0.00826
 54.0	 55.0	0.21161	0.00851
 55.0	 56.0	0.20676	0.00908
 56.0	 57.0	0.18927	0.00935
 57.0	 58.0	0.18590	0.01068
 58.0	 59.0	0.17270	0.01133
 59.0	 60.0	0.17853	0.01160
 60.0	 61.0	0.12418	0.01073
 61.0	 62.0	0.15853	0.01319
 62.0	 63.0	0.12964	0.01425
 63.0	 64.0	0.11948	0.01311
 64.0	 65.0	0.09181	0.01684
 65.0	 66.0	0.06608	0.01575
 66.0	 67.0	0.07997	0.01767
 67.0	 68.0	0.09348	0.02800
 68.0	 69.0	0.08868	0.01797
 69.0	 70.0	0.10921	0.03424
 70.0	 71.0	0.05608	0.02521
 71.0	 72.0	0.02440	0.07090
 72.0	 73.0	0.09281	0.07422
 73.0	 74.0	0.13644	0.07221
 74.0	 75.0	0.02939	0.27183
 75.0	 76.0	0.06085	0.17271
 76.0	 77.0	0.02073	0.04856
 77.0	 78.0	0.24227	2.63542
 78.0	 79.0	0.00599	0.05003
 79.0	 80.0	0.05255	0.03321
 80.0	 81.0	0.07230	0.09568
 81.0	 82.0	0.06364	0.11378
 82.0	 83.0	0.02524	0.04302
 83.0	 84.0	0.08439	0.16516
 84.0	 85.0	0.19496	1.97021
 85.0	 86.0	0.02791	0.25176
 86.0	 87.0	0.01170	0.10433
 87.0	 88.0	0.00939	0.11046
 88.0	 89.0	0.04881	0.22706
 89.0	 90.0	0.05736	0.03576
 90.0	 91.0	0.04129	0.05406
 91.0	 92.0	0.06592	0.08684
 92.0	 93.0	0.07351	0.07271
 93.0	 94.0	0.05290	0.07439
 94.0	 95.0	0.05953	0.04615
 95.0	 96.0	0.05439	0.06343
 96.0	 97.0	0.21967	0.58460
 97.0	 98.0	0.02241	0.43392
 98.0	 99.0	0.11773	0.16940
 99.0	100.0	0.18914	0.69833
