  0.0	  5.0	0.51759	0.00173
  5.0	 10.0	0.53081	0.00165
 10.0	 15.0	0.52459	0.00167
 15.0	 20.0	0.50512	0.00170
 20.0	 25.0	0.48424	0.00179
 25.0	 30.0	0.45607	0.00189
 30.0	 35.0	0.42754	0.00203
 35.0	 40.0	0.38745	0.00220
 40.0	 45.0	0.34473	0.00252
 45.0	 50.0	0.29862	0.00293
 50.0	 55.0	0.23753	0.00347
 55.0	 60.0	0.18717	0.00458
 60.0	 65.0	0.12549	0.00589
 65.0	 70.0	0.08351	0.00868
 70.0	 75.0	0.07783	0.02084
 75.0	 80.0	0.14223	0.60430
 80.0	 85.0	0.05628	0.04419
 85.0	 90.0	0.01211	0.02426
 90.0	 95.0	0.02520	0.05157
 95.0	100.0	0.01261	0.05532
