  0.0	  1.0	0.41217	0.00408
  1.0	  2.0	0.45394	0.00370
  2.0	  3.0	0.50325	0.00328
  3.0	  4.0	0.55652	0.00292
  4.0	  5.0	0.58570	0.00267
  5.0	  6.0	0.62168	0.00245
  6.0	  7.0	0.65597	0.00225
  7.0	  8.0	0.68049	0.00212
  8.0	  9.0	0.70329	0.00199
  9.0	 10.0	0.71973	0.00190
 10.0	 11.0	0.73585	0.00182
 11.0	 12.0	0.74863	0.00175
 12.0	 13.0	0.76218	0.00168
 13.0	 14.0	0.76748	0.00166
 14.0	 15.0	0.77655	0.00160
 15.0	 16.0	0.78467	0.00157
 16.0	 17.0	0.78938	0.00153
 17.0	 18.0	0.79258	0.00150
 18.0	 19.0	0.79634	0.00150
 19.0	 20.0	0.79860	0.00148
 20.0	 21.0	0.80188	0.00147
 21.0	 22.0	0.80400	0.00147
 22.0	 23.0	0.80637	0.00146
 23.0	 24.0	0.80298	0.00147
 24.0	 25.0	0.80839	0.00146
 25.0	 26.0	0.80495	0.00147
 26.0	 27.0	0.80535	0.00150
 27.0	 28.0	0.80330	0.00150
 28.0	 29.0	0.80586	0.00151
 29.0	 30.0	0.79891	0.00153
 30.0	 31.0	0.79413	0.00155
 31.0	 32.0	0.79180	0.00159
 32.0	 33.0	0.78658	0.00161
 33.0	 34.0	0.78608	0.00164
 34.0	 35.0	0.77993	0.00167
 35.0	 36.0	0.77432	0.00170
 36.0	 37.0	0.77177	0.00174
 37.0	 38.0	0.76345	0.00179
 38.0	 39.0	0.75789	0.00183
 39.0	 40.0	0.74600	0.00188
 40.0	 41.0	0.74390	0.00190
 41.0	 42.0	0.73433	0.00200
 42.0	 43.0	0.72455	0.00202
 43.0	 44.0	0.71838	0.00208
 44.0	 45.0	0.70351	0.00216
 45.0	 46.0	0.69365	0.00221
 46.0	 47.0	0.68338	0.00229
 47.0	 48.0	0.67291	0.00237
 48.0	 49.0	0.66376	0.00240
 49.0	 50.0	0.64267	0.00251
 50.0	 51.0	0.63724	0.00259
 51.0	 52.0	0.62205	0.00270
 52.0	 53.0	0.60423	0.00278
 53.0	 54.0	0.59255	0.00287
 54.0	 55.0	0.58205	0.00299
 55.0	 56.0	0.56159	0.00310
 56.0	 57.0	0.55249	0.00322
 57.0	 58.0	0.52810	0.00336
 58.0	 59.0	0.51794	0.00348
 59.0	 60.0	0.49614	0.00362
 60.0	 61.0	0.48401	0.00379
 61.0	 62.0	0.46669	0.00404
 62.0	 63.0	0.44128	0.00415
 63.0	 64.0	0.43256	0.00443
 64.0	 65.0	0.40899	0.00459
 65.0	 66.0	0.39055	0.00487
 66.0	 67.0	0.38147	0.00511
 67.0	 68.0	0.35272	0.00537
 68.0	 69.0	0.33938	0.00579
 69.0	 70.0	0.31230	0.00609
 70.0	 71.0	0.30088	0.00647
 71.0	 72.0	0.28848	0.00710
 72.0	 73.0	0.27725	0.00777
 73.0	 74.0	0.26641	0.00819
 74.0	 75.0	0.24503	0.00867
 75.0	 76.0	0.22728	0.00908
 76.0	 77.0	0.19836	0.01037
 77.0	 78.0	0.17064	0.01095
 78.0	 79.0	0.18462	0.01263
 79.0	 80.0	0.19333	0.01765
 80.0	 81.0	0.14337	0.01471
 81.0	 82.0	0.17270	0.02950
 82.0	 83.0	0.16023	0.02072
 83.0	 84.0	0.09708	0.02997
 84.0	 85.0	0.12304	0.02307
 85.0	 86.0	0.09615	0.03448
 86.0	 87.0	0.11260	0.03983
 87.0	 88.0	0.27686	0.33024
 88.0	 89.0	0.31351	0.33723
 89.0	 90.0	0.23286	0.80786
 90.0	 91.0	0.18549	0.07699
 91.0	 92.0	0.15355	0.12218
 92.0	 93.0	0.08022	0.05842
 93.0	 94.0	0.01381	0.15925
 94.0	 95.0	0.09563	0.33615
 95.0	 96.0	0.03813	0.11393
 96.0	 97.0	0.05337	0.09334
 97.0	 98.0	0.06608	0.11342
 98.0	 99.0	0.35240	0.48083
 99.0	100.0	0.66379	0.79281
