  0.0	  1.0	0.41866	0.00409
  1.0	  2.0	0.47672	0.00374
  2.0	  3.0	0.52497	0.00331
  3.0	  4.0	0.58072	0.00294
  4.0	  5.0	0.62440	0.00267
  5.0	  6.0	0.65980	0.00245
  6.0	  7.0	0.69105	0.00225
  7.0	  8.0	0.71540	0.00210
  8.0	  9.0	0.74148	0.00196
  9.0	 10.0	0.75922	0.00187
 10.0	 11.0	0.77401	0.00179
 11.0	 12.0	0.78628	0.00172
 12.0	 13.0	0.79730	0.00165
 13.0	 14.0	0.80909	0.00160
 14.0	 15.0	0.81401	0.00155
 15.0	 16.0	0.82142	0.00152
 16.0	 17.0	0.82927	0.00148
 17.0	 18.0	0.82933	0.00146
 18.0	 19.0	0.83269	0.00144
 19.0	 20.0	0.83742	0.00142
 20.0	 21.0	0.83954	0.00142
 21.0	 22.0	0.84067	0.00141
 22.0	 23.0	0.84242	0.00141
 23.0	 24.0	0.84284	0.00141
 24.0	 25.0	0.84210	0.00142
 25.0	 26.0	0.84335	0.00142
 26.0	 27.0	0.84286	0.00144
 27.0	 28.0	0.84186	0.00144
 28.0	 29.0	0.84023	0.00146
 29.0	 30.0	0.83621	0.00149
 30.0	 31.0	0.83671	0.00149
 31.0	 32.0	0.83249	0.00154
 32.0	 33.0	0.82587	0.00156
 33.0	 34.0	0.82192	0.00160
 34.0	 35.0	0.81873	0.00162
 35.0	 36.0	0.81314	0.00166
 36.0	 37.0	0.80701	0.00171
 37.0	 38.0	0.80088	0.00175
 38.0	 39.0	0.79743	0.00180
 39.0	 40.0	0.78980	0.00185
 40.0	 41.0	0.78251	0.00187
 41.0	 42.0	0.77270	0.00197
 42.0	 43.0	0.76699	0.00200
 43.0	 44.0	0.75931	0.00206
 44.0	 45.0	0.74947	0.00214
 45.0	 46.0	0.73765	0.00219
 46.0	 47.0	0.73272	0.00228
 47.0	 48.0	0.72063	0.00236
 48.0	 49.0	0.70390	0.00240
 49.0	 50.0	0.69581	0.00251
 50.0	 51.0	0.68163	0.00260
 51.0	 52.0	0.66933	0.00272
 52.0	 53.0	0.65579	0.00280
 53.0	 54.0	0.64393	0.00290
 54.0	 55.0	0.63079	0.00302
 55.0	 56.0	0.61299	0.00314
 56.0	 57.0	0.59613	0.00326
 57.0	 58.0	0.58035	0.00341
 58.0	 59.0	0.55888	0.00353
 59.0	 60.0	0.54443	0.00370
 60.0	 61.0	0.52309	0.00386
 61.0	 62.0	0.50516	0.00413
 62.0	 63.0	0.48910	0.00425
 63.0	 64.0	0.47648	0.00455
 64.0	 65.0	0.45173	0.00471
 65.0	 66.0	0.43444	0.00501
 66.0	 67.0	0.41486	0.00524
 67.0	 68.0	0.39433	0.00555
 68.0	 69.0	0.38055	0.00600
 69.0	 70.0	0.35563	0.00630
 70.0	 71.0	0.33070	0.00664
 71.0	 72.0	0.33010	0.00740
 72.0	 73.0	0.30488	0.00800
 73.0	 74.0	0.29007	0.00841
 74.0	 75.0	0.26063	0.00882
 75.0	 76.0	0.25051	0.00933
 76.0	 77.0	0.23491	0.01099
 77.0	 78.0	0.21802	0.01177
 78.0	 79.0	0.18586	0.01257
 79.0	 80.0	0.20390	0.01844
 80.0	 81.0	0.18331	0.01604
 81.0	 82.0	0.21236	0.02772
 82.0	 83.0	0.15206	0.01912
 83.0	 84.0	0.14460	0.02661
 84.0	 85.0	0.09265	0.01985
 85.0	 86.0	0.07296	0.03473
 86.0	 87.0	0.14300	0.03563
 87.0	 88.0	0.22482	0.40483
 88.0	 89.0	0.55411	2.52741
 89.0	 90.0	0.27380	0.32402
 90.0	 91.0	0.14621	0.08121
 91.0	 92.0	0.46603	9.98526
 92.0	 93.0	0.16792	0.16418
 93.0	 94.0	0.10011	0.22984
 94.0	 95.0	0.03890	0.07865
 95.0	 96.0	0.01595	0.20787
 96.0	 97.0	0.05863	0.12334
 97.0	 98.0	0.04844	0.14490
 98.0	 99.0	0.50292	1.37083
 99.0	100.0	0.08748	0.59234
