  0.0	  2.0	0.43313	0.00274
  2.0	  4.0	0.53058	0.00219
  4.0	  6.0	0.60395	0.00181
  6.0	  8.0	0.66833	0.00155
  8.0	 10.0	0.71153	0.00138
 10.0	 12.0	0.74227	0.00126
 12.0	 14.0	0.76482	0.00118
 14.0	 16.0	0.78060	0.00112
 16.0	 18.0	0.79099	0.00107
 18.0	 20.0	0.79747	0.00105
 20.0	 22.0	0.80294	0.00104
 22.0	 24.0	0.80468	0.00104
 24.0	 26.0	0.80668	0.00104
 26.0	 28.0	0.80432	0.00106
 28.0	 30.0	0.80239	0.00108
 30.0	 32.0	0.79298	0.00111
 32.0	 34.0	0.78633	0.00115
 34.0	 36.0	0.77712	0.00119
 36.0	 38.0	0.76760	0.00125
 38.0	 40.0	0.75196	0.00131
 40.0	 42.0	0.73919	0.00138
 42.0	 44.0	0.72147	0.00145
 44.0	 46.0	0.69858	0.00154
 46.0	 48.0	0.67816	0.00165
 48.0	 50.0	0.65338	0.00173
 50.0	 52.0	0.62971	0.00187
 52.0	 54.0	0.59843	0.00200
 54.0	 56.0	0.57193	0.00215
 56.0	 58.0	0.54051	0.00232
 58.0	 60.0	0.50716	0.00251
 60.0	 62.0	0.47548	0.00277
 62.0	 64.0	0.43689	0.00303
 64.0	 66.0	0.39987	0.00334
 66.0	 68.0	0.36737	0.00371
 68.0	 70.0	0.32611	0.00420
 70.0	 72.0	0.29476	0.00479
 72.0	 74.0	0.27190	0.00564
 74.0	 76.0	0.23619	0.00627
 76.0	 78.0	0.18487	0.00753
 78.0	 80.0	0.18738	0.01025
 80.0	 82.0	0.15509	0.01341
 82.0	 84.0	0.13457	0.01661
 84.0	 86.0	0.11295	0.01902
 86.0	 88.0	0.14608	0.04347
 88.0	 90.0	0.39778	0.83380
 90.0	 92.0	0.17323	0.06542
 92.0	 94.0	0.06738	0.03990
 94.0	 96.0	0.03617	0.47374
 96.0	 98.0	0.04368	0.28473
 98.0	100.0	0.37218	0.38099
