  0.0	  2.0	0.43877	0.00275
  2.0	  4.0	0.53146	0.00219
  4.0	  6.0	0.60912	0.00181
  6.0	  8.0	0.67181	0.00154
  8.0	 10.0	0.71371	0.00138
 10.0	 12.0	0.74579	0.00126
 12.0	 14.0	0.76752	0.00118
 14.0	 16.0	0.78505	0.00112
 16.0	 18.0	0.79465	0.00107
 18.0	 20.0	0.80412	0.00105
 20.0	 22.0	0.80732	0.00104
 22.0	 24.0	0.81050	0.00103
 24.0	 26.0	0.80852	0.00104
 26.0	 28.0	0.80752	0.00106
 28.0	 30.0	0.80543	0.00107
 30.0	 32.0	0.79873	0.00111
 32.0	 34.0	0.79018	0.00114
 34.0	 36.0	0.78061	0.00119
 36.0	 38.0	0.76785	0.00125
 38.0	 40.0	0.75654	0.00131
 40.0	 42.0	0.74171	0.00138
 42.0	 44.0	0.72627	0.00145
 44.0	 46.0	0.70428	0.00154
 46.0	 48.0	0.68201	0.00165
 48.0	 50.0	0.65837	0.00174
 50.0	 52.0	0.63376	0.00187
 52.0	 54.0	0.60290	0.00200
 54.0	 56.0	0.57547	0.00215
 56.0	 58.0	0.54553	0.00233
 58.0	 60.0	0.51282	0.00252
 60.0	 62.0	0.47767	0.00277
 62.0	 64.0	0.44263	0.00304
 64.0	 66.0	0.41046	0.00336
 66.0	 68.0	0.36435	0.00370
 68.0	 70.0	0.33544	0.00423
 70.0	 72.0	0.30052	0.00482
 72.0	 74.0	0.26172	0.00558
 74.0	 76.0	0.23713	0.00632
 76.0	 78.0	0.21200	0.00786
 78.0	 80.0	0.19729	0.01068
 80.0	 82.0	0.15826	0.01392
 82.0	 84.0	0.13455	0.01568
 84.0	 86.0	0.14064	0.02279
 86.0	 88.0	0.12981	0.04955
 88.0	 90.0	0.69751	5.74217
 90.0	 92.0	0.69580	10.09223
 92.0	 94.0	0.17940	0.57380
 94.0	 96.0	0.04020	0.07655
 96.0	 98.0	0.04252	0.44971
 98.0	100.0	0.13666	0.32175
