  0.0	  2.0	0.51687	0.00286
  2.0	  4.0	0.54668	0.00284
  4.0	  6.0	0.55690	0.00277
  6.0	  8.0	0.57163	0.00281
  8.0	 10.0	0.57452	0.00284
 10.0	 12.0	0.57526	0.00283
 12.0	 14.0	0.57524	0.00290
 14.0	 16.0	0.56777	0.00294
 16.0	 18.0	0.56519	0.00300
 18.0	 20.0	0.56130	0.00306
 20.0	 22.0	0.55385	0.00315
 22.0	 24.0	0.54707	0.00321
 24.0	 26.0	0.53470	0.00331
 26.0	 28.0	0.53321	0.00343
 28.0	 30.0	0.51781	0.00352
 30.0	 32.0	0.50138	0.00360
 32.0	 34.0	0.49235	0.00376
 34.0	 36.0	0.47535	0.00386
 36.0	 38.0	0.46097	0.00408
 38.0	 40.0	0.44201	0.00423
 40.0	 42.0	0.42240	0.00449
 42.0	 44.0	0.40599	0.00485
 44.0	 46.0	0.38158	0.00498
 46.0	 48.0	0.35963	0.00555
 48.0	 50.0	0.33618	0.00578
 50.0	 52.0	0.31963	0.00645
 52.0	 54.0	0.29465	0.00715
 54.0	 56.0	0.26960	0.00800
 56.0	 58.0	0.23887	0.00890
 58.0	 60.0	0.21970	0.01014
 60.0	 62.0	0.20288	0.01204
 62.0	 64.0	0.16689	0.01290
 64.0	 66.0	0.16933	0.02424
 66.0	 68.0	0.12705	0.02227
 68.0	 70.0	0.10116	0.01702
 70.0	 72.0	0.12460	0.06160
 72.0	 74.0	0.04913	0.02180
 74.0	 76.0	0.02288	0.03383
 76.0	 78.0	0.01209	0.02925
 78.0	 80.0	0.03180	0.04495
 80.0	 82.0	0.03444	0.02721
 82.0	 84.0	0.02905	0.03170
 84.0	 86.0	0.01462	0.07463
 86.0	 88.0	0.06702	0.06461
 88.0	 90.0	0.26751	4.54870
 90.0	 92.0	0.01214	0.03551
 92.0	 94.0	0.02081	0.05955
 94.0	 96.0	0.10638	0.06682
 96.0	 98.0	0.02773	0.13812
 98.0	100.0	0.17961	0.23169
