  0.0	  5.0	0.53641	0.00180
  5.0	 10.0	0.57014	0.00178
 10.0	 15.0	0.57351	0.00182
 15.0	 20.0	0.56438	0.00190
 20.0	 25.0	0.54803	0.00203
 25.0	 30.0	0.52670	0.00218
 30.0	 35.0	0.49300	0.00234
 35.0	 40.0	0.45609	0.00260
 40.0	 45.0	0.40952	0.00299
 45.0	 50.0	0.35319	0.00347
 50.0	 55.0	0.30225	0.00441
 55.0	 60.0	0.23545	0.00576
 60.0	 65.0	0.17829	0.00837
 65.0	 70.0	0.12920	0.01342
 70.0	 75.0	0.05945	0.01592
 75.0	 80.0	0.01204	0.05115
 80.0	 85.0	0.02596	0.02038
 85.0	 90.0	0.09707	0.19450
 90.0	 95.0	0.06338	0.12973
 95.0	100.0	0.17162	0.75299
