  0.0	  5.0	0.52888	0.00148
  5.0	 10.0	0.71423	0.00095
 10.0	 15.0	0.79625	0.00074
 15.0	 20.0	0.83004	0.00066
 20.0	 25.0	0.84152	0.00063
 25.0	 30.0	0.84091	0.00065
 30.0	 35.0	0.82719	0.00070
 35.0	 40.0	0.80169	0.00078
 40.0	 45.0	0.76630	0.00090
 45.0	 50.0	0.71830	0.00105
 50.0	 55.0	0.65658	0.00125
 55.0	 60.0	0.57903	0.00152
 60.0	 65.0	0.48977	0.00191
 65.0	 70.0	0.39691	0.00249
 70.0	 75.0	0.30419	0.00346
 75.0	 80.0	0.21889	0.00525
 80.0	 85.0	0.15916	0.00925
 85.0	 90.0	0.17034	0.04015
 90.0	 95.0	0.15865	0.08892
 95.0	100.0	0.01785	0.04555
