  0.0	  1.0	0.50922	0.00399
  1.0	  2.0	0.52472	0.00410
  2.0	  3.0	0.54133	0.00401
  3.0	  4.0	0.55201	0.00403
  4.0	  5.0	0.55527	0.00395
  5.0	  6.0	0.55852	0.00389
  6.0	  7.0	0.56796	0.00391
  7.0	  8.0	0.57542	0.00404
  8.0	  9.0	0.57525	0.00401
  9.0	 10.0	0.57378	0.00401
 10.0	 11.0	0.57753	0.00398
 11.0	 12.0	0.57298	0.00403
 12.0	 13.0	0.57370	0.00408
 13.0	 14.0	0.57681	0.00413
 14.0	 15.0	0.56658	0.00416
 15.0	 16.0	0.56895	0.00416
 16.0	 17.0	0.56214	0.00422
 17.0	 18.0	0.56824	0.00426
 18.0	 19.0	0.56580	0.00432
 19.0	 20.0	0.55677	0.00435
 20.0	 21.0	0.55425	0.00445
 21.0	 22.0	0.55346	0.00446
 22.0	 23.0	0.54834	0.00458
 23.0	 24.0	0.54580	0.00450
 24.0	 25.0	0.53818	0.00467
 25.0	 26.0	0.53117	0.00470
 26.0	 27.0	0.53214	0.00477
 27.0	 28.0	0.53436	0.00493
 28.0	 29.0	0.51733	0.00495
 29.0	 30.0	0.51830	0.00502
 30.0	 31.0	0.50736	0.00504
 31.0	 32.0	0.49526	0.00515
 32.0	 33.0	0.49290	0.00519
 33.0	 34.0	0.49189	0.00544
 34.0	 35.0	0.47713	0.00538
 35.0	 36.0	0.47359	0.00554
 36.0	 37.0	0.46327	0.00572
 37.0	 38.0	0.45870	0.00584
 38.0	 39.0	0.44482	0.00587
 39.0	 40.0	0.43920	0.00609
 40.0	 41.0	0.42871	0.00631
 41.0	 42.0	0.41589	0.00638
 42.0	 43.0	0.41841	0.00686
 43.0	 44.0	0.39341	0.00686
 44.0	 45.0	0.39006	0.00717
 45.0	 46.0	0.37326	0.00692
 46.0	 47.0	0.35691	0.00766
 47.0	 48.0	0.36252	0.00806
 48.0	 49.0	0.35591	0.00810
 49.0	 50.0	0.31532	0.00826
 50.0	 51.0	0.33179	0.00898
 51.0	 52.0	0.30699	0.00927
 52.0	 53.0	0.30688	0.00990
 53.0	 54.0	0.28190	0.01034
 54.0	 55.0	0.28081	0.01129
 55.0	 56.0	0.25809	0.01133
 56.0	 57.0	0.22893	0.01130
 57.0	 58.0	0.25069	0.01440
 58.0	 59.0	0.22219	0.01458
 59.0	 60.0	0.21723	0.01411
 60.0	 61.0	0.21856	0.01889
 61.0	 62.0	0.18718	0.01557
 62.0	 63.0	0.17285	0.01900
 63.0	 64.0	0.16062	0.01762
 64.0	 65.0	0.14596	0.02677
 65.0	 66.0	0.20030	0.04774
 66.0	 67.0	0.15585	0.03443
 67.0	 68.0	0.09594	0.02874
 68.0	 69.0	0.11160	0.02261
 69.0	 70.0	0.08583	0.02691
 70.0	 71.0	0.10536	0.04737
 71.0	 72.0	0.23028	0.66906
 72.0	 73.0	0.03580	0.02863
 73.0	 74.0	0.06035	0.03194
 74.0	 75.0	0.00465	0.04299
 75.0	 76.0	0.06090	0.17285
 76.0	 77.0	0.05051	0.11834
 77.0	 78.0	0.00771	0.08389
 78.0	 79.0	0.09069	0.75691
 79.0	 80.0	0.06549	0.04139
 80.0	 81.0	0.07463	0.09875
 81.0	 82.0	0.01368	0.02445
 82.0	 83.0	0.08282	0.14115
 83.0	 84.0	0.01756	0.03437
 84.0	 85.0	0.01604	0.16206
 85.0	 86.0	0.00673	0.06071
 86.0	 87.0	0.25627	2.28445
 87.0	 88.0	0.01330	0.15652
 88.0	 89.0	0.00777	0.03614
 89.0	 90.0	0.06553	0.04085
 90.0	 91.0	0.03943	0.05161
 91.0	 92.0	0.04708	0.06202
 92.0	 93.0	0.03881	0.03839
 93.0	 94.0	0.10436	0.14676
 94.0	 95.0	0.11454	0.08880
 95.0	 96.0	0.09161	0.10683
 96.0	 97.0	0.04641	0.12352
 97.0	 98.0	1.08017	20.91896
 98.0	 99.0	0.18294	0.26324
 99.0	100.0	0.23199	0.85653
