  0.0	  2.0	0.47980	0.00280
  2.0	  4.0	0.50400	0.00278
  4.0	  6.0	0.50695	0.00271
  6.0	  8.0	0.51545	0.00273
  8.0	 10.0	0.51554	0.00275
 10.0	 12.0	0.51694	0.00275
 12.0	 14.0	0.51503	0.00282
 14.0	 16.0	0.50948	0.00285
 16.0	 18.0	0.50719	0.00290
 18.0	 20.0	0.50386	0.00297
 20.0	 22.0	0.49289	0.00304
 22.0	 24.0	0.48930	0.00310
 24.0	 26.0	0.48228	0.00321
 26.0	 28.0	0.46975	0.00329
 28.0	 30.0	0.46835	0.00340
 30.0	 32.0	0.45107	0.00348
 32.0	 34.0	0.44063	0.00362
 34.0	 36.0	0.42530	0.00372
 36.0	 38.0	0.40607	0.00391
 38.0	 40.0	0.39068	0.00405
 40.0	 42.0	0.36649	0.00427
 42.0	 44.0	0.36492	0.00465
 44.0	 46.0	0.33538	0.00475
 46.0	 48.0	0.31885	0.00531
 48.0	 50.0	0.30141	0.00554
 50.0	 52.0	0.28446	0.00617
 52.0	 54.0	0.26851	0.00689
 54.0	 56.0	0.24363	0.00766
 56.0	 58.0	0.21139	0.00849
 58.0	 60.0	0.19010	0.00954
 60.0	 62.0	0.16370	0.01103
 62.0	 64.0	0.14021	0.01205
 64.0	 66.0	0.16096	0.02368
 66.0	 68.0	0.10875	0.02060
 68.0	 70.0	0.03834	0.02362
 70.0	 72.0	0.10720	0.05449
 72.0	 74.0	0.03514	0.02118
 74.0	 76.0	0.03730	0.02781
 76.0	 78.0	0.01417	0.02789
 78.0	 80.0	0.00332	0.03914
 80.0	 82.0	0.02201	0.02447
 82.0	 84.0	0.01180	0.07668
 84.0	 86.0	0.03932	0.09167
 86.0	 88.0	0.03592	0.02846
 88.0	 90.0	0.03363	0.27442
 90.0	 92.0	0.01192	0.09222
 92.0	 94.0	0.06208	0.06883
 94.0	 96.0	0.09579	0.52544
 96.0	 98.0	0.13869	0.28962
 98.0	100.0	0.41015	0.87910
