  0.0	  5.0	0.49426	0.00176
  5.0	 10.0	0.51437	0.00173
 10.0	 15.0	0.51489	0.00177
 15.0	 20.0	0.50610	0.00185
 20.0	 25.0	0.49105	0.00196
 25.0	 30.0	0.46991	0.00210
 30.0	 35.0	0.44283	0.00226
 35.0	 40.0	0.40291	0.00249
 40.0	 45.0	0.36197	0.00286
 45.0	 50.0	0.31281	0.00331
 50.0	 55.0	0.27254	0.00423
 55.0	 60.0	0.20743	0.00547
 60.0	 65.0	0.15144	0.00783
 65.0	 70.0	0.09642	0.01181
 70.0	 75.0	0.06267	0.01597
 75.0	 80.0	0.00635	0.02198
 80.0	 85.0	0.00564	0.08574
 85.0	 90.0	0.01659	0.04048
 90.0	 95.0	0.06288	0.08401
 95.0	100.0	0.22859	4.00401
