  0.0	  5.0	0.49665	0.00176
  5.0	 10.0	0.51943	0.00173
 10.0	 15.0	0.52247	0.00178
 15.0	 20.0	0.51129	0.00185
 20.0	 25.0	0.49391	0.00196
 25.0	 30.0	0.47433	0.00210
 30.0	 35.0	0.44241	0.00226
 35.0	 40.0	0.40394	0.00249
 40.0	 45.0	0.36840	0.00288
 45.0	 50.0	0.31134	0.00331
 50.0	 55.0	0.26541	0.00419
 55.0	 60.0	0.21488	0.00554
 60.0	 65.0	0.15773	0.00792
 65.0	 70.0	0.10441	0.01221
 70.0	 75.0	0.05750	0.01522
 75.0	 80.0	0.02315	0.01948
 80.0	 85.0	0.00879	0.02367
 85.0	 90.0	0.00366	0.25838
 90.0	 95.0	0.01813	0.03717
 95.0	100.0	0.11682	0.09025
