  0.0	  2.0	0.44800	0.00277
  2.0	  4.0	0.55357	0.00220
  4.0	  6.0	0.64235	0.00181
  6.0	  8.0	0.70333	0.00154
  8.0	 10.0	0.75038	0.00136
 10.0	 12.0	0.78018	0.00124
 12.0	 14.0	0.80316	0.00115
 14.0	 16.0	0.81770	0.00109
 16.0	 18.0	0.82930	0.00104
 18.0	 20.0	0.83506	0.00101
 20.0	 22.0	0.84010	0.00100
 22.0	 24.0	0.84263	0.00100
 24.0	 26.0	0.84273	0.00100
 26.0	 28.0	0.84236	0.00102
 28.0	 30.0	0.83822	0.00104
 30.0	 32.0	0.83462	0.00107
 32.0	 34.0	0.82391	0.00112
 34.0	 36.0	0.81593	0.00116
 36.0	 38.0	0.80394	0.00123
 38.0	 40.0	0.79362	0.00129
 40.0	 42.0	0.77768	0.00136
 42.0	 44.0	0.76316	0.00143
 44.0	 46.0	0.74356	0.00153
 46.0	 48.0	0.72669	0.00164
 48.0	 50.0	0.69990	0.00174
 50.0	 52.0	0.67552	0.00188
 52.0	 54.0	0.64990	0.00202
 54.0	 56.0	0.62197	0.00218
 56.0	 58.0	0.58837	0.00236
 58.0	 60.0	0.55170	0.00256
 60.0	 62.0	0.51426	0.00282
 62.0	 64.0	0.48280	0.00310
 64.0	 66.0	0.44314	0.00343
 66.0	 68.0	0.40474	0.00381
 68.0	 70.0	0.36825	0.00434
 70.0	 72.0	0.33019	0.00494
 72.0	 74.0	0.29755	0.00580
 74.0	 76.0	0.25558	0.00641
 76.0	 78.0	0.22670	0.00803
 78.0	 80.0	0.19249	0.01041
 80.0	 82.0	0.19380	0.01406
 82.0	 84.0	0.14798	0.01555
 84.0	 86.0	0.09081	0.01616
 86.0	 88.0	0.16587	0.05389
 88.0	 90.0	0.46740	1.08523
 90.0	 92.0	0.15406	0.10575
 92.0	 94.0	0.24748	0.52402
 94.0	 96.0	0.05227	0.03473
 96.0	 98.0	0.09545	0.18392
 98.0	100.0	0.38666	0.62505
