  0.0	  5.0	0.50531	0.00146
  5.0	 10.0	0.67708	0.00096
 10.0	 15.0	0.75826	0.00076
 15.0	 20.0	0.79233	0.00068
 20.0	 25.0	0.80473	0.00066
 25.0	 30.0	0.80368	0.00067
 30.0	 35.0	0.78773	0.00072
 35.0	 40.0	0.76275	0.00080
 40.0	 45.0	0.72509	0.00091
 45.0	 50.0	0.67151	0.00105
 50.0	 55.0	0.60800	0.00125
 55.0	 60.0	0.53173	0.00150
 60.0	 65.0	0.44754	0.00187
 65.0	 70.0	0.35650	0.00241
 70.0	 75.0	0.27610	0.00336
 75.0	 80.0	0.19422	0.00505
 80.0	 85.0	0.14278	0.00947
 85.0	 90.0	0.14848	0.03139
 90.0	 95.0	0.13548	0.03903
 95.0	100.0	0.05490	0.09710
