  0.0	  1.0	0.41546	0.00409
  1.0	  2.0	0.46181	0.00372
  2.0	  3.0	0.50306	0.00328
  3.0	  4.0	0.55837	0.00292
  4.0	  5.0	0.58989	0.00266
  5.0	  6.0	0.62778	0.00245
  6.0	  7.0	0.65820	0.00225
  7.0	  8.0	0.68518	0.00211
  8.0	  9.0	0.70553	0.00199
  9.0	 10.0	0.72185	0.00190
 10.0	 11.0	0.73740	0.00182
 11.0	 12.0	0.75408	0.00174
 12.0	 13.0	0.76234	0.00168
 13.0	 14.0	0.77274	0.00165
 14.0	 15.0	0.78293	0.00159
 15.0	 16.0	0.78718	0.00157
 16.0	 17.0	0.79283	0.00153
 17.0	 18.0	0.79646	0.00150
 18.0	 19.0	0.80252	0.00149
 19.0	 20.0	0.80572	0.00147
 20.0	 21.0	0.80590	0.00147
 21.0	 22.0	0.80873	0.00146
 22.0	 23.0	0.81095	0.00145
 23.0	 24.0	0.81004	0.00146
 24.0	 25.0	0.81031	0.00146
 25.0	 26.0	0.80674	0.00147
 26.0	 27.0	0.80683	0.00149
 27.0	 28.0	0.80822	0.00149
 28.0	 29.0	0.80721	0.00150
 29.0	 30.0	0.80366	0.00153
 30.0	 31.0	0.80011	0.00154
 31.0	 32.0	0.79732	0.00159
 32.0	 33.0	0.79237	0.00160
 33.0	 34.0	0.78796	0.00164
 34.0	 35.0	0.78210	0.00167
 35.0	 36.0	0.77914	0.00170
 36.0	 37.0	0.77031	0.00174
 37.0	 38.0	0.76540	0.00179
 38.0	 39.0	0.75975	0.00183
 39.0	 40.0	0.75332	0.00187
 40.0	 41.0	0.74572	0.00190
 41.0	 42.0	0.73757	0.00199
 42.0	 43.0	0.73159	0.00202
 43.0	 44.0	0.72091	0.00207
 44.0	 45.0	0.71207	0.00215
 45.0	 46.0	0.69648	0.00220
 46.0	 47.0	0.68628	0.00229
 47.0	 48.0	0.67774	0.00237
 48.0	 49.0	0.66677	0.00240
 49.0	 50.0	0.64970	0.00251
 50.0	 51.0	0.64147	0.00259
 51.0	 52.0	0.62594	0.00270
 52.0	 53.0	0.61188	0.00279
 53.0	 54.0	0.59377	0.00287
 54.0	 55.0	0.58249	0.00298
 55.0	 56.0	0.56832	0.00311
 56.0	 57.0	0.55268	0.00322
 57.0	 58.0	0.53818	0.00337
 58.0	 59.0	0.52174	0.00348
 59.0	 60.0	0.50373	0.00363
 60.0	 61.0	0.48446	0.00379
 61.0	 62.0	0.47074	0.00406
 62.0	 63.0	0.45111	0.00416
 63.0	 64.0	0.43395	0.00443
 64.0	 65.0	0.42140	0.00462
 65.0	 66.0	0.39924	0.00490
 66.0	 67.0	0.37438	0.00509
 67.0	 68.0	0.35389	0.00539
 68.0	 69.0	0.34429	0.00584
 69.0	 70.0	0.32641	0.00615
 70.0	 71.0	0.30458	0.00652
 71.0	 72.0	0.29645	0.00716
 72.0	 73.0	0.26840	0.00770
 73.0	 74.0	0.25483	0.00811
 74.0	 75.0	0.24113	0.00869
 75.0	 76.0	0.23322	0.00922
 76.0	 77.0	0.21340	0.01069
 77.0	 78.0	0.21075	0.01162
 78.0	 79.0	0.18573	0.01260
 79.0	 80.0	0.21589	0.01962
 80.0	 81.0	0.16237	0.01665
 81.0	 82.0	0.15590	0.02501
 82.0	 83.0	0.11769	0.01839
 83.0	 84.0	0.16122	0.03261
 84.0	 85.0	0.13167	0.02485
 85.0	 86.0	0.16002	0.05008
 86.0	 87.0	0.09757	0.04756
 87.0	 88.0	0.24120	0.31701
 88.0	 89.0	0.25325	0.48016
 89.0	 90.0	0.34583	0.88133
 90.0	 91.0	0.28629	0.87966
 91.0	 92.0	0.26479	1.02392
 92.0	 93.0	0.11774	0.25872
 93.0	 94.0	0.07923	0.12734
 94.0	 95.0	0.01527	0.08747
 95.0	 96.0	0.05928	0.16390
 96.0	 97.0	0.10426	0.11670
 97.0	 98.0	0.20734	0.22616
 98.0	 99.0	0.12924	0.28565
 99.0	100.0	0.06654	0.88485
