  0.0	  5.0	0.50861	0.00147
  5.0	 10.0	0.68051	0.00096
 10.0	 15.0	0.76204	0.00076
 15.0	 20.0	0.79696	0.00068
 20.0	 25.0	0.80919	0.00065
 25.0	 30.0	0.80653	0.00067
 30.0	 35.0	0.79201	0.00072
 35.0	 40.0	0.76564	0.00080
 40.0	 45.0	0.72969	0.00091
 45.0	 50.0	0.67559	0.00105
 50.0	 55.0	0.61153	0.00125
 55.0	 60.0	0.53736	0.00150
 60.0	 65.0	0.45299	0.00187
 65.0	 70.0	0.36055	0.00242
 70.0	 75.0	0.27409	0.00337
 75.0	 80.0	0.21005	0.00523
 80.0	 85.0	0.14462	0.00960
 85.0	 90.0	0.16689	0.04342
 90.0	 95.0	0.25841	0.58237
 95.0	100.0	0.31546	3.63860
