  0.0	  1.0	0.47270	0.00391
  1.0	  2.0	0.48720	0.00402
  2.0	  3.0	0.50088	0.00393
  3.0	  4.0	0.50712	0.00393
  4.0	  5.0	0.50398	0.00385
  5.0	  6.0	0.50990	0.00380
  6.0	  7.0	0.51227	0.00381
  7.0	  8.0	0.51874	0.00393
  8.0	  9.0	0.51990	0.00390
  9.0	 10.0	0.51116	0.00389
 10.0	 11.0	0.51779	0.00387
 11.0	 12.0	0.51609	0.00392
 12.0	 13.0	0.51877	0.00397
 13.0	 14.0	0.51122	0.00400
 14.0	 15.0	0.51052	0.00404
 15.0	 16.0	0.50843	0.00403
 16.0	 17.0	0.50798	0.00410
 17.0	 18.0	0.50639	0.00411
 18.0	 19.0	0.50547	0.00418
 19.0	 20.0	0.50218	0.00422
 20.0	 21.0	0.49713	0.00430
 21.0	 22.0	0.48867	0.00430
 22.0	 23.0	0.49189	0.00442
 23.0	 24.0	0.48674	0.00435
 24.0	 25.0	0.49106	0.00453
 25.0	 26.0	0.47343	0.00454
 26.0	 27.0	0.46865	0.00458
 27.0	 28.0	0.47091	0.00472
 28.0	 29.0	0.46353	0.00477
 29.0	 30.0	0.47322	0.00486
 30.0	 31.0	0.45152	0.00484
 31.0	 32.0	0.45064	0.00499
 32.0	 33.0	0.44340	0.00501
 33.0	 34.0	0.43784	0.00522
 34.0	 35.0	0.43035	0.00519
 35.0	 36.0	0.42021	0.00532
 36.0	 37.0	0.41202	0.00549
 37.0	 38.0	0.40009	0.00557
 38.0	 39.0	0.39289	0.00563
 39.0	 40.0	0.38842	0.00583
 40.0	 41.0	0.36940	0.00598
 41.0	 42.0	0.36348	0.00609
 42.0	 43.0	0.37170	0.00654
 43.0	 44.0	0.35802	0.00662
 44.0	 45.0	0.34723	0.00688
 45.0	 46.0	0.32361	0.00658
 46.0	 47.0	0.32152	0.00737
 47.0	 48.0	0.31618	0.00765
 48.0	 49.0	0.30705	0.00764
 49.0	 50.0	0.29555	0.00805
 50.0	 51.0	0.28879	0.00850
 51.0	 52.0	0.28006	0.00896
 52.0	 53.0	0.27367	0.00945
 53.0	 54.0	0.26324	0.01007
 54.0	 55.0	0.25603	0.01085
 55.0	 56.0	0.23069	0.01083
 56.0	 57.0	0.21120	0.01097
 57.0	 58.0	0.21260	0.01338
 58.0	 59.0	0.20507	0.01408
 59.0	 60.0	0.17460	0.01299
 60.0	 61.0	0.18772	0.01745
 61.0	 62.0	0.14143	0.01417
 62.0	 63.0	0.14853	0.01806
 63.0	 64.0	0.13092	0.01623
 64.0	 65.0	0.15358	0.02790
 65.0	 66.0	0.17239	0.04292
 66.0	 67.0	0.12439	0.03021
 67.0	 68.0	0.09244	0.02801
 68.0	 69.0	0.03182	0.03490
 69.0	 70.0	0.04571	0.03351
 70.0	 71.0	0.12951	0.05575
 71.0	 72.0	0.07392	0.19488
 72.0	 73.0	0.05568	0.03021
 73.0	 74.0	0.01203	0.05485
 74.0	 75.0	0.06651	0.03233
 75.0	 76.0	0.01801	0.08417
 76.0	 77.0	0.06634	0.13289
 77.0	 78.0	0.00643	0.03601
 78.0	 79.0	0.11169	0.36058
 79.0	 80.0	0.04051	0.03322
 80.0	 81.0	0.01421	0.05071
 81.0	 82.0	0.03513	0.02474
 82.0	 83.0	0.03449	0.07146
 83.0	 84.0	0.02823	0.03764
 84.0	 85.0	0.02804	0.08440
 85.0	 86.0	0.08459	0.70025
 86.0	 87.0	0.00476	0.17235
 87.0	 88.0	0.04501	0.02745
 88.0	 89.0	0.04320	0.04700
 89.0	 90.0	0.02913	0.04163
 90.0	 91.0	0.01081	0.03714
 91.0	 92.0	0.32442	13.38474
 92.0	 93.0	0.10590	0.07857
 93.0	 94.0	0.02725	2.08727
 94.0	 95.0	0.08181	0.20498
 95.0	 96.0	0.06479	0.28823
 96.0	 97.0	0.19948	0.57915
 97.0	 98.0	0.14708	0.37520
 98.0	 99.0	0.67095	3.19597
 99.0	100.0	0.79330	0.31225
