  0.0	  2.0	0.47911	0.00281
  2.0	  4.0	0.50670	0.00278
  4.0	  6.0	0.51332	0.00272
  6.0	  8.0	0.51857	0.00274
  8.0	 10.0	0.52270	0.00276
 10.0	 12.0	0.52185	0.00276
 12.0	 14.0	0.52531	0.00283
 14.0	 16.0	0.51523	0.00286
 16.0	 18.0	0.51424	0.00292
 18.0	 20.0	0.50781	0.00298
 20.0	 22.0	0.50063	0.00305
 22.0	 24.0	0.48963	0.00310
 24.0	 26.0	0.48237	0.00321
 26.0	 28.0	0.47647	0.00330
 28.0	 30.0	0.47155	0.00341
 30.0	 32.0	0.44999	0.00348
 32.0	 34.0	0.44367	0.00363
 34.0	 36.0	0.42498	0.00372
 36.0	 38.0	0.40688	0.00392
 38.0	 40.0	0.38951	0.00405
 40.0	 42.0	0.38076	0.00433
 42.0	 44.0	0.36233	0.00465
 44.0	 46.0	0.33717	0.00476
 46.0	 48.0	0.31815	0.00530
 48.0	 50.0	0.30077	0.00554
 50.0	 52.0	0.28547	0.00617
 52.0	 54.0	0.25618	0.00677
 54.0	 56.0	0.24069	0.00764
 56.0	 58.0	0.22023	0.00861
 58.0	 60.0	0.19477	0.00961
 60.0	 62.0	0.17889	0.01136
 62.0	 64.0	0.14316	0.01209
 64.0	 66.0	0.15303	0.02275
 66.0	 68.0	0.08402	0.01915
 68.0	 70.0	0.09572	0.01680
 70.0	 72.0	0.11302	0.05723
 72.0	 74.0	0.04083	0.01867
 74.0	 76.0	0.01293	0.07197
 76.0	 78.0	0.02638	0.02604
 78.0	 80.0	0.01611	0.04617
 80.0	 82.0	0.01008	0.05466
 82.0	 84.0	0.02535	0.02502
 84.0	 86.0	0.08801	0.18818
 86.0	 88.0	0.01134	0.15221
 88.0	 90.0	0.02914	0.03596
 90.0	 92.0	0.06262	0.14004
 92.0	 94.0	0.01744	0.05828
 94.0	 96.0	0.05088	0.06970
 96.0	 98.0	0.29940	0.31513
 98.0	100.0	0.19210	0.35787
