  0.0	  1.0	0.47091	0.00391
  1.0	  2.0	0.48762	0.00402
  2.0	  3.0	0.49893	0.00392
  3.0	  4.0	0.51445	0.00395
  4.0	  5.0	0.51196	0.00387
  5.0	  6.0	0.51469	0.00381
  6.0	  7.0	0.51186	0.00381
  7.0	  8.0	0.52546	0.00394
  8.0	  9.0	0.52260	0.00391
  9.0	 10.0	0.52280	0.00391
 10.0	 11.0	0.52396	0.00388
 11.0	 12.0	0.51973	0.00392
 12.0	 13.0	0.52556	0.00399
 13.0	 14.0	0.52505	0.00402
 14.0	 15.0	0.51808	0.00406
 15.0	 16.0	0.51233	0.00403
 16.0	 17.0	0.51375	0.00411
 17.0	 18.0	0.51473	0.00413
 18.0	 19.0	0.50977	0.00420
 19.0	 20.0	0.50584	0.00423
 20.0	 21.0	0.50306	0.00432
 21.0	 22.0	0.49822	0.00432
 22.0	 23.0	0.49136	0.00443
 23.0	 24.0	0.48792	0.00435
 24.0	 25.0	0.48900	0.00453
 25.0	 26.0	0.47568	0.00454
 26.0	 27.0	0.47787	0.00460
 27.0	 28.0	0.47510	0.00474
 28.0	 29.0	0.47378	0.00481
 29.0	 30.0	0.46930	0.00485
 30.0	 31.0	0.44967	0.00485
 31.0	 32.0	0.45034	0.00500
 32.0	 33.0	0.44304	0.00501
 33.0	 34.0	0.44440	0.00526
 34.0	 35.0	0.42427	0.00517
 35.0	 36.0	0.42576	0.00534
 36.0	 37.0	0.40848	0.00548
 37.0	 38.0	0.40527	0.00560
 38.0	 39.0	0.39149	0.00562
 39.0	 40.0	0.38750	0.00583
 40.0	 41.0	0.38210	0.00605
 41.0	 42.0	0.37934	0.00619
 42.0	 43.0	0.36678	0.00652
 43.0	 44.0	0.35782	0.00662
 44.0	 45.0	0.35525	0.00692
 45.0	 46.0	0.31940	0.00656
 46.0	 47.0	0.32188	0.00737
 47.0	 48.0	0.31439	0.00762
 48.0	 49.0	0.30743	0.00765
 49.0	 50.0	0.29377	0.00805
 50.0	 51.0	0.28871	0.00850
 51.0	 52.0	0.28221	0.00899
 52.0	 53.0	0.25351	0.00919
 53.0	 54.0	0.25920	0.01001
 54.0	 55.0	0.24058	0.01060
 55.0	 56.0	0.24083	0.01102
 56.0	 57.0	0.21697	0.01106
 57.0	 58.0	0.22508	0.01367
 58.0	 59.0	0.20636	0.01410
 59.0	 60.0	0.18286	0.01315
 60.0	 61.0	0.19577	0.01771
 61.0	 62.0	0.16336	0.01473
 62.0	 63.0	0.16564	0.01867
 63.0	 64.0	0.12040	0.01591
 64.0	 65.0	0.13969	0.02688
 65.0	 66.0	0.16863	0.04175
 66.0	 67.0	0.12277	0.03028
 67.0	 68.0	0.04228	0.02711
 68.0	 69.0	0.09783	0.02134
 69.0	 70.0	0.09298	0.02740
 70.0	 71.0	0.10554	0.04673
 71.0	 72.0	0.18677	0.70112
 72.0	 73.0	0.04502	0.02893
 73.0	 74.0	0.03711	0.02441
 74.0	 75.0	0.02453	0.02784
 75.0	 76.0	0.08460	0.14452
 76.0	 77.0	0.02433	0.05662
 77.0	 78.0	0.04777	0.03335
 78.0	 79.0	0.07971	0.27773
 79.0	 80.0	0.05108	0.04376
 80.0	 81.0	0.05890	0.08975
 81.0	 82.0	0.02664	0.03171
 82.0	 83.0	0.01545	0.11039
 83.0	 84.0	0.02427	0.03444
 84.0	 85.0	0.06751	0.10890
 85.0	 86.0	0.20688	4.22307
 86.0	 87.0	0.08172	0.16534
 87.0	 88.0	0.03379	0.03365
 88.0	 89.0	0.05210	0.25985
 89.0	 90.0	0.03554	0.03916
 90.0	 91.0	0.01669	0.05402
 91.0	 92.0	0.04901	0.06037
 92.0	 93.0	0.05382	0.04099
 93.0	 94.0	0.04862	0.11324
 94.0	 95.0	0.03009	0.09131
 95.0	 96.0	0.08177	0.10588
 96.0	 97.0	0.27444	0.27186
 97.0	 98.0	0.38875	3.42859
 98.0	 99.0	0.24901	0.52351
 99.0	100.0	0.49677	0.80033
