  0.0	  5.0	0.71407	0.00209
  5.0	 10.0	0.86084	0.00125
 10.0	 15.0	0.91345	0.00095
 15.0	 20.0	0.92850	0.00082
 20.0	 25.0	0.93346	0.00078
 25.0	 30.0	0.93103	0.00078
 30.0	 35.0	0.92054	0.00084
 35.0	 40.0	0.90546	0.00094
 40.0	 45.0	0.88078	0.00109
 45.0	 50.0	0.84347	0.00129
 50.0	 55.0	0.79490	0.00156
 55.0	 60.0	0.72791	0.00194
 60.0	 65.0	0.63837	0.00249
 65.0	 70.0	0.53807	0.00335
 70.0	 75.0	0.41499	0.00455
 75.0	 80.0	0.29972	0.00642
 80.0	 85.0	0.21493	0.00973
 85.0	 90.0	0.13782	0.01644
 90.0	 95.0	0.10691	0.02242
 95.0	100.0	0.16116	0.32519
