  0.0	  2.0	0.64428	0.00411
  2.0	  4.0	0.74003	0.00311
  4.0	  6.0	0.81309	0.00247
  6.0	  8.0	0.85519	0.00203
  8.0	 10.0	0.88201	0.00176
 10.0	 12.0	0.90507	0.00159
 12.0	 14.0	0.91705	0.00147
 14.0	 16.0	0.92298	0.00138
 16.0	 18.0	0.92856	0.00129
 18.0	 20.0	0.93125	0.00126
 20.0	 22.0	0.93359	0.00123
 22.0	 24.0	0.93259	0.00122
 24.0	 26.0	0.93344	0.00123
 26.0	 28.0	0.93291	0.00124
 28.0	 30.0	0.92870	0.00125
 30.0	 32.0	0.92513	0.00130
 32.0	 34.0	0.91901	0.00134
 34.0	 36.0	0.91388	0.00140
 36.0	 38.0	0.90801	0.00147
 38.0	 40.0	0.89894	0.00155
 40.0	 42.0	0.89030	0.00164
 42.0	 44.0	0.87753	0.00174
 44.0	 46.0	0.86268	0.00186
 46.0	 48.0	0.84861	0.00199
 48.0	 50.0	0.83157	0.00216
 50.0	 52.0	0.81192	0.00232
 52.0	 54.0	0.78931	0.00253
 54.0	 56.0	0.76388	0.00273
 56.0	 58.0	0.73849	0.00302
 58.0	 60.0	0.70259	0.00326
 60.0	 62.0	0.67164	0.00370
 62.0	 64.0	0.62644	0.00407
 64.0	 66.0	0.58976	0.00448
 66.0	 68.0	0.54422	0.00511
 68.0	 70.0	0.50466	0.00590
 70.0	 72.0	0.45585	0.00664
 72.0	 74.0	0.39404	0.00733
 74.0	 76.0	0.35387	0.00851
 76.0	 78.0	0.30820	0.01005
 78.0	 80.0	0.26639	0.01137
 80.0	 82.0	0.23032	0.01334
 82.0	 84.0	0.19908	0.01517
 84.0	 86.0	0.19993	0.02866
 86.0	 88.0	0.13568	0.02065
 88.0	 90.0	0.10347	0.03282
 90.0	 92.0	0.16364	0.05478
 92.0	 94.0	0.05523	0.02563
 94.0	 96.0	0.07718	0.06598
 96.0	 98.0	0.14793	0.12842
 98.0	100.0	0.18870	0.26647
