  0.0	  1.0	0.62057	0.00625
  1.0	  2.0	0.66810	0.00545
  2.0	  3.0	0.71881	0.00474
  3.0	  4.0	0.76075	0.00409
  4.0	  5.0	0.79606	0.00364
  5.0	  6.0	0.82992	0.00335
  6.0	  7.0	0.84689	0.00300
  7.0	  8.0	0.86356	0.00275
  8.0	  9.0	0.87718	0.00257
  9.0	 10.0	0.88684	0.00242
 10.0	 11.0	0.90211	0.00231
 11.0	 12.0	0.90804	0.00218
 12.0	 13.0	0.91551	0.00211
 13.0	 14.0	0.91861	0.00205
 14.0	 15.0	0.92315	0.00198
 15.0	 16.0	0.92284	0.00191
 16.0	 17.0	0.92668	0.00184
 17.0	 18.0	0.93043	0.00181
 18.0	 19.0	0.93099	0.00180
 19.0	 20.0	0.93151	0.00176
 20.0	 21.0	0.93445	0.00175
 21.0	 22.0	0.93273	0.00174
 22.0	 23.0	0.93318	0.00172
 23.0	 24.0	0.93200	0.00173
 24.0	 25.0	0.93495	0.00174
 25.0	 26.0	0.93194	0.00172
 26.0	 27.0	0.93321	0.00176
 27.0	 28.0	0.93261	0.00175
 28.0	 29.0	0.92892	0.00177
 29.0	 30.0	0.92849	0.00178
 30.0	 31.0	0.92708	0.00182
 31.0	 32.0	0.92316	0.00185
 32.0	 33.0	0.92152	0.00186
 33.0	 34.0	0.91646	0.00192
 34.0	 35.0	0.91438	0.00195
 35.0	 36.0	0.91339	0.00201
 36.0	 37.0	0.90954	0.00205
 37.0	 38.0	0.90651	0.00211
 38.0	 39.0	0.90030	0.00218
 39.0	 40.0	0.89759	0.00220
 40.0	 41.0	0.89198	0.00227
 41.0	 42.0	0.88862	0.00236
 42.0	 43.0	0.87995	0.00243
 43.0	 44.0	0.87510	0.00248
 44.0	 45.0	0.86823	0.00260
 45.0	 46.0	0.85712	0.00266
 46.0	 47.0	0.85249	0.00276
 47.0	 48.0	0.84477	0.00288
 48.0	 49.0	0.83653	0.00299
 49.0	 50.0	0.82651	0.00311
 50.0	 51.0	0.81819	0.00321
 51.0	 52.0	0.80562	0.00335
 52.0	 53.0	0.79500	0.00351
 53.0	 54.0	0.78356	0.00364
 54.0	 55.0	0.77140	0.00379
 55.0	 56.0	0.75634	0.00393
 56.0	 57.0	0.74634	0.00417
 57.0	 58.0	0.73050	0.00439
 58.0	 59.0	0.71022	0.00449
 59.0	 60.0	0.69491	0.00474
 60.0	 61.0	0.67783	0.00506
 61.0	 62.0	0.66547	0.00542
 62.0	 63.0	0.64234	0.00570
 63.0	 64.0	0.61024	0.00581
 64.0	 65.0	0.59157	0.00602
 65.0	 66.0	0.58850	0.00670
 66.0	 67.0	0.55036	0.00691
 67.0	 68.0	0.53838	0.00759
 68.0	 69.0	0.51991	0.00823
 69.0	 70.0	0.48919	0.00845
 70.0	 71.0	0.47617	0.00917
 71.0	 72.0	0.43448	0.00964
 72.0	 73.0	0.40437	0.00997
 73.0	 74.0	0.38330	0.01082
 74.0	 75.0	0.36767	0.01181
 75.0	 76.0	0.33977	0.01227
 76.0	 77.0	0.30983	0.01270
 77.0	 78.0	0.30828	0.01636
 78.0	 79.0	0.27615	0.01603
 79.0	 80.0	0.25634	0.01612
 80.0	 81.0	0.22416	0.01732
 81.0	 82.0	0.23758	0.02084
 82.0	 83.0	0.18904	0.01701
 83.0	 84.0	0.21888	0.03131
 84.0	 85.0	0.21253	0.03810
 85.0	 86.0	0.17897	0.04338
 86.0	 87.0	0.11714	0.02120
 87.0	 88.0	0.17873	0.05864
 88.0	 89.0	0.08660	0.03558
 89.0	 90.0	0.13196	0.07483
 90.0	 91.0	0.25050	0.15758
 91.0	 92.0	0.09055	0.05313
 92.0	 93.0	0.03491	0.03646
 93.0	 94.0	0.11823	0.06618
 94.0	 95.0	0.09260	0.08747
 95.0	 96.0	0.04306	0.13109
 96.0	 97.0	0.22768	0.13101
 97.0	 98.0	1.38383	37.36777
 98.0	 99.0	0.14595	0.57515
 99.0	100.0	0.42429	0.17975
