  0.0	  5.0	0.66497	0.00218
  5.0	 10.0	0.67851	0.00207
 10.0	 15.0	0.67407	0.00207
 15.0	 20.0	0.65870	0.00212
 20.0	 25.0	0.63705	0.00221
 25.0	 30.0	0.60644	0.00231
 30.0	 35.0	0.57362	0.00250
 35.0	 40.0	0.52881	0.00275
 40.0	 45.0	0.48341	0.00314
 45.0	 50.0	0.41780	0.00358
 50.0	 55.0	0.35352	0.00444
 55.0	 60.0	0.27577	0.00551
 60.0	 65.0	0.21517	0.00850
 65.0	 70.0	0.12832	0.01051
 70.0	 75.0	0.09385	0.01794
 75.0	 80.0	0.00847	0.02726
 80.0	 85.0	0.00664	0.02314
 85.0	 90.0	0.03480	0.02913
 90.0	 95.0	0.02343	0.06905
 95.0	100.0	0.09134	0.25850
