  0.0	  2.0	0.65337	0.00354
  2.0	  4.0	0.67305	0.00343
  4.0	  6.0	0.67501	0.00329
  6.0	  8.0	0.67743	0.00324
  8.0	 10.0	0.68001	0.00328
 10.0	 12.0	0.67467	0.00323
 12.0	 14.0	0.67485	0.00331
 14.0	 16.0	0.66866	0.00332
 16.0	 18.0	0.66022	0.00332
 18.0	 20.0	0.65355	0.00338
 20.0	 22.0	0.64573	0.00344
 22.0	 24.0	0.63596	0.00353
 24.0	 26.0	0.61941	0.00354
 26.0	 28.0	0.61210	0.00366
 28.0	 30.0	0.59527	0.00372
 30.0	 32.0	0.58365	0.00382
 32.0	 34.0	0.56943	0.00399
 34.0	 36.0	0.55300	0.00415
 36.0	 38.0	0.53049	0.00430
 38.0	 40.0	0.51928	0.00452
 40.0	 42.0	0.50469	0.00478
 42.0	 44.0	0.47425	0.00502
 44.0	 46.0	0.45399	0.00536
 46.0	 48.0	0.41930	0.00549
 48.0	 50.0	0.39899	0.00596
 50.0	 52.0	0.37887	0.00671
 52.0	 54.0	0.35183	0.00731
 54.0	 56.0	0.30047	0.00723
 56.0	 58.0	0.28950	0.00882
 58.0	 60.0	0.24877	0.00960
 60.0	 62.0	0.23134	0.01198
 62.0	 64.0	0.19925	0.01313
 64.0	 66.0	0.17313	0.01537
 66.0	 68.0	0.13170	0.01543
 68.0	 70.0	0.12367	0.02478
 70.0	 72.0	0.11997	0.02837
 72.0	 74.0	0.07969	0.02968
 74.0	 76.0	0.03678	0.02513
 76.0	 78.0	0.20045	1.43267
 78.0	 80.0	0.04689	0.12385
 80.0	 82.0	0.03288	0.08290
 82.0	 84.0	0.00520	0.02860
 84.0	 86.0	0.03516	0.02696
 86.0	 88.0	0.02710	0.03363
 88.0	 90.0	0.02338	0.07641
 90.0	 92.0	0.05009	0.03761
 92.0	 94.0	0.06084	0.31457
 94.0	 96.0	0.02052	0.15420
 96.0	 98.0	0.07902	0.12639
 98.0	100.0	0.05269	0.40362
