  0.0	  1.0	0.65045	0.00506
  1.0	  2.0	0.65640	0.00496
  2.0	  3.0	0.67416	0.00497
  3.0	  4.0	0.67209	0.00473
  4.0	  5.0	0.67234	0.00465
  5.0	  6.0	0.67769	0.00466
  6.0	  7.0	0.68006	0.00464
  7.0	  8.0	0.67484	0.00452
  8.0	  9.0	0.67938	0.00467
  9.0	 10.0	0.68064	0.00461
 10.0	 11.0	0.67020	0.00451
 11.0	 12.0	0.67918	0.00461
 12.0	 13.0	0.67514	0.00469
 13.0	 14.0	0.67456	0.00467
 14.0	 15.0	0.67138	0.00464
 15.0	 16.0	0.66590	0.00474
 16.0	 17.0	0.65968	0.00467
 17.0	 18.0	0.66074	0.00472
 18.0	 19.0	0.65493	0.00472
 19.0	 20.0	0.65222	0.00483
 20.0	 21.0	0.64736	0.00482
 21.0	 22.0	0.64412	0.00491
 22.0	 23.0	0.63841	0.00495
 23.0	 24.0	0.63350	0.00504
 24.0	 25.0	0.62160	0.00504
 25.0	 26.0	0.61718	0.00499
 26.0	 27.0	0.61514	0.00518
 27.0	 28.0	0.60907	0.00518
 28.0	 29.0	0.60429	0.00528
 29.0	 30.0	0.58627	0.00523
 30.0	 31.0	0.59166	0.00539
 31.0	 32.0	0.57553	0.00541
 32.0	 33.0	0.57432	0.00561
 33.0	 34.0	0.56445	0.00568
 34.0	 35.0	0.56174	0.00594
 35.0	 36.0	0.54427	0.00581
 36.0	 37.0	0.53162	0.00607
 37.0	 38.0	0.52934	0.00609
 38.0	 39.0	0.52440	0.00627
 39.0	 40.0	0.51417	0.00651
 40.0	 41.0	0.51183	0.00664
 41.0	 42.0	0.49738	0.00688
 42.0	 43.0	0.47619	0.00682
 43.0	 44.0	0.47240	0.00743
 44.0	 45.0	0.45738	0.00741
 45.0	 46.0	0.45062	0.00777
 46.0	 47.0	0.42719	0.00759
 47.0	 48.0	0.41127	0.00794
 48.0	 49.0	0.40634	0.00823
 49.0	 50.0	0.39140	0.00865
 50.0	 51.0	0.38613	0.00952
 51.0	 52.0	0.37135	0.00946
 52.0	 53.0	0.35383	0.00990
 53.0	 54.0	0.34997	0.01084
 54.0	 55.0	0.30178	0.01004
 55.0	 56.0	0.29915	0.01041
 56.0	 57.0	0.29667	0.01231
 57.0	 58.0	0.28167	0.01264
 58.0	 59.0	0.24920	0.01209
 59.0	 60.0	0.25022	0.01570
 60.0	 61.0	0.23538	0.01664
 61.0	 62.0	0.22691	0.01727
 62.0	 63.0	0.20398	0.01751
 63.0	 64.0	0.19451	0.01983
 64.0	 65.0	0.21897	0.02899
 65.0	 66.0	0.13530	0.01755
 66.0	 67.0	0.14775	0.02028
 67.0	 68.0	0.11323	0.02382
 68.0	 69.0	0.15083	0.04263
 69.0	 70.0	0.09306	0.02934
 70.0	 71.0	0.09041	0.02750
 71.0	 72.0	0.17618	0.12049
 72.0	 73.0	0.04068	0.02959
 73.0	 74.0	0.27431	1.14925
 74.0	 75.0	0.05692	0.03894
 75.0	 76.0	0.01730	0.03296
 76.0	 77.0	0.02182	0.03892
 77.0	 78.0	0.06544	0.03971
 78.0	 79.0	0.14042	0.39206
 79.0	 80.0	0.14100	0.34392
 80.0	 81.0	0.04236	0.10824
 81.0	 82.0	0.03064	0.34254
 82.0	 83.0	0.04097	0.03191
 83.0	 84.0	0.13308	0.42608
 84.0	 85.0	0.02031	0.06115
 85.0	 86.0	0.05501	0.03231
 86.0	 87.0	0.06173	0.10933
 87.0	 88.0	0.01017	0.05840
 88.0	 89.0	0.01907	0.08900
 89.0	 90.0	0.01551	0.20220
 90.0	 91.0	0.01301	0.09124
 91.0	 92.0	0.08285	0.07103
 92.0	 93.0	0.01716	0.22332
 93.0	 94.0	0.08100	0.07784
 94.0	 95.0	0.05663	0.07766
 95.0	 96.0	0.03822	0.33826
 96.0	 97.0	0.05386	0.12611
 97.0	 98.0	0.14519	0.36812
 98.0	 99.0	0.11277	0.23822
 99.0	100.0	0.35276	0.44210
