  0.0	  2.0	0.50782	0.00311
  2.0	  4.0	0.61924	0.00242
  4.0	  6.0	0.70329	0.00194
  6.0	  8.0	0.76166	0.00163
  8.0	 10.0	0.80046	0.00142
 10.0	 12.0	0.82588	0.00127
 12.0	 14.0	0.84327	0.00119
 14.0	 16.0	0.85327	0.00112
 16.0	 18.0	0.86108	0.00105
 18.0	 20.0	0.86572	0.00102
 20.0	 22.0	0.86780	0.00101
 22.0	 24.0	0.86682	0.00101
 24.0	 26.0	0.86622	0.00101
 26.0	 28.0	0.86367	0.00102
 28.0	 30.0	0.85993	0.00104
 30.0	 32.0	0.85255	0.00108
 32.0	 34.0	0.84507	0.00113
 34.0	 36.0	0.83579	0.00117
 36.0	 38.0	0.82602	0.00123
 38.0	 40.0	0.81354	0.00129
 40.0	 42.0	0.79603	0.00136
 42.0	 44.0	0.77696	0.00143
 44.0	 46.0	0.76010	0.00154
 46.0	 48.0	0.73928	0.00164
 48.0	 50.0	0.71589	0.00174
 50.0	 52.0	0.68757	0.00185
 52.0	 54.0	0.66062	0.00200
 54.0	 56.0	0.62912	0.00216
 56.0	 58.0	0.59182	0.00231
 58.0	 60.0	0.55498	0.00251
 60.0	 62.0	0.51365	0.00271
 62.0	 64.0	0.47194	0.00297
 64.0	 66.0	0.43911	0.00332
 66.0	 68.0	0.39415	0.00363
 68.0	 70.0	0.35509	0.00409
 70.0	 72.0	0.31095	0.00457
 72.0	 74.0	0.26709	0.00513
 74.0	 76.0	0.23876	0.00590
 76.0	 78.0	0.19450	0.00682
 78.0	 80.0	0.16992	0.00815
 80.0	 82.0	0.12351	0.00951
 82.0	 84.0	0.09912	0.01015
 84.0	 86.0	0.07262	0.01202
 86.0	 88.0	0.07386	0.03212
 88.0	 90.0	0.01741	0.07107
 90.0	 92.0	0.11410	0.06053
 92.0	 94.0	0.06079	0.02463
 94.0	 96.0	0.03376	0.04349
 96.0	 98.0	0.02898	0.96981
 98.0	100.0	0.20202	0.17689
