  0.0	  5.0	0.59126	0.00162
  5.0	 10.0	0.76978	0.00100
 10.0	 15.0	0.83785	0.00077
 15.0	 20.0	0.86189	0.00067
 20.0	 25.0	0.86702	0.00064
 25.0	 30.0	0.86276	0.00065
 30.0	 35.0	0.84664	0.00071
 35.0	 40.0	0.82259	0.00079
 40.0	 45.0	0.78265	0.00090
 45.0	 50.0	0.73285	0.00105
 50.0	 55.0	0.66678	0.00124
 55.0	 60.0	0.58369	0.00150
 60.0	 65.0	0.48366	0.00184
 65.0	 70.0	0.38791	0.00237
 70.0	 75.0	0.28128	0.00313
 75.0	 80.0	0.19388	0.00450
 80.0	 85.0	0.10495	0.00623
 85.0	 90.0	0.05789	0.01545
 90.0	 95.0	0.08108	0.02227
 95.0	100.0	0.02652	0.08938
