  0.0	  1.0	0.47685	0.00462
  1.0	  2.0	0.53787	0.00419
  2.0	  3.0	0.59333	0.00364
  3.0	  4.0	0.64392	0.00322
  4.0	  5.0	0.68509	0.00289
  5.0	  6.0	0.72117	0.00261
  6.0	  7.0	0.74973	0.00240
  7.0	  8.0	0.77345	0.00222
  8.0	  9.0	0.79280	0.00206
  9.0	 10.0	0.80803	0.00195
 10.0	 11.0	0.82005	0.00186
 11.0	 12.0	0.83163	0.00175
 12.0	 13.0	0.83951	0.00171
 13.0	 14.0	0.84701	0.00165
 14.0	 15.0	0.85077	0.00160
 15.0	 16.0	0.85579	0.00157
 16.0	 17.0	0.86030	0.00151
 17.0	 18.0	0.86187	0.00148
 18.0	 19.0	0.86446	0.00147
 19.0	 20.0	0.86696	0.00143
 20.0	 21.0	0.86640	0.00144
 21.0	 22.0	0.86917	0.00142
 22.0	 23.0	0.86687	0.00143
 23.0	 24.0	0.86677	0.00143
 24.0	 25.0	0.86586	0.00142
 25.0	 26.0	0.86657	0.00143
 26.0	 27.0	0.86450	0.00144
 27.0	 28.0	0.86285	0.00144
 28.0	 29.0	0.86183	0.00147
 29.0	 30.0	0.85804	0.00148
 30.0	 31.0	0.85456	0.00151
 31.0	 32.0	0.85052	0.00155
 32.0	 33.0	0.84851	0.00158
 33.0	 34.0	0.84157	0.00162
 34.0	 35.0	0.83787	0.00163
 35.0	 36.0	0.83370	0.00167
 36.0	 37.0	0.83026	0.00172
 37.0	 38.0	0.82179	0.00176
 38.0	 39.0	0.81480	0.00182
 39.0	 40.0	0.81229	0.00185
 40.0	 41.0	0.80097	0.00189
 41.0	 42.0	0.79103	0.00196
 42.0	 43.0	0.78040	0.00200
 43.0	 44.0	0.77351	0.00206
 44.0	 45.0	0.76688	0.00214
 45.0	 46.0	0.75328	0.00220
 46.0	 47.0	0.74670	0.00228
 47.0	 48.0	0.73185	0.00235
 48.0	 49.0	0.72171	0.00242
 49.0	 50.0	0.70994	0.00251
 50.0	 51.0	0.69317	0.00257
 51.0	 52.0	0.68193	0.00268
 52.0	 53.0	0.66664	0.00279
 53.0	 54.0	0.65452	0.00289
 54.0	 55.0	0.63587	0.00299
 55.0	 56.0	0.62234	0.00312
 56.0	 57.0	0.60141	0.00321
 57.0	 58.0	0.58197	0.00334
 58.0	 59.0	0.56425	0.00349
 59.0	 60.0	0.54555	0.00361
 60.0	 61.0	0.52211	0.00374
 61.0	 62.0	0.50497	0.00393
 62.0	 63.0	0.48241	0.00409
 63.0	 64.0	0.46124	0.00430
 64.0	 65.0	0.44280	0.00456
 65.0	 66.0	0.43543	0.00485
 66.0	 67.0	0.40804	0.00509
 67.0	 68.0	0.37998	0.00519
 68.0	 69.0	0.36470	0.00565
 69.0	 70.0	0.34531	0.00594
 70.0	 71.0	0.32667	0.00637
 71.0	 72.0	0.29455	0.00654
 72.0	 73.0	0.26644	0.00682
 73.0	 74.0	0.26851	0.00779
 74.0	 75.0	0.24451	0.00791
 75.0	 76.0	0.23332	0.00885
 76.0	 77.0	0.20204	0.00923
 77.0	 78.0	0.18661	0.01013
 78.0	 79.0	0.17244	0.01146
 79.0	 80.0	0.16700	0.01162
 80.0	 81.0	0.13068	0.01266
 81.0	 82.0	0.11498	0.01455
 82.0	 83.0	0.09761	0.01344
 83.0	 84.0	0.10021	0.01552
 84.0	 85.0	0.07122	0.01483
 85.0	 86.0	0.07480	0.02023
 86.0	 87.0	0.05274	0.04125
 87.0	 88.0	0.10613	0.06382
 88.0	 89.0	0.03627	0.03251
 89.0	 90.0	0.06555	0.04432
 90.0	 91.0	0.15136	0.07189
 91.0	 92.0	0.02452	0.24129
 92.0	 93.0	0.06479	0.03251
 93.0	 94.0	0.05473	0.03775
 94.0	 95.0	0.05695	0.06257
 95.0	 96.0	0.00380	0.06218
 96.0	 97.0	0.00875	1.08139
 97.0	 98.0	0.15594	0.13182
 98.0	 99.0	0.17642	0.18683
 99.0	100.0	0.50073	0.40425
