  0.0	  2.0	0.50742	0.00273
  2.0	  4.0	0.52006	0.00262
  4.0	  6.0	0.53258	0.00259
  6.0	  8.0	0.53303	0.00257
  8.0	 10.0	0.52799	0.00256
 10.0	 12.0	0.52128	0.00254
 12.0	 14.0	0.51610	0.00257
 14.0	 16.0	0.51466	0.00261
 16.0	 18.0	0.50606	0.00262
 18.0	 20.0	0.49982	0.00267
 20.0	 22.0	0.49587	0.00272
 22.0	 24.0	0.47820	0.00276
 24.0	 26.0	0.46707	0.00282
 26.0	 28.0	0.45644	0.00286
 28.0	 30.0	0.44771	0.00295
 30.0	 32.0	0.43542	0.00305
 32.0	 34.0	0.41029	0.00314
 34.0	 36.0	0.40746	0.00329
 36.0	 38.0	0.38810	0.00342
 38.0	 40.0	0.37354	0.00354
 40.0	 42.0	0.35324	0.00370
 42.0	 44.0	0.33231	0.00387
 44.0	 46.0	0.31970	0.00413
 46.0	 48.0	0.29354	0.00433
 48.0	 50.0	0.27597	0.00466
 50.0	 52.0	0.26120	0.00501
 52.0	 54.0	0.23374	0.00543
 54.0	 56.0	0.21070	0.00608
 56.0	 58.0	0.18709	0.00707
 58.0	 60.0	0.17977	0.00792
 60.0	 62.0	0.15422	0.00836
 62.0	 64.0	0.11831	0.00952
 64.0	 66.0	0.09806	0.01098
 66.0	 68.0	0.08895	0.01624
 68.0	 70.0	0.06992	0.01656
 70.0	 72.0	0.06792	0.02287
 72.0	 74.0	0.06574	0.03503
 74.0	 76.0	0.24459	9.11494
 76.0	 78.0	0.16202	0.28697
 78.0	 80.0	0.02729	0.08060
 80.0	 82.0	0.02521	0.02517
 82.0	 84.0	0.18549	2.50106
 84.0	 86.0	0.01567	0.03233
 86.0	 88.0	0.00443	0.14710
 88.0	 90.0	0.03149	0.02310
 90.0	 92.0	0.01216	0.04472
 92.0	 94.0	0.06192	0.05958
 94.0	 96.0	0.06019	0.10841
 96.0	 98.0	0.06474	0.06983
 98.0	100.0	0.02412	0.52645
