  0.0	  5.0	0.51692	0.00168
  5.0	 10.0	0.53148	0.00163
 10.0	 15.0	0.51811	0.00162
 15.0	 20.0	0.50508	0.00167
 20.0	 25.0	0.48382	0.00174
 25.0	 30.0	0.45444	0.00182
 30.0	 35.0	0.42154	0.00198
 35.0	 40.0	0.38460	0.00218
 40.0	 45.0	0.33852	0.00242
 45.0	 50.0	0.29205	0.00281
 50.0	 55.0	0.23975	0.00336
 55.0	 60.0	0.19070	0.00456
 60.0	 65.0	0.13419	0.00586
 65.0	 70.0	0.07850	0.00892
 70.0	 75.0	0.07198	0.02079
 75.0	 80.0	0.12603	0.59809
 80.0	 85.0	0.01442	0.02278
 85.0	 90.0	0.00349	0.05326
 90.0	 95.0	0.01937	0.06724
 95.0	100.0	0.03431	0.10848
