  0.0	  1.0	0.50343	0.00387
  1.0	  2.0	0.51148	0.00386
  2.0	  3.0	0.52106	0.00375
  3.0	  4.0	0.51909	0.00367
  4.0	  5.0	0.52975	0.00366
  5.0	  6.0	0.53541	0.00367
  6.0	  7.0	0.53289	0.00364
  7.0	  8.0	0.53317	0.00363
  8.0	  9.0	0.52522	0.00362
  9.0	 10.0	0.53074	0.00362
 10.0	 11.0	0.52265	0.00362
 11.0	 12.0	0.51992	0.00357
 12.0	 13.0	0.51562	0.00363
 13.0	 14.0	0.51659	0.00364
 14.0	 15.0	0.51573	0.00367
 15.0	 16.0	0.51358	0.00370
 16.0	 17.0	0.50751	0.00369
 17.0	 18.0	0.50460	0.00371
 18.0	 19.0	0.50448	0.00378
 19.0	 20.0	0.49519	0.00378
 20.0	 21.0	0.49840	0.00385
 21.0	 22.0	0.49334	0.00385
 22.0	 23.0	0.48072	0.00386
 23.0	 24.0	0.47565	0.00394
 24.0	 25.0	0.47048	0.00400
 25.0	 26.0	0.46367	0.00398
 26.0	 27.0	0.46289	0.00404
 27.0	 28.0	0.44994	0.00404
 28.0	 29.0	0.45363	0.00414
 29.0	 30.0	0.44174	0.00420
 30.0	 31.0	0.43913	0.00425
 31.0	 32.0	0.43165	0.00437
 32.0	 33.0	0.41445	0.00440
 33.0	 34.0	0.40603	0.00447
 34.0	 35.0	0.41565	0.00464
 35.0	 36.0	0.39913	0.00466
 36.0	 37.0	0.39393	0.00480
 37.0	 38.0	0.38224	0.00486
 38.0	 39.0	0.38512	0.00506
 39.0	 40.0	0.36202	0.00496
 40.0	 41.0	0.35864	0.00517
 41.0	 42.0	0.34770	0.00531
 42.0	 43.0	0.33800	0.00541
 43.0	 44.0	0.32646	0.00553
 44.0	 45.0	0.32032	0.00568
 45.0	 46.0	0.31920	0.00602
 46.0	 47.0	0.29062	0.00589
 47.0	 48.0	0.29689	0.00639
 48.0	 49.0	0.28126	0.00646
 49.0	 50.0	0.27051	0.00672
 50.0	 51.0	0.26463	0.00709
 51.0	 52.0	0.25771	0.00709
 52.0	 53.0	0.23559	0.00727
 53.0	 54.0	0.23223	0.00817
 54.0	 55.0	0.20428	0.00819
 55.0	 56.0	0.21749	0.00906
 56.0	 57.0	0.19787	0.00982
 57.0	 58.0	0.17536	0.01024
 58.0	 59.0	0.18623	0.01150
 59.0	 60.0	0.17219	0.01096
 60.0	 61.0	0.16415	0.01132
 61.0	 62.0	0.14312	0.01243
 62.0	 63.0	0.12437	0.01340
 63.0	 64.0	0.11202	0.01357
 64.0	 65.0	0.12142	0.01635
 65.0	 66.0	0.07347	0.01619
 66.0	 67.0	0.08084	0.02329
 67.0	 68.0	0.09519	0.02320
 68.0	 69.0	0.07190	0.02399
 69.0	 70.0	0.06682	0.02333
 70.0	 71.0	0.04503	0.07037
 71.0	 72.0	0.04979	0.03499
 72.0	 73.0	0.04141	0.04404
 73.0	 74.0	0.08817	0.05475
 74.0	 75.0	0.44971	12.65600
 75.0	 76.0	0.31731	4.38080
 76.0	 77.0	0.03801	0.06933
 77.0	 78.0	0.06783	0.14829
 78.0	 79.0	0.09621	1.00150
 79.0	 80.0	0.04253	0.05290
 80.0	 81.0	0.05497	0.03640
 81.0	 82.0	0.02522	0.02785
 82.0	 83.0	0.00617	0.04066
 83.0	 84.0	0.06641	0.06360
 84.0	 85.0	0.08354	0.15290
 85.0	 86.0	0.01156	0.05406
 86.0	 87.0	0.01618	0.03782
 87.0	 88.0	0.01722	0.06594
 88.0	 89.0	0.04471	0.02923
 89.0	 90.0	0.01277	0.05369
 90.0	 91.0	0.04281	0.07717
 91.0	 92.0	0.09934	0.16814
 92.0	 93.0	0.05919	0.05845
 93.0	 94.0	0.06504	0.21103
 94.0	 95.0	0.03384	0.54064
 95.0	 96.0	0.07923	0.08522
 96.0	 97.0	0.02492	0.08964
 97.0	 98.0	0.19292	0.15360
 98.0	 99.0	0.05988	0.17643
 99.0	100.0	1.56265	9.76016
