  0.0	  1.0	0.47839	0.00464
  1.0	  2.0	0.53268	0.00415
  2.0	  3.0	0.59304	0.00364
  3.0	  4.0	0.64261	0.00321
  4.0	  5.0	0.68503	0.00289
  5.0	  6.0	0.72348	0.00262
  6.0	  7.0	0.75010	0.00240
  7.0	  8.0	0.77417	0.00222
  8.0	  9.0	0.79501	0.00207
  9.0	 10.0	0.80726	0.00195
 10.0	 11.0	0.82246	0.00186
 11.0	 12.0	0.83387	0.00175
 12.0	 13.0	0.83925	0.00171
 13.0	 14.0	0.84676	0.00165
 14.0	 15.0	0.85373	0.00160
 15.0	 16.0	0.85695	0.00157
 16.0	 17.0	0.85921	0.00150
 17.0	 18.0	0.86524	0.00148
 18.0	 19.0	0.86816	0.00147
 19.0	 20.0	0.87037	0.00144
 20.0	 21.0	0.87033	0.00145
 21.0	 22.0	0.86820	0.00142
 22.0	 23.0	0.87156	0.00144
 23.0	 24.0	0.87044	0.00143
 24.0	 25.0	0.87040	0.00143
 25.0	 26.0	0.86718	0.00143
 26.0	 27.0	0.86660	0.00144
 27.0	 28.0	0.86644	0.00145
 28.0	 29.0	0.86311	0.00147
 29.0	 30.0	0.85999	0.00149
 30.0	 31.0	0.85725	0.00151
 31.0	 32.0	0.85114	0.00155
 32.0	 33.0	0.84620	0.00157
 33.0	 34.0	0.84242	0.00162
 34.0	 35.0	0.83946	0.00163
 35.0	 36.0	0.83563	0.00167
 36.0	 37.0	0.82818	0.00172
 37.0	 38.0	0.82172	0.00175
 38.0	 39.0	0.81568	0.00182
 39.0	 40.0	0.80779	0.00184
 40.0	 41.0	0.80377	0.00189
 41.0	 42.0	0.79498	0.00197
 42.0	 43.0	0.78709	0.00201
 43.0	 44.0	0.77967	0.00207
 44.0	 45.0	0.76865	0.00215
 45.0	 46.0	0.75409	0.00221
 46.0	 47.0	0.74540	0.00228
 47.0	 48.0	0.73585	0.00236
 48.0	 49.0	0.72299	0.00243
 49.0	 50.0	0.70569	0.00250
 50.0	 51.0	0.70383	0.00260
 51.0	 52.0	0.68339	0.00268
 52.0	 53.0	0.66720	0.00279
 53.0	 54.0	0.65642	0.00289
 54.0	 55.0	0.63972	0.00301
 55.0	 56.0	0.61924	0.00311
 56.0	 57.0	0.60590	0.00323
 57.0	 58.0	0.58921	0.00338
 58.0	 59.0	0.57026	0.00353
 59.0	 60.0	0.55220	0.00365
 60.0	 61.0	0.53921	0.00386
 61.0	 62.0	0.51208	0.00398
 62.0	 63.0	0.48907	0.00415
 63.0	 64.0	0.46863	0.00437
 64.0	 65.0	0.45254	0.00466
 65.0	 66.0	0.42437	0.00472
 66.0	 67.0	0.40743	0.00508
 67.0	 68.0	0.38493	0.00526
 68.0	 69.0	0.36283	0.00562
 69.0	 70.0	0.35096	0.00603
 70.0	 71.0	0.31615	0.00617
 71.0	 72.0	0.30611	0.00680
 72.0	 73.0	0.28458	0.00729
 73.0	 74.0	0.25870	0.00750
 74.0	 75.0	0.25295	0.00819
 75.0	 76.0	0.23016	0.00873
 76.0	 77.0	0.20689	0.00945
 77.0	 78.0	0.18447	0.01001
 78.0	 79.0	0.15715	0.01045
 79.0	 80.0	0.16726	0.01164
 80.0	 81.0	0.14886	0.01442
 81.0	 82.0	0.11306	0.01430
 82.0	 83.0	0.12448	0.01714
 83.0	 84.0	0.10134	0.01570
 84.0	 85.0	0.10556	0.02197
 85.0	 86.0	0.07533	0.02038
 86.0	 87.0	0.03513	0.02747
 87.0	 88.0	0.03361	0.02021
 88.0	 89.0	0.04850	0.04347
 89.0	 90.0	0.03872	0.02618
 90.0	 91.0	0.05428	0.02578
 91.0	 92.0	0.00802	0.07895
 92.0	 93.0	0.12015	0.06029
 93.0	 94.0	0.11422	0.07878
 94.0	 95.0	0.07896	0.08676
 95.0	 96.0	0.12799	2.09413
 96.0	 97.0	1.12071	138.57176
 97.0	 98.0	0.18240	0.15419
 98.0	 99.0	0.14769	0.15640
 99.0	100.0	0.35784	0.28889
