  0.0	  2.0	0.50587	0.00310
  2.0	  4.0	0.61842	0.00241
  4.0	  6.0	0.70445	0.00195
  6.0	  8.0	0.76220	0.00164
  8.0	 10.0	0.80116	0.00142
 10.0	 12.0	0.82820	0.00128
 12.0	 14.0	0.84301	0.00119
 14.0	 16.0	0.85533	0.00112
 16.0	 18.0	0.86223	0.00106
 18.0	 20.0	0.86928	0.00103
 20.0	 22.0	0.86926	0.00101
 22.0	 24.0	0.87100	0.00101
 24.0	 26.0	0.86879	0.00101
 26.0	 28.0	0.86652	0.00102
 28.0	 30.0	0.86155	0.00105
 30.0	 32.0	0.85421	0.00108
 32.0	 34.0	0.84433	0.00113
 34.0	 36.0	0.83755	0.00117
 36.0	 38.0	0.82494	0.00123
 38.0	 40.0	0.81172	0.00129
 40.0	 42.0	0.79940	0.00137
 42.0	 44.0	0.78339	0.00145
 44.0	 46.0	0.76139	0.00154
 46.0	 48.0	0.74062	0.00164
 48.0	 50.0	0.71443	0.00174
 50.0	 52.0	0.69367	0.00187
 52.0	 54.0	0.66184	0.00201
 54.0	 56.0	0.62952	0.00216
 56.0	 58.0	0.59766	0.00234
 58.0	 60.0	0.56130	0.00254
 60.0	 62.0	0.52583	0.00277
 62.0	 64.0	0.47895	0.00301
 64.0	 66.0	0.43860	0.00332
 66.0	 68.0	0.39632	0.00365
 68.0	 70.0	0.35686	0.00411
 70.0	 72.0	0.31114	0.00457
 72.0	 74.0	0.27194	0.00523
 74.0	 76.0	0.24165	0.00597
 76.0	 78.0	0.19596	0.00687
 78.0	 80.0	0.16197	0.00777
 80.0	 82.0	0.13144	0.01012
 82.0	 84.0	0.11282	0.01155
 84.0	 86.0	0.09065	0.01500
 86.0	 88.0	0.03608	0.01569
 88.0	 90.0	0.01551	0.06332
 90.0	 92.0	0.04008	0.02126
 92.0	 94.0	0.11806	0.04784
 94.0	 96.0	0.08402	0.10823
 96.0	 98.0	0.00695	0.23271
 98.0	100.0	0.17444	0.15274
