  0.0	  5.0	0.59023	0.00162
  5.0	 10.0	0.77071	0.00101
 10.0	 15.0	0.83927	0.00077
 15.0	 20.0	0.86401	0.00067
 20.0	 25.0	0.87018	0.00064
 25.0	 30.0	0.86467	0.00065
 30.0	 35.0	0.84734	0.00071
 35.0	 40.0	0.82183	0.00079
 40.0	 45.0	0.78693	0.00090
 45.0	 50.0	0.73299	0.00105
 50.0	 55.0	0.67052	0.00125
 55.0	 60.0	0.58783	0.00151
 60.0	 65.0	0.49334	0.00187
 65.0	 70.0	0.38703	0.00237
 70.0	 75.0	0.28473	0.00317
 75.0	 80.0	0.19092	0.00443
 80.0	 85.0	0.12052	0.00716
 85.0	 90.0	0.04453	0.01188
 90.0	 95.0	0.06726	0.01848
 95.0	100.0	0.04641	0.15641
