  0.0	  5.0	0.51945	0.00169
  5.0	 10.0	0.52779	0.00161
 10.0	 15.0	0.52123	0.00163
 15.0	 20.0	0.50622	0.00167
 20.0	 25.0	0.48300	0.00174
 25.0	 30.0	0.45913	0.00184
 30.0	 35.0	0.42253	0.00198
 35.0	 40.0	0.38809	0.00219
 40.0	 45.0	0.34488	0.00247
 45.0	 50.0	0.29621	0.00285
 50.0	 55.0	0.24747	0.00347
 55.0	 60.0	0.18158	0.00434
 60.0	 65.0	0.14019	0.00613
 65.0	 70.0	0.09017	0.01025
 70.0	 75.0	0.05446	0.01573
 75.0	 80.0	0.00909	0.04312
 80.0	 85.0	0.02772	0.04380
 85.0	 90.0	0.29416	4.49533
 90.0	 95.0	0.01477	0.05126
 95.0	100.0	0.31134	0.98434
