  0.0	  1.0	0.50614	0.00389
  1.0	  2.0	0.50931	0.00385
  2.0	  3.0	0.52230	0.00376
  3.0	  4.0	0.52935	0.00374
  4.0	  5.0	0.53021	0.00367
  5.0	  6.0	0.53101	0.00364
  6.0	  7.0	0.52827	0.00361
  7.0	  8.0	0.52955	0.00360
  8.0	  9.0	0.52666	0.00363
  9.0	 10.0	0.52348	0.00357
 10.0	 11.0	0.52398	0.00362
 11.0	 12.0	0.52593	0.00361
 12.0	 13.0	0.51904	0.00365
 13.0	 14.0	0.52136	0.00367
 14.0	 15.0	0.51575	0.00367
 15.0	 16.0	0.51319	0.00370
 16.0	 17.0	0.50680	0.00369
 17.0	 18.0	0.50520	0.00372
 18.0	 19.0	0.50638	0.00379
 19.0	 20.0	0.49957	0.00381
 20.0	 21.0	0.49392	0.00381
 21.0	 22.0	0.48765	0.00381
 22.0	 23.0	0.48609	0.00390
 23.0	 24.0	0.47394	0.00393
 24.0	 25.0	0.47304	0.00402
 25.0	 26.0	0.47269	0.00406
 26.0	 27.0	0.46123	0.00402
 27.0	 28.0	0.46639	0.00419
 28.0	 29.0	0.45466	0.00415
 29.0	 30.0	0.44035	0.00419
 30.0	 31.0	0.44066	0.00426
 31.0	 32.0	0.42874	0.00434
 32.0	 33.0	0.42232	0.00448
 33.0	 34.0	0.41439	0.00456
 34.0	 35.0	0.40547	0.00453
 35.0	 36.0	0.40773	0.00477
 36.0	 37.0	0.39412	0.00480
 37.0	 38.0	0.38499	0.00490
 38.0	 39.0	0.38103	0.00500
 39.0	 40.0	0.37161	0.00509
 40.0	 41.0	0.36260	0.00522
 41.0	 42.0	0.34863	0.00533
 42.0	 43.0	0.33997	0.00545
 43.0	 44.0	0.34142	0.00578
 44.0	 45.0	0.33124	0.00587
 45.0	 46.0	0.32151	0.00606
 46.0	 47.0	0.30888	0.00626
 47.0	 48.0	0.28708	0.00618
 48.0	 49.0	0.28406	0.00653
 49.0	 50.0	0.27735	0.00689
 50.0	 51.0	0.26264	0.00704
 51.0	 52.0	0.26724	0.00735
 52.0	 53.0	0.24886	0.00768
 53.0	 54.0	0.22728	0.00800
 54.0	 55.0	0.22890	0.00918
 55.0	 56.0	0.20259	0.00844
 56.0	 57.0	0.19668	0.00976
 57.0	 58.0	0.17084	0.00998
 58.0	 59.0	0.15507	0.00957
 59.0	 60.0	0.18171	0.01156
 60.0	 61.0	0.15867	0.01094
 61.0	 62.0	0.15745	0.01367
 62.0	 63.0	0.13940	0.01502
 63.0	 64.0	0.12809	0.01551
 64.0	 65.0	0.11295	0.01521
 65.0	 66.0	0.08508	0.01875
 66.0	 67.0	0.11409	0.03286
 67.0	 68.0	0.08735	0.02129
 68.0	 69.0	0.07354	0.02454
 69.0	 70.0	0.09435	0.03294
 70.0	 71.0	0.01794	0.02804
 71.0	 72.0	0.14699	0.10332
 72.0	 73.0	0.04766	0.05069
 73.0	 74.0	0.05422	0.03367
 74.0	 75.0	0.01049	0.29534
 75.0	 76.0	0.01053	0.14533
 76.0	 77.0	0.12011	0.21908
 77.0	 78.0	0.00903	0.01973
 78.0	 79.0	0.01585	0.16496
 79.0	 80.0	0.05604	0.06970
 80.0	 81.0	0.05645	0.03738
 81.0	 82.0	0.05068	0.05597
 82.0	 83.0	0.04178	0.27532
 83.0	 84.0	0.03604	0.03452
 84.0	 85.0	0.03491	0.06389
 85.0	 86.0	0.02419	0.11310
 86.0	 87.0	0.04056	0.09480
 87.0	 88.0	0.02277	0.08719
 88.0	 89.0	0.11754	0.07685
 89.0	 90.0	0.03220	0.13532
 90.0	 91.0	0.08304	0.14970
 91.0	 92.0	0.05621	0.09514
 92.0	 93.0	0.03957	0.03908
 93.0	 94.0	0.02181	0.07077
 94.0	 95.0	0.27029	4.31779
 95.0	 96.0	0.15438	0.16606
 96.0	 97.0	0.09799	0.35255
 97.0	 98.0	0.20484	0.16310
 98.0	 99.0	0.15354	0.45243
 99.0	100.0	0.10454	0.65295
