  0.0	  2.0	0.50769	0.00274
  2.0	  4.0	0.52584	0.00265
  4.0	  6.0	0.53061	0.00258
  6.0	  8.0	0.52891	0.00255
  8.0	 10.0	0.52505	0.00255
 10.0	 12.0	0.52496	0.00256
 12.0	 14.0	0.52020	0.00259
 14.0	 16.0	0.51448	0.00260
 16.0	 18.0	0.50600	0.00262
 18.0	 20.0	0.50297	0.00269
 20.0	 22.0	0.49078	0.00269
 22.0	 24.0	0.48004	0.00277
 24.0	 26.0	0.47287	0.00286
 26.0	 28.0	0.46374	0.00290
 28.0	 30.0	0.44753	0.00295
 30.0	 32.0	0.43475	0.00304
 32.0	 34.0	0.41840	0.00320
 34.0	 36.0	0.40653	0.00328
 36.0	 38.0	0.38957	0.00343
 38.0	 40.0	0.37642	0.00357
 40.0	 42.0	0.35570	0.00373
 42.0	 44.0	0.34060	0.00396
 44.0	 46.0	0.32644	0.00422
 46.0	 48.0	0.29806	0.00440
 48.0	 50.0	0.28073	0.00474
 50.0	 52.0	0.26488	0.00508
 52.0	 54.0	0.23834	0.00554
 54.0	 56.0	0.21550	0.00622
 56.0	 58.0	0.18419	0.00696
 58.0	 60.0	0.16735	0.00737
 60.0	 62.0	0.15754	0.00854
 62.0	 64.0	0.13391	0.01078
 64.0	 66.0	0.10184	0.01140
 66.0	 68.0	0.09857	0.01799
 68.0	 70.0	0.08296	0.01965
 70.0	 72.0	0.05963	0.02008
 72.0	 74.0	0.05143	0.02741
 74.0	 76.0	0.00250	0.09319
 76.0	 78.0	0.01598	0.02831
 78.0	 80.0	0.07184	0.21219
 80.0	 82.0	0.03641	0.03634
 82.0	 84.0	0.00698	0.09405
 84.0	 86.0	0.08484	0.17496
 86.0	 88.0	0.11989	3.97964
 88.0	 90.0	0.08189	0.06006
 90.0	 92.0	0.04902	0.18033
 92.0	 94.0	0.03191	0.03070
 94.0	 96.0	0.16904	0.30445
 96.0	 98.0	0.13180	0.14217
 98.0	100.0	0.04809	1.04969
