  0.0	  1.0	0.47801	0.00390
  1.0	  2.0	0.48739	0.00392
  2.0	  3.0	0.49455	0.00383
  3.0	  4.0	0.50889	0.00381
  4.0	  5.0	0.50845	0.00376
  5.0	  6.0	0.51279	0.00375
  6.0	  7.0	0.51210	0.00376
  7.0	  8.0	0.52455	0.00378
  8.0	  9.0	0.52338	0.00383
  9.0	 10.0	0.52474	0.00382
 10.0	 11.0	0.51891	0.00386
 11.0	 12.0	0.52233	0.00386
 12.0	 13.0	0.52338	0.00394
 13.0	 14.0	0.51975	0.00392
 14.0	 15.0	0.51839	0.00394
 15.0	 16.0	0.51169	0.00397
 16.0	 17.0	0.51533	0.00402
 17.0	 18.0	0.51071	0.00403
 18.0	 19.0	0.50854	0.00406
 19.0	 20.0	0.50482	0.00411
 20.0	 21.0	0.49983	0.00414
 21.0	 22.0	0.49562	0.00417
 22.0	 23.0	0.49893	0.00428
 23.0	 24.0	0.49610	0.00440
 24.0	 25.0	0.48414	0.00439
 25.0	 26.0	0.47826	0.00443
 26.0	 27.0	0.47475	0.00451
 27.0	 28.0	0.46736	0.00453
 28.0	 29.0	0.46482	0.00459
 29.0	 30.0	0.45842	0.00474
 30.0	 31.0	0.45560	0.00474
 31.0	 32.0	0.45168	0.00490
 32.0	 33.0	0.45557	0.00511
 33.0	 34.0	0.44178	0.00523
 34.0	 35.0	0.42593	0.00513
 35.0	 36.0	0.42286	0.00526
 36.0	 37.0	0.40852	0.00539
 37.0	 38.0	0.40729	0.00556
 38.0	 39.0	0.39622	0.00554
 39.0	 40.0	0.39374	0.00586
 40.0	 41.0	0.39577	0.00601
 41.0	 42.0	0.37714	0.00622
 42.0	 43.0	0.37172	0.00641
 43.0	 44.0	0.34292	0.00637
 44.0	 45.0	0.34325	0.00660
 45.0	 46.0	0.33549	0.00667
 46.0	 47.0	0.33763	0.00738
 47.0	 48.0	0.31565	0.00741
 48.0	 49.0	0.30904	0.00769
 49.0	 50.0	0.29345	0.00794
 50.0	 51.0	0.28635	0.00827
 51.0	 52.0	0.28115	0.00824
 52.0	 53.0	0.26826	0.00906
 53.0	 54.0	0.25542	0.00961
 54.0	 55.0	0.24212	0.01021
 55.0	 56.0	0.23735	0.01055
 56.0	 57.0	0.21657	0.01104
 57.0	 58.0	0.23414	0.01385
 58.0	 59.0	0.20307	0.01334
 59.0	 60.0	0.16297	0.01174
 60.0	 61.0	0.16442	0.01315
 61.0	 62.0	0.15857	0.01446
 62.0	 63.0	0.15328	0.01709
 63.0	 64.0	0.14165	0.01926
 64.0	 65.0	0.12071	0.01826
 65.0	 66.0	0.12472	0.03288
 66.0	 67.0	0.09776	0.02483
 67.0	 68.0	0.06659	0.02568
 68.0	 69.0	0.12501	0.03829
 69.0	 70.0	0.08349	0.02734
 70.0	 71.0	0.24152	0.40948
 71.0	 72.0	0.04158	0.02358
 72.0	 73.0	0.09090	0.06767
 73.0	 74.0	0.01909	0.07496
 74.0	 75.0	0.01453	0.11069
 75.0	 76.0	0.02116	0.03611
 76.0	 77.0	0.01428	0.02938
 77.0	 78.0	0.02432	0.18408
 78.0	 79.0	0.13823	0.14211
 79.0	 80.0	0.09811	0.09847
 80.0	 81.0	0.02513	0.03219
 81.0	 82.0	0.03318	0.10098
 82.0	 83.0	0.07891	0.54985
 83.0	 84.0	0.02004	0.09026
 84.0	 85.0	0.04084	0.03311
 85.0	 86.0	0.01927	0.04529
 86.0	 87.0	0.16391	0.18909
 87.0	 88.0	0.11506	0.33796
 88.0	 89.0	0.17487	2.71185
 89.0	 90.0	0.03496	0.04153
 90.0	 91.0	0.26622	1.21500
 91.0	 92.0	0.06155	0.12816
 92.0	 93.0	0.08561	0.52312
 93.0	 94.0	0.07593	0.24823
 94.0	 95.0	0.28654	2.47629
 95.0	 96.0	0.01560	0.27144
 96.0	 97.0	0.09895	0.10568
 97.0	 98.0	0.01340	0.17476
 98.0	 99.0	0.11571	0.46451
 99.0	100.0	0.32945	0.59622
