  0.0	  5.0	0.50595	0.00143
  5.0	 10.0	0.67958	0.00094
 10.0	 15.0	0.76196	0.00074
 15.0	 20.0	0.79571	0.00066
 20.0	 25.0	0.80928	0.00064
 25.0	 30.0	0.80739	0.00065
 30.0	 35.0	0.79197	0.00071
 35.0	 40.0	0.76497	0.00078
 40.0	 45.0	0.72652	0.00089
 45.0	 50.0	0.67587	0.00103
 50.0	 55.0	0.61136	0.00121
 55.0	 60.0	0.53643	0.00146
 60.0	 65.0	0.44839	0.00183
 65.0	 70.0	0.36178	0.00237
 70.0	 75.0	0.27746	0.00332
 75.0	 80.0	0.20337	0.00494
 80.0	 85.0	0.16535	0.01057
 85.0	 90.0	0.15468	0.03792
 90.0	 95.0	0.07470	0.10063
 95.0	100.0	0.15074	0.21509
