  0.0	  1.0	0.41041	0.00406
  1.0	  2.0	0.45511	0.00360
  2.0	  3.0	0.50121	0.00320
  3.0	  4.0	0.55271	0.00285
  4.0	  5.0	0.59256	0.00261
  5.0	  6.0	0.62861	0.00239
  6.0	  7.0	0.65782	0.00222
  7.0	  8.0	0.68221	0.00208
  8.0	  9.0	0.70369	0.00195
  9.0	 10.0	0.72109	0.00186
 10.0	 11.0	0.74081	0.00178
 11.0	 12.0	0.75263	0.00170
 12.0	 13.0	0.76516	0.00165
 13.0	 14.0	0.77212	0.00161
 14.0	 15.0	0.77864	0.00156
 15.0	 16.0	0.78457	0.00154
 16.0	 17.0	0.79295	0.00150
 17.0	 18.0	0.79668	0.00147
 18.0	 19.0	0.79976	0.00147
 19.0	 20.0	0.80436	0.00143
 20.0	 21.0	0.80925	0.00143
 21.0	 22.0	0.80749	0.00143
 22.0	 23.0	0.81036	0.00143
 23.0	 24.0	0.80877	0.00144
 24.0	 25.0	0.81053	0.00143
 25.0	 26.0	0.80797	0.00144
 26.0	 27.0	0.80842	0.00145
 27.0	 28.0	0.81072	0.00145
 28.0	 29.0	0.80565	0.00147
 29.0	 30.0	0.80420	0.00149
 30.0	 31.0	0.79853	0.00151
 31.0	 32.0	0.79448	0.00155
 32.0	 33.0	0.79428	0.00157
 33.0	 34.0	0.78849	0.00162
 34.0	 35.0	0.78390	0.00163
 35.0	 36.0	0.77784	0.00167
 36.0	 37.0	0.77364	0.00171
 37.0	 38.0	0.76466	0.00175
 38.0	 39.0	0.75607	0.00180
 39.0	 40.0	0.75243	0.00182
 40.0	 41.0	0.74228	0.00188
 41.0	 42.0	0.73719	0.00194
 42.0	 43.0	0.72524	0.00200
 43.0	 44.0	0.71871	0.00204
 44.0	 45.0	0.70868	0.00209
 45.0	 46.0	0.70100	0.00218
 46.0	 47.0	0.68814	0.00224
 47.0	 48.0	0.67582	0.00230
 48.0	 49.0	0.66390	0.00237
 49.0	 50.0	0.64932	0.00247
 50.0	 51.0	0.63896	0.00252
 51.0	 52.0	0.62433	0.00262
 52.0	 53.0	0.61230	0.00272
 53.0	 54.0	0.59507	0.00281
 54.0	 55.0	0.58428	0.00292
 55.0	 56.0	0.56925	0.00302
 56.0	 57.0	0.55302	0.00314
 57.0	 58.0	0.53841	0.00328
 58.0	 59.0	0.51936	0.00340
 59.0	 60.0	0.49942	0.00354
 60.0	 61.0	0.48067	0.00368
 61.0	 62.0	0.46813	0.00391
 62.0	 63.0	0.44820	0.00412
 63.0	 64.0	0.42594	0.00432
 64.0	 65.0	0.41526	0.00452
 65.0	 66.0	0.39971	0.00474
 66.0	 67.0	0.37635	0.00501
 67.0	 68.0	0.36082	0.00535
 68.0	 69.0	0.34490	0.00571
 69.0	 70.0	0.32243	0.00589
 70.0	 71.0	0.31335	0.00649
 71.0	 72.0	0.29299	0.00700
 72.0	 73.0	0.28003	0.00778
 73.0	 74.0	0.25443	0.00796
 74.0	 75.0	0.24072	0.00839
 75.0	 76.0	0.21286	0.00871
 76.0	 77.0	0.23165	0.01059
 77.0	 78.0	0.20510	0.01169
 78.0	 79.0	0.19906	0.01365
 79.0	 80.0	0.16582	0.01285
 80.0	 81.0	0.16214	0.01620
 81.0	 82.0	0.16546	0.02318
 82.0	 83.0	0.16239	0.02464
 83.0	 84.0	0.14605	0.02458
 84.0	 85.0	0.22098	0.05751
 85.0	 86.0	0.12519	0.04073
 86.0	 87.0	0.22674	0.18081
 87.0	 88.0	0.10974	0.04605
 88.0	 89.0	0.20286	0.25871
 89.0	 90.0	0.11698	0.10091
 90.0	 91.0	0.06602	0.15630
 91.0	 92.0	0.17788	0.08509
 92.0	 93.0	0.04338	0.13414
 93.0	 94.0	0.68159	22.92988
 94.0	 95.0	0.09028	0.05396
 95.0	 96.0	0.02437	0.37137
 96.0	 97.0	0.26094	2.97664
 97.0	 98.0	0.03112	3.53915
 98.0	 99.0	0.15149	2.82801
 99.0	100.0	0.34807	0.83392
