  0.0	  2.0	0.43310	0.00270
  2.0	  4.0	0.52825	0.00213
  4.0	  6.0	0.60673	0.00177
  6.0	  8.0	0.66865	0.00152
  8.0	 10.0	0.70935	0.00135
 10.0	 12.0	0.74073	0.00123
 12.0	 14.0	0.76184	0.00116
 14.0	 16.0	0.77937	0.00110
 16.0	 18.0	0.79231	0.00105
 18.0	 20.0	0.79870	0.00103
 20.0	 22.0	0.80494	0.00102
 22.0	 24.0	0.80611	0.00101
 24.0	 26.0	0.80646	0.00102
 26.0	 28.0	0.80418	0.00103
 28.0	 30.0	0.80183	0.00105
 30.0	 32.0	0.79528	0.00108
 32.0	 34.0	0.78737	0.00113
 34.0	 36.0	0.77642	0.00117
 36.0	 38.0	0.76712	0.00122
 38.0	 40.0	0.75206	0.00128
 40.0	 42.0	0.73817	0.00135
 42.0	 44.0	0.72065	0.00143
 44.0	 46.0	0.69745	0.00151
 46.0	 48.0	0.67708	0.00160
 48.0	 50.0	0.65271	0.00171
 50.0	 52.0	0.62933	0.00182
 52.0	 54.0	0.60040	0.00195
 54.0	 56.0	0.57035	0.00210
 56.0	 58.0	0.53907	0.00226
 58.0	 60.0	0.50965	0.00245
 60.0	 62.0	0.46844	0.00267
 62.0	 64.0	0.43808	0.00299
 64.0	 66.0	0.40653	0.00327
 66.0	 68.0	0.36649	0.00365
 68.0	 70.0	0.33001	0.00408
 70.0	 72.0	0.30573	0.00477
 72.0	 74.0	0.26548	0.00553
 74.0	 76.0	0.23105	0.00607
 76.0	 78.0	0.19961	0.00762
 78.0	 80.0	0.17354	0.00904
 80.0	 82.0	0.16518	0.01322
 82.0	 84.0	0.16394	0.01756
 84.0	 86.0	0.14286	0.03190
 86.0	 88.0	0.18510	0.08982
 88.0	 90.0	0.21029	0.47006
 90.0	 92.0	0.69913	7.85952
 92.0	 94.0	0.09127	0.07563
 94.0	 96.0	0.08081	0.08227
 96.0	 98.0	0.11799	0.06713
 98.0	100.0	0.10559	0.20669
