  0.0	  1.0	0.41980	0.00407
  1.0	  2.0	0.46452	0.00362
  2.0	  3.0	0.52409	0.00322
  3.0	  4.0	0.57470	0.00287
  4.0	  5.0	0.62123	0.00262
  5.0	  6.0	0.66044	0.00239
  6.0	  7.0	0.69089	0.00221
  7.0	  8.0	0.71782	0.00206
  8.0	  9.0	0.73898	0.00192
  9.0	 10.0	0.75956	0.00183
 10.0	 11.0	0.77345	0.00175
 11.0	 12.0	0.78796	0.00166
 12.0	 13.0	0.79648	0.00162
 13.0	 14.0	0.80605	0.00157
 14.0	 15.0	0.81195	0.00153
 15.0	 16.0	0.81865	0.00150
 16.0	 17.0	0.82845	0.00145
 17.0	 18.0	0.83061	0.00142
 18.0	 19.0	0.83503	0.00142
 19.0	 20.0	0.83883	0.00139
 20.0	 21.0	0.83853	0.00139
 21.0	 22.0	0.84358	0.00138
 22.0	 23.0	0.84206	0.00139
 23.0	 24.0	0.84293	0.00139
 24.0	 25.0	0.84297	0.00139
 25.0	 26.0	0.84387	0.00139
 26.0	 27.0	0.84252	0.00140
 27.0	 28.0	0.84213	0.00141
 28.0	 29.0	0.83843	0.00143
 29.0	 30.0	0.83764	0.00145
 30.0	 31.0	0.83281	0.00147
 31.0	 32.0	0.83036	0.00151
 32.0	 33.0	0.82672	0.00154
 33.0	 34.0	0.82202	0.00158
 34.0	 35.0	0.81939	0.00159
 35.0	 36.0	0.81334	0.00163
 36.0	 37.0	0.80816	0.00168
 37.0	 38.0	0.80305	0.00172
 38.0	 39.0	0.79324	0.00177
 39.0	 40.0	0.79051	0.00180
 40.0	 41.0	0.78470	0.00185
 41.0	 42.0	0.77413	0.00192
 42.0	 43.0	0.76943	0.00197
 43.0	 44.0	0.75921	0.00202
 44.0	 45.0	0.74634	0.00208
 45.0	 46.0	0.74119	0.00217
 46.0	 47.0	0.72905	0.00223
 47.0	 48.0	0.71606	0.00230
 48.0	 49.0	0.70547	0.00237
 49.0	 50.0	0.69824	0.00247
 50.0	 51.0	0.68247	0.00253
 51.0	 52.0	0.67061	0.00263
 52.0	 53.0	0.65607	0.00274
 53.0	 54.0	0.64154	0.00283
 54.0	 55.0	0.62586	0.00294
 55.0	 56.0	0.60982	0.00306
 56.0	 57.0	0.59588	0.00318
 57.0	 58.0	0.58126	0.00333
 58.0	 59.0	0.55803	0.00345
 59.0	 60.0	0.54599	0.00361
 60.0	 61.0	0.52435	0.00376
 61.0	 62.0	0.51247	0.00399
 62.0	 63.0	0.49989	0.00424
 63.0	 64.0	0.47818	0.00446
 64.0	 65.0	0.44775	0.00461
 65.0	 66.0	0.43553	0.00485
 66.0	 67.0	0.41175	0.00513
 67.0	 68.0	0.40739	0.00557
 68.0	 69.0	0.37887	0.00587
 69.0	 70.0	0.34981	0.00601
 70.0	 71.0	0.34113	0.00665
 71.0	 72.0	0.32373	0.00719
 72.0	 73.0	0.31479	0.00806
 73.0	 74.0	0.28311	0.00821
 74.0	 75.0	0.26653	0.00863
 75.0	 76.0	0.23463	0.00890
 76.0	 77.0	0.23130	0.01057
 77.0	 78.0	0.21777	0.01182
 78.0	 79.0	0.20818	0.01384
 79.0	 80.0	0.18154	0.01263
 80.0	 81.0	0.16225	0.01572
 81.0	 82.0	0.17146	0.02169
 82.0	 83.0	0.16667	0.02295
 83.0	 84.0	0.18612	0.02883
 84.0	 85.0	0.18533	0.03858
 85.0	 86.0	0.17388	0.04704
 86.0	 87.0	0.17600	0.13764
 87.0	 88.0	0.10045	0.06041
 88.0	 89.0	0.21548	0.19313
 89.0	 90.0	0.19805	0.13392
 90.0	 91.0	0.08034	0.03816
 91.0	 92.0	0.18171	1.78790
 92.0	 93.0	0.09070	0.04551
 93.0	 94.0	0.09931	0.06850
 94.0	 95.0	0.09534	0.10476
 95.0	 96.0	0.10110	1.65421
 96.0	 97.0	0.00716	0.88552
 97.0	 98.0	0.15601	0.13188
 98.0	 99.0	0.51056	0.54069
 99.0	100.0	0.49870	0.40261
