  0.0	  2.0	0.43300	0.00270
  2.0	  4.0	0.52768	0.00213
  4.0	  6.0	0.61078	0.00177
  6.0	  8.0	0.67009	0.00152
  8.0	 10.0	0.71245	0.00135
 10.0	 12.0	0.74676	0.00123
 12.0	 14.0	0.76864	0.00115
 14.0	 16.0	0.78160	0.00110
 16.0	 18.0	0.79482	0.00105
 18.0	 20.0	0.80208	0.00102
 20.0	 22.0	0.80837	0.00101
 22.0	 24.0	0.80957	0.00101
 24.0	 26.0	0.80925	0.00102
 26.0	 28.0	0.80957	0.00103
 28.0	 30.0	0.80492	0.00105
 30.0	 32.0	0.79651	0.00108
 32.0	 34.0	0.79141	0.00113
 34.0	 36.0	0.78089	0.00117
 36.0	 38.0	0.76915	0.00122
 38.0	 40.0	0.75424	0.00128
 40.0	 42.0	0.73974	0.00135
 42.0	 44.0	0.72198	0.00143
 44.0	 46.0	0.70485	0.00151
 46.0	 48.0	0.68199	0.00160
 48.0	 50.0	0.65669	0.00171
 50.0	 52.0	0.63169	0.00182
 52.0	 54.0	0.60375	0.00195
 54.0	 56.0	0.57679	0.00210
 56.0	 58.0	0.54580	0.00227
 58.0	 60.0	0.50949	0.00246
 60.0	 62.0	0.47445	0.00268
 62.0	 64.0	0.43721	0.00298
 64.0	 66.0	0.40757	0.00327
 66.0	 68.0	0.36861	0.00366
 68.0	 70.0	0.33378	0.00410
 70.0	 72.0	0.30338	0.00476
 72.0	 74.0	0.26741	0.00557
 74.0	 76.0	0.22688	0.00605
 76.0	 78.0	0.21889	0.00785
 78.0	 80.0	0.18244	0.00933
 80.0	 82.0	0.16454	0.01341
 82.0	 84.0	0.15468	0.01743
 84.0	 86.0	0.17414	0.03474
 86.0	 88.0	0.15064	0.05023
 88.0	 90.0	0.24213	0.31995
 90.0	 92.0	0.12039	0.06714
 92.0	 94.0	0.06665	0.11021
 94.0	 96.0	0.05328	0.07591
 96.0	 98.0	0.22319	1.11349
 98.0	100.0	0.21362	0.58889
