  0.0	  1.0	0.47499	0.00389
  1.0	  2.0	0.48153	0.00391
  2.0	  3.0	0.49396	0.00383
  3.0	  4.0	0.50197	0.00380
  4.0	  5.0	0.50135	0.00374
  5.0	  6.0	0.51008	0.00375
  6.0	  7.0	0.51372	0.00376
  7.0	  8.0	0.50909	0.00376
  8.0	  9.0	0.50952	0.00380
  9.0	 10.0	0.51784	0.00380
 10.0	 11.0	0.51843	0.00386
 11.0	 12.0	0.51834	0.00385
 12.0	 13.0	0.51513	0.00392
 13.0	 14.0	0.51653	0.00391
 14.0	 15.0	0.51478	0.00393
 15.0	 16.0	0.50771	0.00396
 16.0	 17.0	0.50177	0.00399
 17.0	 18.0	0.51148	0.00403
 18.0	 19.0	0.50307	0.00404
 19.0	 20.0	0.49628	0.00409
 20.0	 21.0	0.49145	0.00412
 21.0	 22.0	0.48926	0.00416
 22.0	 23.0	0.48578	0.00425
 23.0	 24.0	0.48567	0.00437
 24.0	 25.0	0.47439	0.00436
 25.0	 26.0	0.48083	0.00444
 26.0	 27.0	0.47608	0.00451
 27.0	 28.0	0.47119	0.00454
 28.0	 29.0	0.46610	0.00460
 29.0	 30.0	0.45647	0.00474
 30.0	 31.0	0.45481	0.00475
 31.0	 32.0	0.44106	0.00486
 32.0	 33.0	0.44714	0.00507
 33.0	 34.0	0.44212	0.00523
 34.0	 35.0	0.42357	0.00511
 35.0	 36.0	0.41675	0.00524
 36.0	 37.0	0.40207	0.00536
 37.0	 38.0	0.40816	0.00557
 38.0	 39.0	0.40221	0.00557
 39.0	 40.0	0.39349	0.00584
 40.0	 41.0	0.38298	0.00595
 41.0	 42.0	0.37928	0.00624
 42.0	 43.0	0.36493	0.00637
 43.0	 44.0	0.35933	0.00647
 44.0	 45.0	0.34646	0.00660
 45.0	 46.0	0.32191	0.00658
 46.0	 47.0	0.34012	0.00740
 47.0	 48.0	0.31568	0.00741
 48.0	 49.0	0.31773	0.00775
 49.0	 50.0	0.29752	0.00794
 50.0	 51.0	0.27646	0.00817
 51.0	 52.0	0.25902	0.00802
 52.0	 53.0	0.25931	0.00897
 53.0	 54.0	0.26454	0.00974
 54.0	 55.0	0.23418	0.01012
 55.0	 56.0	0.24002	0.01057
 56.0	 57.0	0.22422	0.01123
 57.0	 58.0	0.23029	0.01374
 58.0	 59.0	0.20585	0.01334
 59.0	 60.0	0.17021	0.01178
 60.0	 61.0	0.16939	0.01330
 61.0	 62.0	0.14463	0.01393
 62.0	 63.0	0.15922	0.01733
 63.0	 64.0	0.14770	0.01979
 64.0	 65.0	0.12899	0.01983
 65.0	 66.0	0.17731	0.04112
 66.0	 67.0	0.14388	0.02716
 67.0	 68.0	0.07465	0.02186
 68.0	 69.0	0.07685	0.03047
 69.0	 70.0	0.08370	0.02810
 70.0	 71.0	0.14655	0.24438
 71.0	 72.0	0.06147	0.02495
 72.0	 73.0	0.05131	0.04874
 73.0	 74.0	0.06160	0.03168
 74.0	 75.0	0.05021	0.03295
 75.0	 76.0	0.02276	0.03151
 76.0	 77.0	0.01717	0.04646
 77.0	 78.0	0.11280	0.24595
 78.0	 79.0	0.07990	0.09078
 79.0	 80.0	0.06465	0.05678
 80.0	 81.0	0.03463	0.04121
 81.0	 82.0	0.02946	0.09128
 82.0	 83.0	0.32644	11.60246
 83.0	 84.0	0.03260	0.09132
 84.0	 85.0	0.03134	0.03559
 85.0	 86.0	0.07388	0.05619
 86.0	 87.0	0.16271	1.32952
 87.0	 88.0	0.00893	0.10935
 88.0	 89.0	0.01591	0.05205
 89.0	 90.0	0.07599	0.13216
 90.0	 91.0	0.02191	0.04154
 91.0	 92.0	0.41376	2.59259
 92.0	 93.0	0.04799	0.05029
 93.0	 94.0	0.01676	0.62373
 94.0	 95.0	0.18719	0.45089
 95.0	 96.0	0.04383	0.09468
 96.0	 97.0	0.17139	0.19430
 97.0	 98.0	0.06739	0.49572
 98.0	 99.0	0.31957	0.21781
 99.0	100.0	0.59863	0.32548
