  0.0	  2.0	0.44239	0.00271
  2.0	  4.0	0.55007	0.00215
  4.0	  6.0	0.64106	0.00177
  6.0	  8.0	0.70445	0.00151
  8.0	 10.0	0.74934	0.00133
 10.0	 12.0	0.78076	0.00121
 12.0	 14.0	0.80127	0.00113
 14.0	 16.0	0.81529	0.00107
 16.0	 18.0	0.82953	0.00102
 18.0	 20.0	0.83695	0.00099
 20.0	 22.0	0.84106	0.00098
 22.0	 24.0	0.84249	0.00098
 24.0	 26.0	0.84342	0.00098
 26.0	 28.0	0.84233	0.00099
 28.0	 30.0	0.83803	0.00102
 30.0	 32.0	0.83159	0.00105
 32.0	 34.0	0.82439	0.00110
 34.0	 36.0	0.81637	0.00114
 36.0	 38.0	0.80560	0.00120
 38.0	 40.0	0.79187	0.00126
 40.0	 42.0	0.77945	0.00133
 42.0	 44.0	0.76434	0.00141
 44.0	 46.0	0.74375	0.00150
 46.0	 48.0	0.72256	0.00160
 48.0	 50.0	0.70188	0.00171
 50.0	 52.0	0.67656	0.00182
 52.0	 54.0	0.64886	0.00197
 54.0	 56.0	0.61787	0.00212
 56.0	 58.0	0.58865	0.00230
 58.0	 60.0	0.55204	0.00250
 60.0	 62.0	0.51844	0.00273
 62.0	 64.0	0.48915	0.00308
 64.0	 66.0	0.44171	0.00334
 66.0	 68.0	0.40942	0.00378
 68.0	 70.0	0.36447	0.00420
 70.0	 72.0	0.33262	0.00488
 72.0	 74.0	0.29928	0.00575
 74.0	 76.0	0.25070	0.00619
 76.0	 78.0	0.22461	0.00788
 78.0	 80.0	0.19462	0.00933
 80.0	 82.0	0.16566	0.01276
 82.0	 84.0	0.17579	0.01800
 84.0	 86.0	0.18042	0.02986
 86.0	 88.0	0.13452	0.05850
 88.0	 90.0	0.58898	2.40406
 90.0	 92.0	0.07591	0.04027
 92.0	 94.0	0.09380	0.03801
 94.0	 96.0	0.11104	0.14303
 96.0	 98.0	0.21799	7.29539
 98.0	100.0	0.34493	0.30202
