  0.0	  5.0	0.52510	0.00144
  5.0	 10.0	0.71450	0.00093
 10.0	 15.0	0.79527	0.00073
 15.0	 20.0	0.83036	0.00064
 20.0	 25.0	0.84202	0.00062
 25.0	 30.0	0.84092	0.00063
 30.0	 35.0	0.82629	0.00069
 35.0	 40.0	0.80169	0.00077
 40.0	 45.0	0.76687	0.00088
 45.0	 50.0	0.71815	0.00103
 50.0	 55.0	0.65567	0.00122
 55.0	 60.0	0.57865	0.00148
 60.0	 65.0	0.49328	0.00187
 65.0	 70.0	0.39765	0.00243
 70.0	 75.0	0.30693	0.00342
 75.0	 80.0	0.21491	0.00499
 80.0	 85.0	0.17094	0.01016
 85.0	 90.0	0.18638	0.04974
 90.0	 95.0	0.09122	0.02506
 95.0	100.0	0.15535	0.52361
