  0.0	  5.0	0.49076	0.00171
  5.0	 10.0	0.51205	0.00169
 10.0	 15.0	0.51665	0.00174
 15.0	 20.0	0.50407	0.00180
 20.0	 25.0	0.48532	0.00190
 25.0	 30.0	0.47022	0.00204
 30.0	 35.0	0.44178	0.00223
 35.0	 40.0	0.40456	0.00246
 40.0	 45.0	0.36682	0.00282
 45.0	 50.0	0.31857	0.00330
 50.0	 55.0	0.25877	0.00398
 55.0	 60.0	0.21454	0.00535
 60.0	 65.0	0.15106	0.00719
 65.0	 70.0	0.11322	0.01270
 70.0	 75.0	0.06452	0.01547
 75.0	 80.0	0.02100	0.02613
 80.0	 85.0	0.02926	0.03574
 85.0	 90.0	0.09905	0.53730
 90.0	 95.0	0.03868	0.05739
 95.0	100.0	0.00931	0.05680
