  0.0	  1.0	0.41129	0.00405
  1.0	  2.0	0.45449	0.00360
  2.0	  3.0	0.50473	0.00319
  3.0	  4.0	0.55059	0.00285
  4.0	  5.0	0.59104	0.00261
  5.0	  6.0	0.62213	0.00239
  6.0	  7.0	0.65623	0.00222
  7.0	  8.0	0.68091	0.00208
  8.0	  9.0	0.69970	0.00195
  9.0	 10.0	0.71887	0.00187
 10.0	 11.0	0.73302	0.00179
 11.0	 12.0	0.74833	0.00170
 12.0	 13.0	0.75832	0.00166
 13.0	 14.0	0.76534	0.00161
 14.0	 15.0	0.77647	0.00157
 15.0	 16.0	0.78228	0.00154
 16.0	 17.0	0.78859	0.00150
 17.0	 18.0	0.79602	0.00147
 18.0	 19.0	0.79764	0.00147
 19.0	 20.0	0.79973	0.00144
 20.0	 21.0	0.80445	0.00144
 21.0	 22.0	0.80542	0.00144
 22.0	 23.0	0.80719	0.00143
 23.0	 24.0	0.80502	0.00144
 24.0	 25.0	0.80547	0.00144
 25.0	 26.0	0.80744	0.00144
 26.0	 27.0	0.80380	0.00146
 27.0	 28.0	0.80455	0.00146
 28.0	 29.0	0.80028	0.00148
 29.0	 30.0	0.80337	0.00149
 30.0	 31.0	0.79564	0.00152
 31.0	 32.0	0.79491	0.00155
 32.0	 33.0	0.79114	0.00157
 33.0	 34.0	0.78353	0.00162
 34.0	 35.0	0.77895	0.00164
 35.0	 36.0	0.77387	0.00167
 36.0	 37.0	0.76993	0.00171
 37.0	 38.0	0.76434	0.00175
 38.0	 39.0	0.75534	0.00180
 39.0	 40.0	0.74879	0.00183
 40.0	 41.0	0.74301	0.00188
 41.0	 42.0	0.73326	0.00194
 42.0	 43.0	0.72363	0.00200
 43.0	 44.0	0.71766	0.00204
 44.0	 45.0	0.70253	0.00210
 45.0	 46.0	0.69236	0.00218
 46.0	 47.0	0.68308	0.00224
 47.0	 48.0	0.67108	0.00230
 48.0	 49.0	0.65508	0.00237
 49.0	 50.0	0.65034	0.00247
 50.0	 51.0	0.63483	0.00252
 51.0	 52.0	0.62379	0.00261
 52.0	 53.0	0.60703	0.00272
 53.0	 54.0	0.59369	0.00280
 54.0	 55.0	0.57617	0.00291
 55.0	 56.0	0.56449	0.00302
 56.0	 57.0	0.54812	0.00313
 57.0	 58.0	0.52977	0.00327
 58.0	 59.0	0.51973	0.00340
 59.0	 60.0	0.49936	0.00354
 60.0	 61.0	0.47610	0.00368
 61.0	 62.0	0.46061	0.00389
 62.0	 63.0	0.44921	0.00412
 63.0	 64.0	0.42668	0.00433
 64.0	 65.0	0.41255	0.00451
 65.0	 66.0	0.40039	0.00474
 66.0	 67.0	0.37161	0.00499
 67.0	 68.0	0.36147	0.00536
 68.0	 69.0	0.34088	0.00568
 69.0	 70.0	0.31891	0.00588
 70.0	 71.0	0.32202	0.00654
 71.0	 72.0	0.28849	0.00696
 72.0	 73.0	0.28449	0.00777
 73.0	 74.0	0.24550	0.00788
 74.0	 75.0	0.23532	0.00831
 75.0	 76.0	0.22681	0.00890
 76.0	 77.0	0.20670	0.01023
 77.0	 78.0	0.19209	0.01143
 78.0	 79.0	0.19211	0.01338
 79.0	 80.0	0.15335	0.01256
 80.0	 81.0	0.17035	0.01649
 81.0	 82.0	0.16088	0.02210
 82.0	 83.0	0.17604	0.02824
 83.0	 84.0	0.14943	0.02206
 84.0	 85.0	0.16949	0.04898
 85.0	 86.0	0.11279	0.04391
 86.0	 87.0	0.12737	0.05653
 87.0	 88.0	0.41653	1.29648
 88.0	 89.0	0.06649	0.08679
 89.0	 90.0	0.10883	0.09698
 90.0	 91.0	0.28434	0.75327
 91.0	 92.0	0.30089	1.06840
 92.0	 93.0	0.05696	0.06679
 93.0	 94.0	0.27277	1.00119
 94.0	 95.0	0.27541	0.67685
 95.0	 96.0	0.03625	0.14665
 96.0	 97.0	0.16052	0.08945
 97.0	 98.0	0.29260	0.28586
 98.0	 99.0	0.06170	0.30633
 99.0	100.0	0.56793	0.29568
