  0.0	  2.0	0.52404	0.00282
  2.0	  4.0	0.54807	0.00276
  4.0	  6.0	0.55816	0.00272
  6.0	  8.0	0.56533	0.00273
  8.0	 10.0	0.57031	0.00277
 10.0	 12.0	0.57556	0.00281
 12.0	 14.0	0.57294	0.00285
 14.0	 16.0	0.56790	0.00287
 16.0	 18.0	0.56577	0.00293
 18.0	 20.0	0.55332	0.00296
 20.0	 22.0	0.55157	0.00303
 22.0	 24.0	0.54948	0.00317
 24.0	 26.0	0.53319	0.00322
 26.0	 28.0	0.53111	0.00332
 28.0	 30.0	0.52122	0.00343
 30.0	 32.0	0.50512	0.00353
 32.0	 34.0	0.49486	0.00378
 34.0	 36.0	0.47095	0.00380
 36.0	 38.0	0.45804	0.00403
 38.0	 40.0	0.44137	0.00418
 40.0	 42.0	0.42795	0.00449
 42.0	 44.0	0.40753	0.00474
 44.0	 46.0	0.37649	0.00486
 46.0	 48.0	0.37341	0.00551
 48.0	 50.0	0.34346	0.00580
 50.0	 52.0	0.31672	0.00608
 52.0	 54.0	0.29922	0.00696
 54.0	 56.0	0.26392	0.00761
 56.0	 58.0	0.23215	0.00878
 58.0	 60.0	0.21014	0.00925
 60.0	 62.0	0.19080	0.01034
 62.0	 64.0	0.16556	0.01333
 64.0	 66.0	0.17280	0.01934
 66.0	 68.0	0.08522	0.01556
 68.0	 70.0	0.08820	0.02089
 70.0	 72.0	0.07376	0.02484
 72.0	 74.0	0.04566	0.02434
 74.0	 76.0	0.00910	0.33908
 76.0	 78.0	0.03042	0.05388
 78.0	 80.0	0.01130	0.03337
 80.0	 82.0	0.10687	0.10666
 82.0	 84.0	0.00928	0.12513
 84.0	 86.0	0.03057	0.06304
 86.0	 88.0	0.00673	0.22346
 88.0	 90.0	0.06302	0.04622
 90.0	 92.0	0.03670	0.13499
 92.0	 94.0	0.13301	0.12799
 94.0	 96.0	0.02805	0.05051
 96.0	 98.0	0.15192	0.16386
 98.0	100.0	2.03066	44.32719
