  0.0	  2.0	0.47824	0.00276
  2.0	  4.0	0.49799	0.00270
  4.0	  6.0	0.50573	0.00265
  6.0	  8.0	0.51141	0.00266
  8.0	 10.0	0.51369	0.00269
 10.0	 12.0	0.51838	0.00272
 12.0	 14.0	0.51584	0.00277
 14.0	 16.0	0.51127	0.00279
 16.0	 18.0	0.50663	0.00284
 18.0	 20.0	0.49967	0.00287
 20.0	 22.0	0.49035	0.00293
 22.0	 24.0	0.48570	0.00305
 24.0	 26.0	0.47763	0.00311
 26.0	 28.0	0.47365	0.00320
 28.0	 30.0	0.46129	0.00330
 30.0	 32.0	0.44800	0.00340
 32.0	 34.0	0.44465	0.00364
 34.0	 36.0	0.42019	0.00366
 36.0	 38.0	0.40508	0.00386
 38.0	 40.0	0.39787	0.00403
 40.0	 42.0	0.38111	0.00430
 42.0	 44.0	0.36214	0.00454
 44.0	 46.0	0.33427	0.00466
 46.0	 48.0	0.32799	0.00524
 48.0	 50.0	0.30780	0.00555
 50.0	 52.0	0.26776	0.00572
 52.0	 54.0	0.26179	0.00660
 54.0	 56.0	0.23708	0.00731
 56.0	 58.0	0.22672	0.00870
 58.0	 60.0	0.18764	0.00884
 60.0	 62.0	0.15740	0.00962
 62.0	 64.0	0.15465	0.01298
 64.0	 66.0	0.14837	0.01789
 66.0	 68.0	0.11053	0.01736
 68.0	 70.0	0.08221	0.02024
 70.0	 72.0	0.07571	0.02518
 72.0	 74.0	0.05750	0.02601
 74.0	 76.0	0.09900	0.16386
 76.0	 78.0	0.00642	0.06295
 78.0	 80.0	0.02735	0.03846
 80.0	 82.0	0.04135	0.04938
 82.0	 84.0	0.01448	0.07340
 84.0	 86.0	0.06961	0.21384
 86.0	 88.0	0.04418	0.06806
 88.0	 90.0	0.05422	0.08847
 90.0	 92.0	0.05772	0.07336
 92.0	 94.0	0.04321	0.05749
 94.0	 96.0	0.08847	0.07179
 96.0	 98.0	0.07620	0.14198
 98.0	100.0	0.31595	0.16601
