  0.0	  5.0	0.50587	0.00143
  5.0	 10.0	0.67651	0.00094
 10.0	 15.0	0.75641	0.00075
 15.0	 20.0	0.79289	0.00066
 20.0	 25.0	0.80551	0.00064
 25.0	 30.0	0.80389	0.00066
 30.0	 35.0	0.78888	0.00071
 35.0	 40.0	0.76249	0.00078
 40.0	 45.0	0.72414	0.00089
 45.0	 50.0	0.67055	0.00103
 50.0	 55.0	0.60751	0.00121
 55.0	 60.0	0.53276	0.00146
 60.0	 65.0	0.44566	0.00182
 65.0	 70.0	0.35967	0.00236
 70.0	 75.0	0.27678	0.00331
 75.0	 80.0	0.19575	0.00488
 80.0	 85.0	0.16307	0.01038
 85.0	 90.0	0.16379	0.05502
 90.0	 95.0	0.16948	0.17401
 95.0	100.0	0.06617	0.05181
