  0.0	  2.0	0.48266	0.00277
  2.0	  4.0	0.50177	0.00270
  4.0	  6.0	0.51062	0.00266
  6.0	  8.0	0.51832	0.00266
  8.0	 10.0	0.52407	0.00270
 10.0	 12.0	0.52063	0.00273
 12.0	 14.0	0.52157	0.00278
 14.0	 16.0	0.51506	0.00280
 16.0	 18.0	0.51303	0.00284
 18.0	 20.0	0.50666	0.00289
 20.0	 22.0	0.49773	0.00294
 22.0	 24.0	0.49751	0.00307
 24.0	 26.0	0.48121	0.00312
 26.0	 28.0	0.47106	0.00320
 28.0	 30.0	0.46161	0.00330
 30.0	 32.0	0.45364	0.00341
 32.0	 34.0	0.44877	0.00365
 34.0	 36.0	0.42440	0.00367
 36.0	 38.0	0.40788	0.00387
 38.0	 40.0	0.39491	0.00403
 40.0	 42.0	0.38659	0.00432
 42.0	 44.0	0.35742	0.00452
 44.0	 46.0	0.33940	0.00469
 46.0	 48.0	0.32671	0.00523
 48.0	 50.0	0.30138	0.00552
 50.0	 52.0	0.28385	0.00583
 52.0	 54.0	0.26197	0.00659
 54.0	 56.0	0.23986	0.00733
 56.0	 58.0	0.22427	0.00865
 58.0	 60.0	0.18261	0.00882
 60.0	 62.0	0.16161	0.00972
 62.0	 64.0	0.14792	0.01276
 64.0	 66.0	0.12020	0.01607
 66.0	 68.0	0.08255	0.01769
 68.0	 70.0	0.10342	0.02261
 70.0	 72.0	0.08000	0.02807
 72.0	 74.0	0.05011	0.02972
 74.0	 76.0	0.05062	0.16530
 76.0	 78.0	0.01855	0.04057
 78.0	 80.0	0.02932	0.10739
 80.0	 82.0	0.04491	0.06602
 82.0	 84.0	0.00268	0.32612
 84.0	 86.0	0.03149	0.09631
 86.0	 88.0	0.10605	0.27404
 88.0	 90.0	0.01086	0.03800
 90.0	 92.0	0.20468	0.71527
 92.0	 94.0	0.09760	0.27759
 94.0	 96.0	0.10562	0.20242
 96.0	 98.0	0.11600	0.20016
 98.0	100.0	0.19431	0.44111
