  0.0	  5.0	0.49547	0.00172
  5.0	 10.0	0.51951	0.00169
 10.0	 15.0	0.52055	0.00175
 15.0	 20.0	0.51022	0.00180
 20.0	 25.0	0.49491	0.00191
 25.0	 30.0	0.46877	0.00204
 30.0	 35.0	0.44618	0.00224
 35.0	 40.0	0.40582	0.00247
 40.0	 45.0	0.36663	0.00282
 45.0	 50.0	0.31858	0.00330
 50.0	 55.0	0.26724	0.00402
 55.0	 60.0	0.21131	0.00532
 60.0	 65.0	0.14862	0.00712
 65.0	 70.0	0.10069	0.01223
 70.0	 75.0	0.05780	0.01790
 75.0	 80.0	0.02521	0.02811
 80.0	 85.0	0.01312	0.11255
 85.0	 90.0	0.02417	0.03610
 90.0	 95.0	0.67894	33.53842
 95.0	100.0	0.05416	0.10271
