  0.0	  1.0	0.51802	0.00398
  1.0	  2.0	0.53017	0.00400
  2.0	  3.0	0.54629	0.00393
  3.0	  4.0	0.54983	0.00389
  4.0	  5.0	0.55616	0.00385
  5.0	  6.0	0.56016	0.00384
  6.0	  7.0	0.56215	0.00384
  7.0	  8.0	0.56853	0.00387
  8.0	  9.0	0.56787	0.00391
  9.0	 10.0	0.57273	0.00391
 10.0	 11.0	0.57359	0.00397
 11.0	 12.0	0.57752	0.00397
 12.0	 13.0	0.57476	0.00405
 13.0	 14.0	0.57112	0.00402
 14.0	 15.0	0.56859	0.00404
 15.0	 16.0	0.56719	0.00409
 16.0	 17.0	0.56768	0.00413
 17.0	 18.0	0.56386	0.00415
 18.0	 19.0	0.55393	0.00415
 19.0	 20.0	0.55275	0.00422
 20.0	 21.0	0.55161	0.00426
 21.0	 22.0	0.55155	0.00431
 22.0	 23.0	0.55110	0.00442
 23.0	 24.0	0.54786	0.00454
 24.0	 25.0	0.53197	0.00452
 25.0	 26.0	0.53441	0.00459
 26.0	 27.0	0.53857	0.00470
 27.0	 28.0	0.52358	0.00470
 28.0	 29.0	0.52235	0.00476
 29.0	 30.0	0.52017	0.00495
 30.0	 31.0	0.50855	0.00492
 31.0	 32.0	0.50167	0.00508
 32.0	 33.0	0.49610	0.00527
 33.0	 34.0	0.49363	0.00544
 34.0	 35.0	0.47647	0.00532
 35.0	 36.0	0.46527	0.00544
 36.0	 37.0	0.46060	0.00562
 37.0	 38.0	0.45552	0.00579
 38.0	 39.0	0.43540	0.00572
 39.0	 40.0	0.44773	0.00613
 40.0	 41.0	0.43003	0.00620
 41.0	 42.0	0.42591	0.00651
 42.0	 43.0	0.41895	0.00671
 43.0	 44.0	0.39593	0.00670
 44.0	 45.0	0.38880	0.00689
 45.0	 46.0	0.36403	0.00686
 46.0	 47.0	0.38271	0.00776
 47.0	 48.0	0.36380	0.00784
 48.0	 49.0	0.35123	0.00807
 49.0	 50.0	0.33542	0.00833
 50.0	 51.0	0.32181	0.00862
 51.0	 52.0	0.31157	0.00857
 52.0	 53.0	0.31312	0.00967
 53.0	 54.0	0.28463	0.01002
 54.0	 55.0	0.26379	0.01057
 55.0	 56.0	0.26355	0.01098
 56.0	 57.0	0.22654	0.01124
 57.0	 58.0	0.23967	0.01400
 58.0	 59.0	0.22675	0.01400
 59.0	 60.0	0.19354	0.01232
 60.0	 61.0	0.21019	0.01450
 61.0	 62.0	0.16987	0.01475
 62.0	 63.0	0.16248	0.01750
 63.0	 64.0	0.16932	0.02051
 64.0	 65.0	0.14643	0.01972
 65.0	 66.0	0.21929	0.04833
 66.0	 67.0	0.07274	0.02095
 67.0	 68.0	0.09731	0.02372
 68.0	 69.0	0.10013	0.03341
 69.0	 70.0	0.07706	0.02690
 70.0	 71.0	0.18001	0.28131
 71.0	 72.0	0.03793	0.02666
 72.0	 73.0	0.04541	0.04830
 73.0	 74.0	0.04670	0.02900
 74.0	 75.0	0.00410	0.11536
 75.0	 76.0	0.00817	0.11283
 76.0	 77.0	0.01824	0.03327
 77.0	 78.0	0.13514	0.29542
 78.0	 79.0	0.00741	0.07712
 79.0	 80.0	0.03060	0.03806
 80.0	 81.0	0.05627	0.03726
 81.0	 82.0	0.09095	0.10044
 82.0	 83.0	0.04299	0.28329
 83.0	 84.0	0.04919	0.04711
 84.0	 85.0	0.02258	0.04133
 85.0	 86.0	0.24906	1.16458
 86.0	 87.0	0.08392	0.19613
 87.0	 88.0	0.09129	0.34951
 88.0	 89.0	0.06192	0.04049
 89.0	 90.0	0.08680	0.36479
 90.0	 91.0	0.02642	0.04762
 91.0	 92.0	0.02357	0.03989
 92.0	 93.0	0.19545	0.19301
 93.0	 94.0	0.04874	0.15814
 94.0	 95.0	0.00647	0.10339
 95.0	 96.0	0.06951	0.07477
 96.0	 97.0	0.18134	0.65241
 97.0	 98.0	0.12879	0.10254
 98.0	 99.0	0.67138	1.97826
 99.0	100.0	0.11931	0.74521
