  0.0	  5.0	0.54009	0.00176
  5.0	 10.0	0.56628	0.00173
 10.0	 15.0	0.57313	0.00179
 15.0	 20.0	0.56111	0.00185
 20.0	 25.0	0.54682	0.00197
 25.0	 30.0	0.52783	0.00212
 30.0	 35.0	0.49537	0.00232
 35.0	 40.0	0.45290	0.00256
 40.0	 45.0	0.41220	0.00295
 45.0	 50.0	0.35949	0.00345
 50.0	 55.0	0.29976	0.00420
 55.0	 60.0	0.23043	0.00551
 60.0	 65.0	0.17272	0.00755
 65.0	 70.0	0.11108	0.01262
 70.0	 75.0	0.04959	0.01433
 75.0	 80.0	0.01245	0.05906
 80.0	 85.0	0.05494	0.08679
 85.0	 90.0	0.01204	0.18401
 90.0	 95.0	0.15894	0.55163
 95.0	100.0	0.03636	0.11497
