  0.0	  1.0	0.61262	0.01191
  1.0	  2.0	0.63960	0.00985
  2.0	  3.0	0.71589	0.00888
  3.0	  4.0	0.76252	0.00792
  4.0	  5.0	0.80318	0.00707
  5.0	  6.0	0.83174	0.00631
  6.0	  7.0	0.85423	0.00569
  7.0	  8.0	0.86479	0.00519
  8.0	  9.0	0.87504	0.00486
  9.0	 10.0	0.88716	0.00453
 10.0	 11.0	0.89875	0.00443
 11.0	 12.0	0.89961	0.00404
 12.0	 13.0	0.91054	0.00394
 13.0	 14.0	0.91381	0.00384
 14.0	 15.0	0.92068	0.00370
 15.0	 16.0	0.92404	0.00356
 16.0	 17.0	0.93169	0.00353
 17.0	 18.0	0.92760	0.00340
 18.0	 19.0	0.93409	0.00337
 19.0	 20.0	0.92951	0.00330
 20.0	 21.0	0.93458	0.00332
 21.0	 22.0	0.93665	0.00331
 22.0	 23.0	0.93263	0.00327
 23.0	 24.0	0.93152	0.00330
 24.0	 25.0	0.93157	0.00323
 25.0	 26.0	0.93163	0.00324
 26.0	 27.0	0.93205	0.00332
 27.0	 28.0	0.93229	0.00332
 28.0	 29.0	0.92620	0.00335
 29.0	 30.0	0.93082	0.00337
 30.0	 31.0	0.92616	0.00340
 31.0	 32.0	0.92676	0.00348
 32.0	 33.0	0.91619	0.00353
 33.0	 34.0	0.91694	0.00355
 34.0	 35.0	0.91363	0.00367
 35.0	 36.0	0.91298	0.00373
 36.0	 37.0	0.91081	0.00385
 37.0	 38.0	0.90464	0.00392
 38.0	 39.0	0.89868	0.00407
 39.0	 40.0	0.89808	0.00419
 40.0	 41.0	0.89249	0.00425
 41.0	 42.0	0.88907	0.00448
 42.0	 43.0	0.88386	0.00455
 43.0	 44.0	0.87222	0.00471
 44.0	 45.0	0.86687	0.00469
 45.0	 46.0	0.85859	0.00503
 46.0	 47.0	0.85006	0.00521
 47.0	 48.0	0.83957	0.00534
 48.0	 49.0	0.82876	0.00554
 49.0	 50.0	0.82415	0.00576
 50.0	 51.0	0.82133	0.00615
 51.0	 52.0	0.80410	0.00618
 52.0	 53.0	0.80429	0.00671
 53.0	 54.0	0.78567	0.00681
 54.0	 55.0	0.77520	0.00697
 55.0	 56.0	0.75412	0.00739
 56.0	 57.0	0.75019	0.00783
 57.0	 58.0	0.72040	0.00797
 58.0	 59.0	0.72327	0.00867
 59.0	 60.0	0.69072	0.00889
 60.0	 61.0	0.66659	0.00944
 61.0	 62.0	0.65187	0.00988
 62.0	 63.0	0.65458	0.01107
 63.0	 64.0	0.63331	0.01142
 64.0	 65.0	0.60966	0.01159
 65.0	 66.0	0.59059	0.01258
 66.0	 67.0	0.54269	0.01256
 67.0	 68.0	0.53308	0.01334
 68.0	 69.0	0.52809	0.01661
 69.0	 70.0	0.51414	0.01692
 70.0	 71.0	0.46340	0.01653
 71.0	 72.0	0.45001	0.01915
 72.0	 73.0	0.39718	0.01779
 73.0	 74.0	0.40515	0.02159
 74.0	 75.0	0.37485	0.02363
 75.0	 76.0	0.33538	0.02161
 76.0	 77.0	0.31218	0.02401
 77.0	 78.0	0.30586	0.02768
 78.0	 79.0	0.30305	0.02829
 79.0	 80.0	0.23738	0.02990
 80.0	 81.0	0.24577	0.04096
 81.0	 82.0	0.24295	0.04019
 82.0	 83.0	0.18289	0.03701
 83.0	 84.0	0.18796	0.03713
 84.0	 85.0	0.15203	0.04641
 85.0	 86.0	0.23890	0.09196
 86.0	 87.0	0.20384	0.05839
 87.0	 88.0	0.14438	0.05591
 88.0	 89.0	0.22483	0.32668
 89.0	 90.0	0.35703	1.68921
 90.0	 91.0	0.03689	0.03809
 91.0	 92.0	0.19302	0.11987
 92.0	 93.0	0.03595	0.05407
 93.0	 94.0	0.04963	0.52776
 94.0	 95.0	0.15979	0.18567
 95.0	 96.0	0.81462	4.60654
 96.0	 97.0	0.05477	0.23920
 97.0	 98.0	0.67826	11.34641
 98.0	 99.0	0.69886	1.38208
 99.0	100.0	0.27101	0.79611
