  0.0	  2.0	0.62588	0.00761
  2.0	  4.0	0.73952	0.00592
  4.0	  6.0	0.81748	0.00472
  6.0	  8.0	0.85941	0.00384
  8.0	 10.0	0.88107	0.00332
 10.0	 12.0	0.89907	0.00299
 12.0	 14.0	0.91217	0.00275
 14.0	 16.0	0.92235	0.00256
 16.0	 18.0	0.92961	0.00245
 18.0	 20.0	0.93178	0.00236
 20.0	 22.0	0.93562	0.00234
 22.0	 24.0	0.93208	0.00232
 24.0	 26.0	0.93160	0.00229
 26.0	 28.0	0.93217	0.00235
 28.0	 30.0	0.92850	0.00238
 30.0	 32.0	0.92646	0.00243
 32.0	 34.0	0.91656	0.00251
 34.0	 36.0	0.91330	0.00262
 36.0	 38.0	0.90775	0.00275
 38.0	 40.0	0.89837	0.00292
 40.0	 42.0	0.89074	0.00309
 42.0	 44.0	0.87804	0.00327
 44.0	 46.0	0.86273	0.00343
 46.0	 48.0	0.84483	0.00373
 48.0	 50.0	0.82645	0.00399
 50.0	 52.0	0.81268	0.00436
 52.0	 54.0	0.79505	0.00478
 54.0	 56.0	0.76480	0.00507
 56.0	 58.0	0.73547	0.00558
 58.0	 60.0	0.70713	0.00621
 60.0	 62.0	0.65923	0.00683
 62.0	 64.0	0.64403	0.00795
 64.0	 66.0	0.60012	0.00853
 66.0	 68.0	0.53780	0.00915
 68.0	 70.0	0.52118	0.01185
 70.0	 72.0	0.45659	0.01252
 72.0	 74.0	0.40027	0.01375
 74.0	 76.0	0.35477	0.01597
 76.0	 78.0	0.30905	0.01814
 78.0	 80.0	0.27171	0.02057
 80.0	 82.0	0.24458	0.02869
 82.0	 84.0	0.18530	0.02621
 84.0	 86.0	0.18782	0.04342
 86.0	 88.0	0.17763	0.04031
 88.0	 90.0	0.36018	0.90433
 90.0	 92.0	0.06966	0.02940
 92.0	 94.0	0.03153	0.05803
 94.0	 96.0	0.30492	0.36878
 96.0	 98.0	0.09985	0.14363
 98.0	100.0	2.53186	46.81250
