  0.0	  5.0	0.71013	0.00396
  5.0	 10.0	0.86234	0.00236
 10.0	 15.0	0.90865	0.00178
 15.0	 20.0	0.92936	0.00153
 20.0	 25.0	0.93339	0.00147
 25.0	 30.0	0.93059	0.00148
 30.0	 35.0	0.91994	0.00158
 35.0	 40.0	0.90505	0.00177
 40.0	 45.0	0.88092	0.00203
 45.0	 50.0	0.84030	0.00240
 50.0	 55.0	0.79817	0.00293
 55.0	 60.0	0.72790	0.00363
 60.0	 65.0	0.64317	0.00474
 65.0	 70.0	0.54136	0.00629
 70.0	 75.0	0.41895	0.00863
 75.0	 80.0	0.30079	0.01152
 80.0	 85.0	0.20692	0.01798
 85.0	 90.0	0.21013	0.04650
 90.0	 95.0	0.06516	0.02598
 95.0	100.0	0.22774	0.22155
