  0.0	  2.0	0.65411	0.00668
  2.0	  4.0	0.67098	0.00635
  4.0	  6.0	0.68330	0.00631
  6.0	  8.0	0.67523	0.00605
  8.0	 10.0	0.67779	0.00604
 10.0	 12.0	0.68369	0.00615
 12.0	 14.0	0.67550	0.00618
 14.0	 16.0	0.65867	0.00607
 16.0	 18.0	0.66757	0.00621
 18.0	 20.0	0.65176	0.00635
 20.0	 22.0	0.64221	0.00636
 22.0	 24.0	0.64326	0.00657
 24.0	 26.0	0.61765	0.00664
 26.0	 28.0	0.61933	0.00694
 28.0	 30.0	0.60147	0.00694
 30.0	 32.0	0.57978	0.00706
 32.0	 34.0	0.56664	0.00744
 34.0	 36.0	0.53983	0.00758
 36.0	 38.0	0.54379	0.00806
 38.0	 40.0	0.51952	0.00838
 40.0	 42.0	0.50293	0.00927
 42.0	 44.0	0.47515	0.00920
 44.0	 46.0	0.47317	0.01060
 46.0	 48.0	0.43902	0.01062
 48.0	 50.0	0.39420	0.01099
 50.0	 52.0	0.37089	0.01207
 52.0	 54.0	0.33606	0.01287
 54.0	 56.0	0.31349	0.01385
 56.0	 58.0	0.29792	0.01699
 58.0	 60.0	0.27364	0.01945
 60.0	 62.0	0.21268	0.01768
 62.0	 64.0	0.19841	0.02831
 64.0	 66.0	0.20617	0.04382
 66.0	 68.0	0.11793	0.02810
 68.0	 70.0	0.04625	0.03509
 70.0	 72.0	0.18291	0.26478
 72.0	 74.0	0.04993	0.07052
 74.0	 76.0	0.72465	19.52804
 76.0	 78.0	0.01295	0.93853
 78.0	 80.0	0.09938	0.08145
 80.0	 82.0	0.01223	0.24220
 82.0	 84.0	0.01807	0.09528
 84.0	 86.0	0.05499	0.08273
 86.0	 88.0	0.03900	0.22997
 88.0	 90.0	0.18850	0.34958
 90.0	 92.0	0.02035	0.77547
 92.0	 94.0	0.02711	0.18516
 94.0	 96.0	0.04665	0.21628
 96.0	 98.0	0.09008	0.15213
 98.0	100.0	0.16186	0.73428
