  0.0	  5.0	0.66835	0.00411
  5.0	 10.0	0.67638	0.00384
 10.0	 15.0	0.67816	0.00390
 15.0	 20.0	0.65676	0.00392
 20.0	 25.0	0.63881	0.00412
 25.0	 30.0	0.61076	0.00434
 30.0	 35.0	0.56593	0.00461
 35.0	 40.0	0.53418	0.00513
 40.0	 45.0	0.48778	0.00599
 45.0	 50.0	0.42651	0.00681
 50.0	 55.0	0.34744	0.00806
 55.0	 60.0	0.28979	0.01065
 60.0	 65.0	0.19339	0.01379
 65.0	 70.0	0.12254	0.02189
 70.0	 75.0	0.10868	0.05253
 75.0	 80.0	0.07507	0.04222
 80.0	 85.0	0.04565	0.15879
 85.0	 90.0	0.09626	0.20775
 90.0	 95.0	0.01248	0.07558
 95.0	100.0	0.00776	0.11042
