  0.0	  1.0	0.64498	0.00954
  1.0	  2.0	0.66299	0.00936
  2.0	  3.0	0.66849	0.00889
  3.0	  4.0	0.67350	0.00908
  4.0	  5.0	0.69111	0.00915
  5.0	  6.0	0.67579	0.00872
  6.0	  7.0	0.68133	0.00861
  7.0	  8.0	0.66911	0.00850
  8.0	  9.0	0.67335	0.00837
  9.0	 10.0	0.68240	0.00873
 10.0	 11.0	0.68820	0.00875
 11.0	 12.0	0.67916	0.00863
 12.0	 13.0	0.67033	0.00860
 13.0	 14.0	0.68078	0.00889
 14.0	 15.0	0.67235	0.00879
 15.0	 16.0	0.64522	0.00837
 16.0	 17.0	0.66455	0.00875
 17.0	 18.0	0.67057	0.00881
 18.0	 19.0	0.65561	0.00897
 19.0	 20.0	0.64791	0.00900
 20.0	 21.0	0.64096	0.00895
 21.0	 22.0	0.64343	0.00903
 22.0	 23.0	0.64799	0.00937
 23.0	 24.0	0.63854	0.00921
 24.0	 25.0	0.62307	0.00948
 25.0	 26.0	0.61227	0.00930
 26.0	 27.0	0.63239	0.01003
 27.0	 28.0	0.60659	0.00962
 28.0	 29.0	0.60035	0.00959
 29.0	 30.0	0.60272	0.01005
 30.0	 31.0	0.58630	0.00976
 31.0	 32.0	0.57304	0.01021
 32.0	 33.0	0.58112	0.01049
 33.0	 34.0	0.55192	0.01054
 34.0	 35.0	0.53598	0.01058
 35.0	 36.0	0.54374	0.01087
 36.0	 37.0	0.55689	0.01121
 37.0	 38.0	0.53015	0.01161
 38.0	 39.0	0.51465	0.01176
 39.0	 40.0	0.52441	0.01194
 40.0	 41.0	0.51848	0.01338
 41.0	 42.0	0.48751	0.01284
 42.0	 43.0	0.48565	0.01317
 43.0	 44.0	0.46436	0.01285
 44.0	 45.0	0.48357	0.01498
 45.0	 46.0	0.46240	0.01499
 46.0	 47.0	0.44318	0.01511
 47.0	 48.0	0.43461	0.01493
 48.0	 49.0	0.41854	0.01620
 49.0	 50.0	0.37023	0.01492
 50.0	 51.0	0.37927	0.01667
 51.0	 52.0	0.36217	0.01751
 52.0	 53.0	0.32097	0.01721
 53.0	 54.0	0.35214	0.01934
 54.0	 55.0	0.32020	0.02007
 55.0	 56.0	0.30681	0.01912
 56.0	 57.0	0.29228	0.02244
 57.0	 58.0	0.30446	0.02594
 58.0	 59.0	0.29425	0.02921
 59.0	 60.0	0.25362	0.02596
 60.0	 61.0	0.24979	0.02674
 61.0	 62.0	0.17533	0.02340
 62.0	 63.0	0.19395	0.03680
 63.0	 64.0	0.19583	0.04439
 64.0	 65.0	0.13965	0.03413
 65.0	 66.0	0.38362	0.27030
 66.0	 67.0	0.09540	0.03949
 67.0	 68.0	0.12763	0.04721
 68.0	 69.0	0.01844	0.07573
 69.0	 70.0	0.07098	0.04685
 70.0	 71.0	0.09891	0.09633
 71.0	 72.0	0.07363	0.05436
 72.0	 73.0	0.07927	1.68927
 73.0	 74.0	0.05071	0.06013
 74.0	 75.0	0.09657	0.05450
 75.0	 76.0	0.04638	0.07829
 76.0	 77.0	0.01437	0.62135
 77.0	 78.0	0.01202	0.28093
 78.0	 79.0	0.22524	0.49413
 79.0	 80.0	0.01695	0.15385
 80.0	 81.0	0.09572	0.13430
 81.0	 82.0	0.04690	0.08129
 82.0	 83.0	0.04111	0.09204
 83.0	 84.0	0.03525	0.17188
 84.0	 85.0	0.02806	0.07300
 85.0	 86.0	0.09202	0.32426
 86.0	 87.0	0.05890	0.06479
 87.0	 88.0	0.07741	0.09299
 88.0	 89.0	0.05005	0.06602
 89.0	 90.0	0.09685	0.07022
 90.0	 91.0	0.05011	0.12968
 91.0	 92.0	0.08690	0.27203
 92.0	 93.0	0.35650	17.02936
 93.0	 94.0	0.02582	0.07531
 94.0	 95.0	0.04862	0.22303
 95.0	 96.0	0.03002	0.38662
 96.0	 97.0	0.07456	0.21528
 97.0	 98.0	0.16126	0.51530
 98.0	 99.0	0.15223	0.45924
 99.0	100.0	0.08761	0.29359
