  0.0	  1.0	0.49183	0.00918
  1.0	  2.0	0.52683	0.00785
  2.0	  3.0	0.58215	0.00681
  3.0	  4.0	0.64071	0.00612
  4.0	  5.0	0.68452	0.00541
  5.0	  6.0	0.71848	0.00492
  6.0	  7.0	0.75331	0.00448
  7.0	  8.0	0.77287	0.00423
  8.0	  9.0	0.79143	0.00393
  9.0	 10.0	0.80221	0.00364
 10.0	 11.0	0.81440	0.00352
 11.0	 12.0	0.83488	0.00334
 12.0	 13.0	0.83702	0.00315
 13.0	 14.0	0.84562	0.00311
 14.0	 15.0	0.84881	0.00299
 15.0	 16.0	0.85785	0.00290
 16.0	 17.0	0.85987	0.00281
 17.0	 18.0	0.86592	0.00273
 18.0	 19.0	0.86428	0.00275
 19.0	 20.0	0.86266	0.00271
 20.0	 21.0	0.86920	0.00265
 21.0	 22.0	0.86659	0.00268
 22.0	 23.0	0.86519	0.00271
 23.0	 24.0	0.86756	0.00265
 24.0	 25.0	0.86853	0.00268
 25.0	 26.0	0.86831	0.00273
 26.0	 27.0	0.86419	0.00272
 27.0	 28.0	0.86465	0.00273
 28.0	 29.0	0.86334	0.00278
 29.0	 30.0	0.85353	0.00279
 30.0	 31.0	0.85590	0.00281
 31.0	 32.0	0.84903	0.00290
 32.0	 33.0	0.84683	0.00298
 33.0	 34.0	0.84062	0.00300
 34.0	 35.0	0.83688	0.00311
 35.0	 36.0	0.83646	0.00309
 36.0	 37.0	0.82466	0.00324
 37.0	 38.0	0.82257	0.00329
 38.0	 39.0	0.81193	0.00341
 39.0	 40.0	0.80573	0.00346
 40.0	 41.0	0.79941	0.00355
 41.0	 42.0	0.78654	0.00365
 42.0	 43.0	0.78583	0.00376
 43.0	 44.0	0.77644	0.00392
 44.0	 45.0	0.76996	0.00393
 45.0	 46.0	0.75630	0.00414
 46.0	 47.0	0.74416	0.00427
 47.0	 48.0	0.73189	0.00442
 48.0	 49.0	0.71982	0.00457
 49.0	 50.0	0.70529	0.00467
 50.0	 51.0	0.69188	0.00494
 51.0	 52.0	0.68042	0.00506
 52.0	 53.0	0.66783	0.00523
 53.0	 54.0	0.65114	0.00538
 54.0	 55.0	0.63359	0.00556
 55.0	 56.0	0.62193	0.00585
 56.0	 57.0	0.61368	0.00608
 57.0	 58.0	0.57878	0.00630
 58.0	 59.0	0.56914	0.00662
 59.0	 60.0	0.54490	0.00673
 60.0	 61.0	0.52892	0.00703
 61.0	 62.0	0.50181	0.00736
 62.0	 63.0	0.49697	0.00774
 63.0	 64.0	0.46258	0.00826
 64.0	 65.0	0.46306	0.00866
 65.0	 66.0	0.43187	0.00890
 66.0	 67.0	0.40756	0.00961
 67.0	 68.0	0.37733	0.00956
 68.0	 69.0	0.36127	0.01026
 69.0	 70.0	0.34166	0.01122
 70.0	 71.0	0.33216	0.01188
 71.0	 72.0	0.33066	0.01382
 72.0	 73.0	0.27010	0.01310
 73.0	 74.0	0.25818	0.01406
 74.0	 75.0	0.23851	0.01454
 75.0	 76.0	0.24081	0.01667
 76.0	 77.0	0.21237	0.01837
 77.0	 78.0	0.19001	0.01668
 78.0	 79.0	0.20335	0.02353
 79.0	 80.0	0.11209	0.02228
 80.0	 81.0	0.10617	0.02268
 81.0	 82.0	0.11246	0.02378
 82.0	 83.0	0.05614	0.06272
 83.0	 84.0	0.06081	0.04212
 84.0	 85.0	0.06186	0.02700
 85.0	 86.0	0.10466	0.04055
 86.0	 87.0	0.06876	0.04359
 87.0	 88.0	0.06305	0.07751
 88.0	 89.0	0.07044	0.05662
 89.0	 90.0	0.08046	0.06182
 90.0	 91.0	0.12109	0.05622
 91.0	 92.0	0.15879	0.13669
 92.0	 93.0	0.14655	0.28509
 93.0	 94.0	0.01645	0.19931
 94.0	 95.0	0.05523	0.22415
 95.0	 96.0	0.03950	0.05688
 96.0	 97.0	0.20926	0.30879
 97.0	 98.0	0.54771	3.96388
 98.0	 99.0	0.08152	0.16678
 99.0	100.0	0.08977	0.26479
