  0.0	  5.0	0.58949	0.00307
  5.0	 10.0	0.76821	0.00190
 10.0	 15.0	0.83623	0.00144
 15.0	 20.0	0.86213	0.00124
 20.0	 25.0	0.86741	0.00120
 25.0	 30.0	0.86282	0.00123
 30.0	 35.0	0.84588	0.00132
 35.0	 40.0	0.82037	0.00148
 40.0	 45.0	0.78367	0.00168
 45.0	 50.0	0.73172	0.00197
 50.0	 55.0	0.66527	0.00234
 55.0	 60.0	0.58629	0.00282
 60.0	 65.0	0.49129	0.00347
 65.0	 70.0	0.38527	0.00440
 70.0	 75.0	0.28783	0.00598
 75.0	 80.0	0.19481	0.00841
 80.0	 85.0	0.08718	0.01239
 85.0	 90.0	0.08240	0.02195
 90.0	 95.0	0.11131	0.04147
 95.0	100.0	0.05104	0.05760
