  0.0	  2.0	0.50964	0.00598
  2.0	  4.0	0.61212	0.00456
  4.0	  6.0	0.70169	0.00365
  6.0	  8.0	0.76313	0.00308
  8.0	 10.0	0.79679	0.00268
 10.0	 12.0	0.82471	0.00242
 12.0	 14.0	0.84132	0.00221
 14.0	 16.0	0.85332	0.00208
 16.0	 18.0	0.86292	0.00196
 18.0	 20.0	0.86347	0.00193
 20.0	 22.0	0.86788	0.00189
 22.0	 24.0	0.86637	0.00190
 24.0	 26.0	0.86842	0.00191
 26.0	 28.0	0.86442	0.00193
 28.0	 30.0	0.85844	0.00197
 30.0	 32.0	0.85250	0.00202
 32.0	 34.0	0.84373	0.00212
 34.0	 36.0	0.83667	0.00219
 36.0	 38.0	0.82363	0.00231
 38.0	 40.0	0.80884	0.00243
 40.0	 42.0	0.79299	0.00254
 42.0	 44.0	0.78114	0.00272
 44.0	 46.0	0.76319	0.00285
 46.0	 48.0	0.73803	0.00307
 48.0	 50.0	0.71260	0.00327
 50.0	 52.0	0.68613	0.00354
 52.0	 54.0	0.65955	0.00375
 54.0	 56.0	0.62783	0.00403
 56.0	 58.0	0.59649	0.00438
 58.0	 60.0	0.55710	0.00472
 60.0	 62.0	0.51546	0.00509
 62.0	 64.0	0.48000	0.00565
 64.0	 66.0	0.44762	0.00621
 66.0	 68.0	0.39247	0.00678
 68.0	 70.0	0.35165	0.00757
 70.0	 72.0	0.33107	0.00901
 72.0	 74.0	0.26418	0.00959
 74.0	 76.0	0.23943	0.01095
 76.0	 78.0	0.20136	0.01234
 78.0	 80.0	0.15893	0.01603
 80.0	 82.0	0.10938	0.01637
 82.0	 84.0	0.05920	0.03575
 84.0	 86.0	0.08112	0.02038
 86.0	 88.0	0.06635	0.03868
 88.0	 90.0	0.07527	0.04175
 90.0	 92.0	0.13249	0.05403
 92.0	 94.0	0.08716	0.07217
 94.0	 96.0	0.02681	0.10302
 96.0	 98.0	0.11913	0.23957
 98.0	100.0	0.04694	0.14431
