  0.0	  5.0	0.52037	0.00319
  5.0	 10.0	0.52976	0.00304
 10.0	 15.0	0.52063	0.00304
 15.0	 20.0	0.49730	0.00310
 20.0	 25.0	0.48300	0.00327
 25.0	 30.0	0.45438	0.00342
 30.0	 35.0	0.42286	0.00373
 35.0	 40.0	0.38744	0.00405
 40.0	 45.0	0.34206	0.00453
 45.0	 50.0	0.28816	0.00516
 50.0	 55.0	0.23177	0.00611
 55.0	 60.0	0.18816	0.00830
 60.0	 65.0	0.12728	0.01092
 65.0	 70.0	0.09087	0.01552
 70.0	 75.0	0.06435	0.06609
 75.0	 80.0	0.01438	0.03284
 80.0	 85.0	0.09370	0.65595
 85.0	 90.0	0.29027	4.00745
 90.0	 95.0	0.04794	0.15218
 95.0	100.0	0.06474	0.10617
