  0.0	  1.0	0.51343	0.00762
  1.0	  2.0	0.51303	0.00736
  2.0	  3.0	0.52511	0.00697
  3.0	  4.0	0.52655	0.00692
  4.0	  5.0	0.52381	0.00682
  5.0	  6.0	0.53189	0.00700
  6.0	  7.0	0.52685	0.00652
  7.0	  8.0	0.52638	0.00681
  8.0	  9.0	0.53448	0.00681
  9.0	 10.0	0.52945	0.00690
 10.0	 11.0	0.52674	0.00674
 11.0	 12.0	0.52897	0.00674
 12.0	 13.0	0.50975	0.00678
 13.0	 14.0	0.52814	0.00686
 14.0	 15.0	0.50930	0.00692
 15.0	 16.0	0.49865	0.00680
 16.0	 17.0	0.50483	0.00692
 17.0	 18.0	0.49718	0.00687
 18.0	 19.0	0.49201	0.00697
 19.0	 20.0	0.49377	0.00714
 20.0	 21.0	0.48522	0.00717
 21.0	 22.0	0.48730	0.00732
 22.0	 23.0	0.47697	0.00723
 23.0	 24.0	0.48306	0.00737
 24.0	 25.0	0.48251	0.00743
 25.0	 26.0	0.47204	0.00751
 26.0	 27.0	0.44567	0.00758
 27.0	 28.0	0.45700	0.00764
 28.0	 29.0	0.45396	0.00777
 29.0	 30.0	0.44263	0.00779
 30.0	 31.0	0.43369	0.00824
 31.0	 32.0	0.42895	0.00816
 32.0	 33.0	0.42133	0.00829
 33.0	 34.0	0.42002	0.00853
 34.0	 35.0	0.40984	0.00850
 35.0	 36.0	0.39136	0.00867
 36.0	 37.0	0.39356	0.00854
 37.0	 38.0	0.39383	0.00909
 38.0	 39.0	0.38706	0.00933
 39.0	 40.0	0.37127	0.00983
 40.0	 41.0	0.34487	0.00969
 41.0	 42.0	0.34995	0.00967
 42.0	 43.0	0.35733	0.01039
 43.0	 44.0	0.34235	0.01032
 44.0	 45.0	0.31481	0.01068
 45.0	 46.0	0.32499	0.01097
 46.0	 47.0	0.29956	0.01093
 47.0	 48.0	0.30061	0.01212
 48.0	 49.0	0.26456	0.01207
 49.0	 50.0	0.24648	0.01181
 50.0	 51.0	0.24901	0.01299
 51.0	 52.0	0.24805	0.01342
 52.0	 53.0	0.22910	0.01348
 53.0	 54.0	0.20859	0.01404
 54.0	 55.0	0.22066	0.01469
 55.0	 56.0	0.21572	0.01646
 56.0	 57.0	0.18082	0.01810
 57.0	 58.0	0.18238	0.01736
 58.0	 59.0	0.16999	0.01991
 59.0	 60.0	0.19190	0.02310
 60.0	 61.0	0.12340	0.02168
 61.0	 62.0	0.15351	0.02247
 62.0	 63.0	0.15381	0.02760
 63.0	 64.0	0.11681	0.02688
 64.0	 65.0	0.07593	0.02828
 65.0	 66.0	0.14721	0.05802
 66.0	 67.0	0.17776	0.06710
 67.0	 68.0	0.08164	0.03003
 68.0	 69.0	0.06485	0.03180
 69.0	 70.0	0.02902	0.02616
 70.0	 71.0	0.04786	0.07275
 71.0	 72.0	0.05162	0.05006
 72.0	 73.0	0.06993	0.09189
 73.0	 74.0	0.06982	0.07142
 74.0	 75.0	0.01579	0.08940
 75.0	 76.0	0.00848	0.21664
 76.0	 77.0	0.06652	0.28571
 77.0	 78.0	0.00052	0.04133
 78.0	 79.0	0.11438	0.29023
 79.0	 80.0	0.05691	0.74503
 80.0	 81.0	0.04959	0.09427
 81.0	 82.0	0.03162	0.05375
 82.0	 83.0	0.08343	0.04525
 83.0	 84.0	0.07088	0.08846
 84.0	 85.0	0.12985	0.10039
 85.0	 86.0	0.01453	0.13053
 86.0	 87.0	0.07291	0.12886
 87.0	 88.0	0.05722	0.05574
 88.0	 89.0	0.08469	0.19103
 89.0	 90.0	0.17233	0.47886
 90.0	 91.0	0.11252	0.15643
 91.0	 92.0	0.04073	0.05709
 92.0	 93.0	0.09834	0.16138
 93.0	 94.0	0.06060	0.06321
 94.0	 95.0	0.02392	0.13094
 95.0	 96.0	0.07889	0.25458
 96.0	 97.0	0.12335	0.17019
 97.0	 98.0	0.02841	0.09855
 98.0	 99.0	0.06119	0.61554
 99.0	100.0	0.20604	1.24557
