  0.0	  2.0	0.51328	0.00529
  2.0	  4.0	0.52583	0.00491
  4.0	  6.0	0.52785	0.00489
  6.0	  8.0	0.52657	0.00471
  8.0	 10.0	0.53200	0.00485
 10.0	 12.0	0.52787	0.00477
 12.0	 14.0	0.51892	0.00482
 14.0	 16.0	0.50397	0.00485
 16.0	 18.0	0.50100	0.00488
 18.0	 20.0	0.49288	0.00499
 20.0	 22.0	0.48624	0.00512
 22.0	 24.0	0.47998	0.00516
 24.0	 26.0	0.47730	0.00528
 26.0	 28.0	0.45135	0.00538
 28.0	 30.0	0.44833	0.00550
 30.0	 32.0	0.43138	0.00580
 32.0	 34.0	0.42069	0.00595
 34.0	 36.0	0.40068	0.00607
 36.0	 38.0	0.39361	0.00622
 38.0	 40.0	0.37927	0.00676
 40.0	 42.0	0.34752	0.00684
 42.0	 44.0	0.34989	0.00732
 44.0	 46.0	0.31988	0.00765
 46.0	 48.0	0.29983	0.00812
 48.0	 50.0	0.25551	0.00844
 50.0	 52.0	0.24853	0.00933
 52.0	 54.0	0.21909	0.00972
 54.0	 56.0	0.21813	0.01096
 56.0	 58.0	0.18179	0.01251
 58.0	 60.0	0.18035	0.01509
 60.0	 62.0	0.14023	0.01523
 62.0	 64.0	0.13565	0.01925
 64.0	 66.0	0.10299	0.02546
 66.0	 68.0	0.12028	0.02853
 68.0	 70.0	0.04770	0.02000
 70.0	 72.0	0.05070	0.03871
 72.0	 74.0	0.07278	0.19223
 74.0	 76.0	0.02790	0.10115
 76.0	 78.0	0.01973	0.09061
 78.0	 80.0	0.09919	0.28362
 80.0	 82.0	0.04509	0.04398
 82.0	 84.0	0.02844	0.06403
 84.0	 86.0	0.13297	0.23725
 86.0	 88.0	0.06860	0.15882
 88.0	 90.0	0.29209	2.54975
 90.0	 92.0	0.05490	0.05076
 92.0	 94.0	0.07280	0.06512
 94.0	 96.0	0.00814	0.07433
 96.0	 98.0	0.07881	0.08745
 98.0	100.0	0.13239	0.39541
