  0.0	  2.0	0.50375	0.00591
  2.0	  4.0	0.61214	0.00456
  4.0	  6.0	0.69940	0.00364
  6.0	  8.0	0.76123	0.00308
  8.0	 10.0	0.80105	0.00269
 10.0	 12.0	0.82446	0.00242
 12.0	 14.0	0.84601	0.00223
 14.0	 16.0	0.85617	0.00209
 16.0	 18.0	0.86423	0.00196
 18.0	 20.0	0.87000	0.00195
 20.0	 22.0	0.87106	0.00189
 22.0	 24.0	0.86923	0.00190
 24.0	 26.0	0.86670	0.00191
 26.0	 28.0	0.86434	0.00193
 28.0	 30.0	0.85947	0.00197
 30.0	 32.0	0.85578	0.00202
 32.0	 34.0	0.84400	0.00212
 34.0	 36.0	0.83679	0.00219
 36.0	 38.0	0.82491	0.00231
 38.0	 40.0	0.81293	0.00244
 40.0	 42.0	0.79992	0.00257
 42.0	 44.0	0.78135	0.00272
 44.0	 46.0	0.76262	0.00285
 46.0	 48.0	0.74140	0.00309
 48.0	 50.0	0.72022	0.00330
 50.0	 52.0	0.69144	0.00356
 52.0	 54.0	0.66697	0.00379
 54.0	 56.0	0.63182	0.00406
 56.0	 58.0	0.59476	0.00436
 58.0	 60.0	0.55893	0.00473
 60.0	 62.0	0.52356	0.00517
 62.0	 64.0	0.48573	0.00572
 64.0	 66.0	0.44760	0.00621
 66.0	 68.0	0.39201	0.00677
 68.0	 70.0	0.36278	0.00781
 70.0	 72.0	0.29830	0.00812
 72.0	 74.0	0.28882	0.01048
 74.0	 76.0	0.24075	0.01101
 76.0	 78.0	0.20118	0.01233
 78.0	 80.0	0.14507	0.01463
 80.0	 82.0	0.14385	0.02153
 82.0	 84.0	0.04722	0.02852
 84.0	 86.0	0.11492	0.02888
 86.0	 88.0	0.05249	0.03060
 88.0	 90.0	0.07520	0.04171
 90.0	 92.0	0.07518	0.03066
 92.0	 94.0	0.04917	0.04072
 94.0	 96.0	0.03136	0.12052
 96.0	 98.0	0.11586	0.23299
 98.0	100.0	0.12405	0.38135
