  0.0	  1.0	0.47904	0.00894
  1.0	  2.0	0.52682	0.00785
  2.0	  3.0	0.59225	0.00692
  3.0	  4.0	0.63159	0.00603
  4.0	  5.0	0.67920	0.00537
  5.0	  6.0	0.71906	0.00492
  6.0	  7.0	0.74960	0.00446
  7.0	  8.0	0.77276	0.00423
  8.0	  9.0	0.79189	0.00394
  9.0	 10.0	0.81016	0.00367
 10.0	 11.0	0.81879	0.00354
 11.0	 12.0	0.83008	0.00332
 12.0	 13.0	0.84442	0.00318
 13.0	 14.0	0.84761	0.00311
 14.0	 15.0	0.85332	0.00301
 15.0	 16.0	0.85904	0.00290
 16.0	 17.0	0.86306	0.00283
 17.0	 18.0	0.86538	0.00273
 18.0	 19.0	0.87018	0.00277
 19.0	 20.0	0.86981	0.00273
 20.0	 21.0	0.87291	0.00266
 21.0	 22.0	0.86924	0.00269
 22.0	 23.0	0.86769	0.00271
 23.0	 24.0	0.87078	0.00266
 24.0	 25.0	0.86874	0.00269
 25.0	 26.0	0.86467	0.00271
 26.0	 27.0	0.86588	0.00273
 27.0	 28.0	0.86284	0.00272
 28.0	 29.0	0.85674	0.00276
 29.0	 30.0	0.86225	0.00282
 30.0	 31.0	0.85899	0.00282
 31.0	 32.0	0.85251	0.00291
 32.0	 33.0	0.84548	0.00298
 33.0	 34.0	0.84252	0.00301
 34.0	 35.0	0.83470	0.00311
 35.0	 36.0	0.83889	0.00310
 36.0	 37.0	0.82852	0.00325
 37.0	 38.0	0.82123	0.00329
 38.0	 39.0	0.81693	0.00343
 39.0	 40.0	0.80890	0.00348
 40.0	 41.0	0.80764	0.00358
 41.0	 42.0	0.79217	0.00368
 42.0	 43.0	0.78591	0.00376
 43.0	 44.0	0.77679	0.00392
 44.0	 45.0	0.77505	0.00396
 45.0	 46.0	0.74999	0.00410
 46.0	 47.0	0.74678	0.00429
 47.0	 48.0	0.73601	0.00445
 48.0	 49.0	0.72178	0.00458
 49.0	 50.0	0.71868	0.00476
 50.0	 51.0	0.69956	0.00500
 51.0	 52.0	0.68336	0.00508
 52.0	 53.0	0.67621	0.00530
 53.0	 54.0	0.65758	0.00543
 54.0	 55.0	0.63618	0.00559
 55.0	 56.0	0.62738	0.00590
 56.0	 57.0	0.60389	0.00598
 57.0	 58.0	0.58539	0.00637
 58.0	 59.0	0.56579	0.00658
 59.0	 60.0	0.55197	0.00682
 60.0	 61.0	0.53652	0.00714
 61.0	 62.0	0.51042	0.00749
 62.0	 63.0	0.50176	0.00782
 63.0	 64.0	0.46928	0.00838
 64.0	 65.0	0.45681	0.00854
 65.0	 66.0	0.43825	0.00904
 66.0	 67.0	0.40028	0.00944
 67.0	 68.0	0.38358	0.00972
 68.0	 69.0	0.36938	0.01049
 69.0	 70.0	0.35624	0.01170
 70.0	 71.0	0.30753	0.01100
 71.0	 72.0	0.28826	0.01204
 72.0	 73.0	0.29875	0.01449
 73.0	 74.0	0.27859	0.01517
 74.0	 75.0	0.24431	0.01490
 75.0	 76.0	0.23685	0.01640
 76.0	 77.0	0.18552	0.01605
 77.0	 78.0	0.21900	0.01922
 78.0	 79.0	0.15710	0.01818
 79.0	 80.0	0.12833	0.02550
 80.0	 81.0	0.13783	0.02945
 81.0	 82.0	0.14999	0.03172
 82.0	 83.0	0.03699	0.04133
 83.0	 84.0	0.05856	0.04056
 84.0	 85.0	0.09832	0.04292
 85.0	 86.0	0.12055	0.04671
 86.0	 87.0	0.06682	0.04236
 87.0	 88.0	0.03645	0.04481
 88.0	 89.0	0.07429	0.05973
 89.0	 90.0	0.07600	0.05839
 90.0	 91.0	0.09055	0.04204
 91.0	 92.0	0.05590	0.04812
 92.0	 93.0	0.05168	0.10054
 93.0	 94.0	0.01759	0.21314
 94.0	 95.0	0.01915	0.07772
 95.0	 96.0	0.09748	0.14036
 96.0	 97.0	0.06091	0.08987
 97.0	 98.0	0.02949	0.21343
 98.0	 99.0	0.11781	0.24104
 99.0	100.0	0.17564	0.51804
