  0.0	  5.0	0.58627	0.00306
  5.0	 10.0	0.76934	0.00190
 10.0	 15.0	0.83895	0.00145
 15.0	 20.0	0.86551	0.00125
 20.0	 25.0	0.86986	0.00120
 25.0	 30.0	0.86247	0.00123
 30.0	 35.0	0.84688	0.00133
 35.0	 40.0	0.82299	0.00148
 40.0	 45.0	0.78757	0.00169
 45.0	 50.0	0.73473	0.00198
 50.0	 55.0	0.67088	0.00236
 55.0	 60.0	0.58743	0.00283
 60.0	 65.0	0.49584	0.00350
 65.0	 70.0	0.39051	0.00446
 70.0	 75.0	0.28366	0.00590
 75.0	 80.0	0.18886	0.00816
 80.0	 85.0	0.10097	0.01435
 85.0	 90.0	0.07710	0.02054
 90.0	 95.0	0.05983	0.02229
 95.0	100.0	0.07444	0.08400
