  0.0	  5.0	0.52267	0.00320
  5.0	 10.0	0.52989	0.00304
 10.0	 15.0	0.52395	0.00306
 15.0	 20.0	0.50858	0.00317
 20.0	 25.0	0.48370	0.00327
 25.0	 30.0	0.45727	0.00344
 30.0	 35.0	0.42332	0.00373
 35.0	 40.0	0.38966	0.00407
 40.0	 45.0	0.35186	0.00466
 45.0	 50.0	0.29828	0.00534
 50.0	 55.0	0.24690	0.00651
 55.0	 60.0	0.19586	0.00864
 60.0	 65.0	0.14786	0.01269
 65.0	 70.0	0.09508	0.01624
 70.0	 75.0	0.04326	0.04443
 75.0	 80.0	0.03965	0.09057
 80.0	 85.0	0.00339	0.02373
 85.0	 90.0	0.00569	0.07854
 90.0	 95.0	0.01097	0.03481
 95.0	100.0	0.03931	0.06446
