  0.0	  2.0	0.50778	0.00524
  2.0	  4.0	0.52810	0.00493
  4.0	  6.0	0.53156	0.00492
  6.0	  8.0	0.53892	0.00482
  8.0	 10.0	0.52442	0.00478
 10.0	 12.0	0.53263	0.00481
 12.0	 14.0	0.52275	0.00486
 14.0	 16.0	0.51475	0.00496
 16.0	 18.0	0.50836	0.00495
 18.0	 20.0	0.50259	0.00509
 20.0	 22.0	0.48704	0.00513
 22.0	 24.0	0.48544	0.00522
 24.0	 26.0	0.47282	0.00523
 26.0	 28.0	0.46173	0.00550
 28.0	 30.0	0.44518	0.00546
 30.0	 32.0	0.43006	0.00578
 32.0	 34.0	0.41894	0.00592
 34.0	 36.0	0.41280	0.00625
 36.0	 38.0	0.39949	0.00632
 38.0	 40.0	0.37049	0.00661
 40.0	 42.0	0.36153	0.00712
 42.0	 44.0	0.35402	0.00741
 44.0	 46.0	0.32996	0.00789
 46.0	 48.0	0.30223	0.00818
 48.0	 50.0	0.27445	0.00907
 50.0	 52.0	0.24816	0.00932
 52.0	 54.0	0.24597	0.01091
 54.0	 56.0	0.23650	0.01188
 56.0	 58.0	0.19580	0.01347
 58.0	 60.0	0.18028	0.01508
 60.0	 62.0	0.15962	0.01733
 62.0	 64.0	0.15232	0.02162
 64.0	 66.0	0.09265	0.02291
 66.0	 68.0	0.09392	0.02228
 68.0	 70.0	0.09957	0.04175
 70.0	 72.0	0.09316	0.07112
 72.0	 74.0	0.03395	0.08969
 74.0	 76.0	0.05000	0.18128
 76.0	 78.0	0.14210	0.65259
 78.0	 80.0	0.02625	0.07507
 80.0	 82.0	0.08366	0.08161
 82.0	 84.0	0.02589	0.05827
 84.0	 86.0	0.03644	0.06502
 86.0	 88.0	0.01377	0.03188
 88.0	 90.0	0.01663	0.14520
 90.0	 92.0	0.06891	0.06372
 92.0	 94.0	0.04442	0.03973
 94.0	 96.0	0.14733	1.34497
 96.0	 98.0	0.08631	0.09578
 98.0	100.0	0.19913	0.59474
