  0.0	  1.0	0.51209	0.00760
  1.0	  2.0	0.50363	0.00723
  2.0	  3.0	0.52513	0.00697
  3.0	  4.0	0.53106	0.00698
  4.0	  5.0	0.54075	0.00704
  5.0	  6.0	0.52251	0.00688
  6.0	  7.0	0.54717	0.00678
  7.0	  8.0	0.53052	0.00686
  8.0	  9.0	0.53021	0.00676
  9.0	 10.0	0.51858	0.00676
 10.0	 11.0	0.53667	0.00687
 11.0	 12.0	0.52863	0.00674
 12.0	 13.0	0.52437	0.00697
 13.0	 14.0	0.52117	0.00677
 14.0	 15.0	0.50872	0.00691
 15.0	 16.0	0.52090	0.00711
 16.0	 17.0	0.50525	0.00693
 17.0	 18.0	0.51151	0.00707
 18.0	 19.0	0.51186	0.00726
 19.0	 20.0	0.49335	0.00713
 20.0	 21.0	0.49377	0.00730
 21.0	 22.0	0.48038	0.00722
 22.0	 23.0	0.48619	0.00737
 23.0	 24.0	0.48466	0.00740
 24.0	 25.0	0.47357	0.00730
 25.0	 26.0	0.47211	0.00751
 26.0	 27.0	0.46382	0.00789
 27.0	 28.0	0.45966	0.00768
 28.0	 29.0	0.44454	0.00760
 29.0	 30.0	0.44587	0.00784
 30.0	 31.0	0.42180	0.00801
 31.0	 32.0	0.43863	0.00835
 32.0	 33.0	0.42757	0.00842
 33.0	 34.0	0.41030	0.00833
 34.0	 35.0	0.41852	0.00868
 35.0	 36.0	0.40699	0.00902
 36.0	 37.0	0.40742	0.00884
 37.0	 38.0	0.39127	0.00903
 38.0	 39.0	0.38191	0.00920
 39.0	 40.0	0.35875	0.00950
 40.0	 41.0	0.35268	0.00991
 41.0	 42.0	0.37045	0.01023
 42.0	 43.0	0.35037	0.01019
 43.0	 44.0	0.35794	0.01079
 44.0	 45.0	0.32680	0.01108
 45.0	 46.0	0.33303	0.01124
 46.0	 47.0	0.31121	0.01136
 47.0	 48.0	0.29281	0.01181
 48.0	 49.0	0.27413	0.01251
 49.0	 50.0	0.27472	0.01316
 50.0	 51.0	0.25449	0.01328
 51.0	 52.0	0.24191	0.01308
 52.0	 53.0	0.25693	0.01511
 53.0	 54.0	0.23445	0.01578
 54.0	 55.0	0.24896	0.01657
 55.0	 56.0	0.22338	0.01704
 56.0	 57.0	0.20123	0.02014
 57.0	 58.0	0.19080	0.01816
 58.0	 59.0	0.18692	0.02189
 59.0	 60.0	0.17327	0.02086
 60.0	 61.0	0.13498	0.02371
 61.0	 62.0	0.18268	0.02673
 62.0	 63.0	0.15325	0.02750
 63.0	 64.0	0.15219	0.03502
 64.0	 65.0	0.10509	0.03914
 65.0	 66.0	0.07535	0.02970
 66.0	 67.0	0.07379	0.02785
 67.0	 68.0	0.11649	0.04285
 68.0	 69.0	0.08426	0.04132
 69.0	 70.0	0.13907	0.12539
 70.0	 71.0	0.04921	0.07480
 71.0	 72.0	0.13807	0.13390
 72.0	 73.0	0.03417	0.04491
 73.0	 74.0	0.10473	0.10713
 74.0	 75.0	0.02777	0.15728
 75.0	 76.0	0.37372	9.54615
 76.0	 77.0	0.08512	0.36559
 77.0	 78.0	0.07892	6.27225
 78.0	 79.0	0.04888	0.12403
 79.0	 80.0	0.00543	0.07108
 80.0	 81.0	0.11864	0.22552
 81.0	 82.0	0.05064	0.08609
 82.0	 83.0	0.07361	0.03993
 83.0	 84.0	0.07086	0.08844
 84.0	 85.0	0.06394	0.04944
 85.0	 86.0	0.09168	0.82388
 86.0	 87.0	0.02304	0.04072
 87.0	 88.0	0.06538	0.06369
 88.0	 89.0	0.03628	0.08185
 89.0	 90.0	0.03920	0.10893
 90.0	 91.0	0.08838	0.12287
 91.0	 92.0	0.07020	0.09839
 92.0	 93.0	0.08942	0.14675
 93.0	 94.0	0.05811	0.06061
 94.0	 95.0	0.03156	0.17282
 95.0	 96.0	0.02414	0.07791
 96.0	 97.0	0.06324	0.08726
 97.0	 98.0	0.16131	0.55961
 98.0	 99.0	0.47982	4.82654
 99.0	100.0	0.04483	0.27103
