  0.0	  1.0	0.40698	0.00761
  1.0	  2.0	0.44393	0.00688
  2.0	  3.0	0.50359	0.00607
  3.0	  4.0	0.54489	0.00547
  4.0	  5.0	0.59050	0.00494
  5.0	  6.0	0.62325	0.00453
  6.0	  7.0	0.65129	0.00412
  7.0	  8.0	0.68132	0.00388
  8.0	  9.0	0.69975	0.00368
  9.0	 10.0	0.72051	0.00351
 10.0	 11.0	0.72853	0.00342
 11.0	 12.0	0.73939	0.00322
 12.0	 13.0	0.75509	0.00311
 13.0	 14.0	0.76247	0.00303
 14.0	 15.0	0.77293	0.00296
 15.0	 16.0	0.77988	0.00288
 16.0	 17.0	0.78925	0.00282
 17.0	 18.0	0.79315	0.00275
 18.0	 19.0	0.79846	0.00275
 19.0	 20.0	0.80022	0.00276
 20.0	 21.0	0.80349	0.00269
 21.0	 22.0	0.80401	0.00270
 22.0	 23.0	0.80449	0.00272
 23.0	 24.0	0.80331	0.00270
 24.0	 25.0	0.80701	0.00267
 25.0	 26.0	0.80635	0.00272
 26.0	 27.0	0.80474	0.00274
 27.0	 28.0	0.80294	0.00276
 28.0	 29.0	0.79931	0.00281
 29.0	 30.0	0.80180	0.00283
 30.0	 31.0	0.79672	0.00282
 31.0	 32.0	0.79278	0.00293
 32.0	 33.0	0.78635	0.00297
 33.0	 34.0	0.78901	0.00303
 34.0	 35.0	0.77843	0.00310
 35.0	 36.0	0.77535	0.00308
 36.0	 37.0	0.76709	0.00323
 37.0	 38.0	0.76336	0.00331
 38.0	 39.0	0.75640	0.00339
 39.0	 40.0	0.75043	0.00346
 40.0	 41.0	0.74102	0.00353
 41.0	 42.0	0.73644	0.00368
 42.0	 43.0	0.72675	0.00374
 43.0	 44.0	0.71288	0.00382
 44.0	 45.0	0.70210	0.00386
 45.0	 46.0	0.69527	0.00410
 46.0	 47.0	0.68354	0.00421
 47.0	 48.0	0.67405	0.00433
 48.0	 49.0	0.66597	0.00448
 49.0	 50.0	0.64430	0.00459
 50.0	 51.0	0.63664	0.00478
 51.0	 52.0	0.62420	0.00491
 52.0	 53.0	0.61259	0.00508
 53.0	 54.0	0.59613	0.00527
 54.0	 55.0	0.58447	0.00548
 55.0	 56.0	0.56167	0.00564
 56.0	 57.0	0.55458	0.00581
 57.0	 58.0	0.53325	0.00620
 58.0	 59.0	0.52756	0.00641
 59.0	 60.0	0.50273	0.00665
 60.0	 61.0	0.46416	0.00688
 61.0	 62.0	0.45821	0.00732
 62.0	 63.0	0.42690	0.00741
 63.0	 64.0	0.43854	0.00817
 64.0	 65.0	0.41196	0.00818
 65.0	 66.0	0.37933	0.00862
 66.0	 67.0	0.37242	0.00954
 67.0	 68.0	0.37091	0.01023
 68.0	 69.0	0.34306	0.01062
 69.0	 70.0	0.33172	0.01113
 70.0	 71.0	0.30077	0.01205
 71.0	 72.0	0.28002	0.01279
 72.0	 73.0	0.28255	0.01397
 73.0	 74.0	0.25554	0.01463
 74.0	 75.0	0.23030	0.01661
 75.0	 76.0	0.21327	0.01613
 76.0	 77.0	0.20508	0.02151
 77.0	 78.0	0.21366	0.01943
 78.0	 79.0	0.20095	0.02269
 79.0	 80.0	0.22770	0.04502
 80.0	 81.0	0.16902	0.03858
 81.0	 82.0	0.12955	0.03254
 82.0	 83.0	0.54263	1.07973
 83.0	 84.0	0.23039	0.10731
 84.0	 85.0	0.09053	0.05710
 85.0	 86.0	0.05927	0.08765
 86.0	 87.0	0.41820	2.69103
 87.0	 88.0	0.07872	0.12359
 88.0	 89.0	0.03872	0.30882
 89.0	 90.0	0.08490	0.08544
 90.0	 91.0	0.19257	0.24127
 91.0	 92.0	0.11781	0.16136
 92.0	 93.0	0.03666	0.24825
 93.0	 94.0	0.06618	0.10835
 94.0	 95.0	0.27347	0.30947
 95.0	 96.0	0.05632	0.07716
 96.0	 97.0	0.01825	0.32790
 97.0	 98.0	0.00267	0.23366
 98.0	 99.0	0.19111	0.34110
 99.0	100.0	0.46342	0.32468
