  0.0	  5.0	0.49831	0.00322
  5.0	 10.0	0.51945	0.00317
 10.0	 15.0	0.52220	0.00325
 15.0	 20.0	0.51708	0.00343
 20.0	 25.0	0.49315	0.00359
 25.0	 30.0	0.47595	0.00386
 30.0	 35.0	0.43946	0.00417
 35.0	 40.0	0.41225	0.00461
 40.0	 45.0	0.36849	0.00519
 45.0	 50.0	0.32657	0.00629
 50.0	 55.0	0.26428	0.00772
 55.0	 60.0	0.20208	0.00945
 60.0	 65.0	0.15839	0.01369
 65.0	 70.0	0.11652	0.02097
 70.0	 75.0	0.08449	0.03979
 75.0	 80.0	0.20160	1.42403
 80.0	 85.0	0.01181	0.08593
 85.0	 90.0	0.03292	0.05755
 90.0	 95.0	0.02263	0.05334
 95.0	100.0	0.11447	0.08050
