  0.0	  5.0	0.50334	0.00272
  5.0	 10.0	0.67922	0.00177
 10.0	 15.0	0.75801	0.00140
 15.0	 20.0	0.79701	0.00124
 20.0	 25.0	0.80588	0.00120
 25.0	 30.0	0.80572	0.00123
 30.0	 35.0	0.79170	0.00133
 35.0	 40.0	0.76532	0.00147
 40.0	 45.0	0.72776	0.00166
 45.0	 50.0	0.67431	0.00194
 50.0	 55.0	0.61327	0.00228
 55.0	 60.0	0.53394	0.00273
 60.0	 65.0	0.45046	0.00339
 65.0	 70.0	0.36519	0.00445
 70.0	 75.0	0.27520	0.00616
 75.0	 80.0	0.20888	0.00935
 80.0	 85.0	0.19922	0.02790
 85.0	 90.0	0.15540	0.04386
 90.0	 95.0	0.04711	0.06113
 95.0	100.0	0.05720	0.36473
