  0.0	  1.0	0.46781	0.00731
  1.0	  2.0	0.48451	0.00740
  2.0	  3.0	0.49410	0.00709
  3.0	  4.0	0.49651	0.00705
  4.0	  5.0	0.50390	0.00699
  5.0	  6.0	0.49960	0.00710
  6.0	  7.0	0.50654	0.00688
  7.0	  8.0	0.49869	0.00701
  8.0	  9.0	0.51532	0.00701
  9.0	 10.0	0.52567	0.00725
 10.0	 11.0	0.51914	0.00707
 11.0	 12.0	0.51750	0.00710
 12.0	 13.0	0.50862	0.00731
 13.0	 14.0	0.50813	0.00718
 14.0	 15.0	0.51456	0.00751
 15.0	 16.0	0.49972	0.00747
 16.0	 17.0	0.51406	0.00761
 17.0	 18.0	0.51969	0.00758
 18.0	 19.0	0.49978	0.00765
 19.0	 20.0	0.49292	0.00777
 20.0	 21.0	0.50049	0.00794
 21.0	 22.0	0.50114	0.00802
 22.0	 23.0	0.50048	0.00808
 23.0	 24.0	0.49268	0.00802
 24.0	 25.0	0.47299	0.00805
 25.0	 26.0	0.47194	0.00816
 26.0	 27.0	0.47302	0.00870
 27.0	 28.0	0.46445	0.00848
 28.0	 29.0	0.46819	0.00874
 29.0	 30.0	0.46443	0.00888
 30.0	 31.0	0.46800	0.00935
 31.0	 32.0	0.44463	0.00907
 32.0	 33.0	0.45111	0.00932
 33.0	 34.0	0.42088	0.00944
 34.0	 35.0	0.40698	0.00935
 35.0	 36.0	0.42589	0.01002
 36.0	 37.0	0.42715	0.00996
 37.0	 38.0	0.40077	0.01012
 38.0	 39.0	0.38727	0.01026
 39.0	 40.0	0.40923	0.01123
 40.0	 41.0	0.38721	0.01176
 41.0	 42.0	0.35583	0.01089
 42.0	 43.0	0.35224	0.01116
 43.0	 44.0	0.33530	0.01114
 44.0	 45.0	0.35765	0.01280
 45.0	 46.0	0.31928	0.01188
 46.0	 47.0	0.33559	0.01344
 47.0	 48.0	0.34205	0.01404
 48.0	 49.0	0.32825	0.01586
 49.0	 50.0	0.31706	0.01645
 50.0	 51.0	0.29580	0.01679
 51.0	 52.0	0.27909	0.01694
 52.0	 53.0	0.24142	0.01646
 53.0	 54.0	0.28586	0.01997
 54.0	 55.0	0.20764	0.01627
 55.0	 56.0	0.22882	0.01849
 56.0	 57.0	0.21480	0.02159
 57.0	 58.0	0.23621	0.02331
 58.0	 59.0	0.21042	0.02370
 59.0	 60.0	0.18477	0.02183
 60.0	 61.0	0.22946	0.04065
 61.0	 62.0	0.13069	0.02252
 62.0	 63.0	0.11035	0.02395
 63.0	 64.0	0.07049	0.02869
 64.0	 65.0	0.14405	0.05567
 65.0	 66.0	0.11345	0.04002
 66.0	 67.0	0.00930	0.06715
 67.0	 68.0	0.11671	0.04445
 68.0	 69.0	0.02038	0.04672
 69.0	 70.0	0.02418	0.11353
 70.0	 71.0	0.05628	0.12794
 71.0	 72.0	0.05283	0.04213
 72.0	 73.0	0.03594	0.09475
 73.0	 74.0	0.02178	0.06525
 74.0	 75.0	0.24400	0.83929
 75.0	 76.0	0.04504	0.07208
 76.0	 77.0	0.01751	0.24317
 77.0	 78.0	0.20256	6.58170
 78.0	 79.0	0.02339	0.12053
 79.0	 80.0	0.10553	0.23144
 80.0	 81.0	0.06095	0.05788
 81.0	 82.0	0.13000	1.03608
 82.0	 83.0	0.03901	0.04804
 83.0	 84.0	0.02277	0.13175
 84.0	 85.0	0.00853	0.05630
 85.0	 86.0	0.02274	0.11636
 86.0	 87.0	0.09146	0.14683
 87.0	 88.0	0.05485	0.09364
 88.0	 89.0	0.00439	2.38236
 89.0	 90.0	0.03509	0.40669
 90.0	 91.0	0.01507	0.14597
 91.0	 92.0	0.12806	0.26685
 92.0	 93.0	0.02239	0.06261
 93.0	 94.0	0.02122	0.20590
 94.0	 95.0	0.17062	0.30117
 95.0	 96.0	0.03789	0.22213
 96.0	 97.0	0.20942	0.28383
 97.0	 98.0	0.03273	0.12046
 98.0	 99.0	0.31688	0.59766
 99.0	100.0	0.44857	0.40068
