  0.0	  5.0	0.52537	0.00274
  5.0	 10.0	0.71162	0.00176
 10.0	 15.0	0.79545	0.00137
 15.0	 20.0	0.83049	0.00120
 20.0	 25.0	0.84216	0.00116
 25.0	 30.0	0.83977	0.00120
 30.0	 35.0	0.82701	0.00129
 35.0	 40.0	0.80314	0.00144
 40.0	 45.0	0.76680	0.00165
 45.0	 50.0	0.71867	0.00194
 50.0	 55.0	0.65295	0.00230
 55.0	 60.0	0.57788	0.00278
 60.0	 65.0	0.49004	0.00346
 65.0	 70.0	0.40020	0.00457
 70.0	 75.0	0.30390	0.00632
 75.0	 80.0	0.22036	0.00952
 80.0	 85.0	0.19035	0.02705
 85.0	 90.0	0.10375	0.02763
 90.0	 95.0	0.09177	0.03419
 95.0	100.0	0.17125	0.19326
