  0.0	  2.0	0.51298	0.00529
  2.0	  4.0	0.54899	0.00513
  4.0	  6.0	0.55165	0.00511
  6.0	  8.0	0.56512	0.00506
  8.0	 10.0	0.56617	0.00516
 10.0	 12.0	0.56915	0.00514
 12.0	 14.0	0.56905	0.00529
 14.0	 16.0	0.56978	0.00549
 16.0	 18.0	0.56725	0.00552
 18.0	 20.0	0.55806	0.00565
 20.0	 22.0	0.55097	0.00581
 22.0	 24.0	0.54492	0.00586
 24.0	 26.0	0.53741	0.00595
 26.0	 28.0	0.52859	0.00630
 28.0	 30.0	0.53024	0.00650
 30.0	 32.0	0.50075	0.00673
 32.0	 34.0	0.48755	0.00689
 34.0	 36.0	0.47113	0.00714
 36.0	 38.0	0.46796	0.00740
 38.0	 40.0	0.44127	0.00787
 40.0	 42.0	0.42689	0.00840
 42.0	 44.0	0.39267	0.00822
 44.0	 46.0	0.37920	0.00907
 46.0	 48.0	0.37159	0.01006
 48.0	 50.0	0.36558	0.01208
 50.0	 52.0	0.34154	0.01283
 52.0	 54.0	0.30660	0.01360
 54.0	 56.0	0.25767	0.01295
 56.0	 58.0	0.23487	0.01616
 58.0	 60.0	0.18842	0.01576
 60.0	 62.0	0.19051	0.02069
 62.0	 64.0	0.13667	0.01940
 64.0	 66.0	0.13152	0.03252
 66.0	 68.0	0.11658	0.02765
 68.0	 70.0	0.15599	0.06540
 70.0	 72.0	0.05323	0.04064
 72.0	 74.0	0.02072	0.05472
 74.0	 76.0	0.01912	0.06930
 76.0	 78.0	0.01790	0.08220
 78.0	 80.0	0.02233	0.06385
 80.0	 82.0	0.04557	0.04445
 82.0	 84.0	0.20554	0.46265
 84.0	 86.0	0.02736	0.04882
 86.0	 88.0	0.09836	0.22773
 88.0	 90.0	0.01328	0.11589
 90.0	 92.0	0.06497	0.06008
 92.0	 94.0	0.11924	0.10665
 94.0	 96.0	0.04499	0.41069
 96.0	 98.0	0.14812	0.16437
 98.0	100.0	0.05349	0.15976
