  0.0	  2.0	0.42600	0.00511
  2.0	  4.0	0.52466	0.00407
  4.0	  6.0	0.60709	0.00334
  6.0	  8.0	0.66641	0.00283
  8.0	 10.0	0.71015	0.00254
 10.0	 12.0	0.73398	0.00235
 12.0	 14.0	0.75878	0.00217
 14.0	 16.0	0.77640	0.00206
 16.0	 18.0	0.79122	0.00197
 18.0	 20.0	0.79934	0.00195
 20.0	 22.0	0.80375	0.00190
 22.0	 24.0	0.80390	0.00192
 24.0	 26.0	0.80668	0.00191
 26.0	 28.0	0.80383	0.00194
 28.0	 30.0	0.80056	0.00199
 30.0	 32.0	0.79477	0.00203
 32.0	 34.0	0.78767	0.00212
 34.0	 36.0	0.77689	0.00219
 36.0	 38.0	0.76525	0.00231
 38.0	 40.0	0.75343	0.00242
 40.0	 42.0	0.73872	0.00255
 42.0	 44.0	0.71982	0.00267
 44.0	 46.0	0.69868	0.00281
 46.0	 48.0	0.67880	0.00302
 48.0	 50.0	0.65520	0.00321
 50.0	 52.0	0.63041	0.00343
 52.0	 54.0	0.60443	0.00366
 54.0	 56.0	0.57323	0.00393
 56.0	 58.0	0.54406	0.00424
 58.0	 60.0	0.51531	0.00462
 60.0	 62.0	0.46109	0.00502
 62.0	 64.0	0.43229	0.00549
 64.0	 66.0	0.39589	0.00593
 66.0	 68.0	0.37151	0.00698
 68.0	 70.0	0.33748	0.00768
 70.0	 72.0	0.29161	0.00874
 72.0	 74.0	0.26935	0.01010
 74.0	 76.0	0.22169	0.01157
 76.0	 78.0	0.21330	0.01420
 78.0	 80.0	0.20719	0.02046
 80.0	 82.0	0.14865	0.02472
 82.0	 84.0	0.38905	0.30753
 84.0	 86.0	0.07758	0.04687
 86.0	 88.0	0.13684	0.12960
 88.0	 90.0	0.07222	0.08681
 90.0	 92.0	0.15693	0.14128
 92.0	 94.0	0.05450	0.10235
 94.0	 96.0	0.16894	0.18642
 96.0	 98.0	0.01368	0.25826
 98.0	100.0	0.85044	5.38248
