  0.0	  2.0	0.43869	0.00514
  2.0	  4.0	0.54952	0.00410
  4.0	  6.0	0.64345	0.00335
  6.0	  8.0	0.69882	0.00282
  8.0	 10.0	0.74810	0.00251
 10.0	 12.0	0.77964	0.00229
 12.0	 14.0	0.80242	0.00211
 14.0	 16.0	0.81657	0.00199
 16.0	 18.0	0.82964	0.00188
 18.0	 20.0	0.83624	0.00187
 20.0	 22.0	0.84118	0.00183
 22.0	 24.0	0.84376	0.00185
 24.0	 26.0	0.84090	0.00185
 26.0	 28.0	0.84121	0.00188
 28.0	 30.0	0.83777	0.00192
 30.0	 32.0	0.83308	0.00197
 32.0	 34.0	0.82528	0.00207
 34.0	 36.0	0.81663	0.00214
 36.0	 38.0	0.80673	0.00226
 38.0	 40.0	0.79346	0.00238
 40.0	 42.0	0.78123	0.00251
 42.0	 44.0	0.76083	0.00265
 44.0	 46.0	0.74764	0.00279
 46.0	 48.0	0.72287	0.00301
 48.0	 50.0	0.70036	0.00321
 50.0	 52.0	0.66771	0.00344
 52.0	 54.0	0.64856	0.00369
 54.0	 56.0	0.61969	0.00398
 56.0	 58.0	0.58522	0.00429
 58.0	 60.0	0.55513	0.00470
 60.0	 62.0	0.52237	0.00516
 62.0	 64.0	0.47710	0.00562
 64.0	 66.0	0.43935	0.00609
 66.0	 68.0	0.41720	0.00721
 68.0	 70.0	0.36497	0.00786
 70.0	 72.0	0.33242	0.00905
 72.0	 74.0	0.28284	0.01026
 74.0	 76.0	0.25793	0.01180
 76.0	 78.0	0.23755	0.01455
 78.0	 80.0	0.19895	0.02006
 80.0	 82.0	0.16482	0.02467
 82.0	 84.0	0.27396	0.16544
 84.0	 86.0	0.14572	0.03662
 86.0	 88.0	0.15264	0.08898
 88.0	 90.0	0.08197	0.04546
 90.0	 92.0	0.09083	0.03704
 92.0	 94.0	0.08917	0.07384
 94.0	 96.0	0.39349	1.51214
 96.0	 98.0	0.03632	0.07304
 98.0	100.0	0.53881	1.65645
