  0.0	  2.0	0.48808	0.00523
  2.0	  4.0	0.50149	0.00502
  4.0	  6.0	0.51654	0.00502
  6.0	  8.0	0.51725	0.00494
  8.0	 10.0	0.52083	0.00505
 10.0	 12.0	0.52234	0.00502
 12.0	 14.0	0.52219	0.00517
 14.0	 16.0	0.51657	0.00533
 16.0	 18.0	0.52365	0.00539
 18.0	 20.0	0.51356	0.00551
 20.0	 22.0	0.49919	0.00565
 22.0	 24.0	0.49591	0.00569
 24.0	 26.0	0.47474	0.00574
 26.0	 28.0	0.48404	0.00613
 28.0	 30.0	0.46888	0.00624
 30.0	 32.0	0.45075	0.00650
 32.0	 34.0	0.43936	0.00666
 34.0	 36.0	0.42125	0.00688
 36.0	 38.0	0.41537	0.00709
 38.0	 40.0	0.40184	0.00759
 40.0	 42.0	0.38318	0.00807
 42.0	 44.0	0.36068	0.00799
 44.0	 46.0	0.34817	0.00881
 46.0	 48.0	0.32508	0.00959
 48.0	 50.0	0.32181	0.01139
 50.0	 52.0	0.29139	0.01202
 52.0	 54.0	0.25233	0.01254
 54.0	 56.0	0.22650	0.01239
 56.0	 58.0	0.21507	0.01557
 58.0	 60.0	0.17696	0.01578
 60.0	 62.0	0.17851	0.02006
 62.0	 64.0	0.15181	0.02010
 64.0	 66.0	0.14574	0.03420
 66.0	 68.0	0.09793	0.02673
 68.0	 70.0	0.10946	0.05280
 70.0	 72.0	0.12831	0.05626
 72.0	 74.0	0.06120	0.05946
 74.0	 76.0	0.13274	0.18551
 76.0	 78.0	0.04449	0.04313
 78.0	 80.0	0.02359	0.05545
 80.0	 82.0	0.03220	0.03899
 82.0	 84.0	0.05226	0.09216
 84.0	 86.0	0.00951	0.03687
 86.0	 88.0	0.06807	0.05804
 88.0	 90.0	0.01238	0.09270
 90.0	 92.0	0.06158	0.29270
 92.0	 94.0	0.00578	0.09345
 94.0	 96.0	0.09404	0.15499
 96.0	 98.0	0.18764	0.22133
 98.0	100.0	0.07658	0.18468
