  0.0	  1.0	0.40724	0.00760
  1.0	  2.0	0.46793	0.00697
  2.0	  3.0	0.52178	0.00610
  3.0	  4.0	0.57599	0.00550
  4.0	  5.0	0.62584	0.00495
  5.0	  6.0	0.66060	0.00452
  6.0	  7.0	0.69065	0.00411
  7.0	  8.0	0.70694	0.00387
  8.0	  9.0	0.73484	0.00365
  9.0	 10.0	0.76131	0.00345
 10.0	 11.0	0.77330	0.00334
 11.0	 12.0	0.78590	0.00314
 12.0	 13.0	0.80076	0.00302
 13.0	 14.0	0.80408	0.00295
 14.0	 15.0	0.81258	0.00287
 15.0	 16.0	0.82059	0.00277
 16.0	 17.0	0.82742	0.00271
 17.0	 18.0	0.83182	0.00262
 18.0	 19.0	0.83291	0.00265
 19.0	 20.0	0.83957	0.00264
 20.0	 21.0	0.84225	0.00257
 21.0	 22.0	0.84013	0.00260
 22.0	 23.0	0.84143	0.00263
 23.0	 24.0	0.84611	0.00259
 24.0	 25.0	0.84093	0.00260
 25.0	 26.0	0.84086	0.00264
 26.0	 27.0	0.84157	0.00265
 27.0	 28.0	0.84085	0.00265
 28.0	 29.0	0.83870	0.00270
 29.0	 30.0	0.83682	0.00274
 30.0	 31.0	0.83239	0.00273
 31.0	 32.0	0.83380	0.00284
 32.0	 33.0	0.82428	0.00290
 33.0	 34.0	0.82630	0.00295
 34.0	 35.0	0.81825	0.00304
 35.0	 36.0	0.81501	0.00301
 36.0	 37.0	0.80594	0.00316
 37.0	 38.0	0.80756	0.00323
 38.0	 39.0	0.79332	0.00333
 39.0	 40.0	0.79362	0.00341
 40.0	 41.0	0.78255	0.00347
 41.0	 42.0	0.77996	0.00362
 42.0	 43.0	0.76875	0.00368
 43.0	 44.0	0.75289	0.00380
 44.0	 45.0	0.74947	0.00383
 45.0	 46.0	0.74586	0.00408
 46.0	 47.0	0.73067	0.00419
 47.0	 48.0	0.71504	0.00432
 48.0	 49.0	0.70607	0.00448
 49.0	 50.0	0.69458	0.00460
 50.0	 51.0	0.67167	0.00480
 51.0	 52.0	0.66381	0.00494
 52.0	 53.0	0.65282	0.00512
 53.0	 54.0	0.64429	0.00532
 54.0	 55.0	0.63167	0.00555
 55.0	 56.0	0.60738	0.00571
 56.0	 57.0	0.59273	0.00587
 57.0	 58.0	0.57758	0.00628
 58.0	 59.0	0.55850	0.00649
 59.0	 60.0	0.55181	0.00682
 60.0	 61.0	0.53302	0.00709
 61.0	 62.0	0.51164	0.00751
 62.0	 63.0	0.49050	0.00764
 63.0	 64.0	0.46345	0.00828
 64.0	 65.0	0.44653	0.00835
 65.0	 66.0	0.43214	0.00891
 66.0	 67.0	0.41725	0.00984
 67.0	 68.0	0.41749	0.01058
 68.0	 69.0	0.38774	0.01101
 69.0	 70.0	0.34136	0.01121
 70.0	 71.0	0.35575	0.01273
 71.0	 72.0	0.30792	0.01286
 72.0	 73.0	0.29149	0.01414
 73.0	 74.0	0.27393	0.01492
 74.0	 75.0	0.28413	0.01733
 75.0	 76.0	0.23228	0.01608
 76.0	 77.0	0.24836	0.02148
 77.0	 78.0	0.22600	0.01984
 78.0	 79.0	0.19625	0.02271
 79.0	 80.0	0.20996	0.04172
 80.0	 81.0	0.17626	0.03766
 81.0	 82.0	0.15406	0.03258
 82.0	 83.0	0.30423	0.33992
 83.0	 84.0	0.25156	0.17425
 84.0	 85.0	0.22938	0.10013
 85.0	 86.0	0.08995	0.03485
 86.0	 87.0	0.15447	0.09792
 87.0	 88.0	0.15229	0.18720
 88.0	 89.0	0.08402	0.06755
 89.0	 90.0	0.08001	0.06147
 90.0	 91.0	0.10425	0.04840
 91.0	 92.0	0.07178	0.06179
 92.0	 93.0	0.03434	0.06681
 93.0	 94.0	0.67461	8.17207
 94.0	 95.0	0.19057	0.77337
 95.0	 96.0	0.26794	0.38580
 96.0	 97.0	0.08924	0.13168
 97.0	 98.0	0.05029	0.36394
 98.0	 99.0	0.49294	1.00850
 99.0	100.0	0.66541	1.96263
