  0.0	  2.0	0.47618	0.00520
  2.0	  4.0	0.49532	0.00500
  4.0	  6.0	0.50176	0.00498
  6.0	  8.0	0.50264	0.00491
  8.0	 10.0	0.52041	0.00504
 10.0	 12.0	0.51833	0.00501
 12.0	 14.0	0.50836	0.00512
 14.0	 16.0	0.50718	0.00530
 16.0	 18.0	0.51690	0.00537
 18.0	 20.0	0.49637	0.00545
 20.0	 22.0	0.50081	0.00564
 22.0	 24.0	0.49664	0.00569
 24.0	 26.0	0.47247	0.00573
 26.0	 28.0	0.46870	0.00607
 28.0	 30.0	0.46650	0.00623
 30.0	 32.0	0.45632	0.00651
 32.0	 34.0	0.43621	0.00663
 34.0	 36.0	0.41620	0.00684
 36.0	 38.0	0.41430	0.00710
 38.0	 40.0	0.39782	0.00758
 40.0	 42.0	0.37122	0.00799
 42.0	 44.0	0.34382	0.00788
 44.0	 46.0	0.33833	0.00871
 46.0	 48.0	0.33875	0.00971
 48.0	 50.0	0.32277	0.01142
 50.0	 52.0	0.28747	0.01193
 52.0	 54.0	0.26250	0.01271
 54.0	 56.0	0.21773	0.01222
 56.0	 58.0	0.22535	0.01585
 58.0	 60.0	0.19743	0.01607
 60.0	 62.0	0.17222	0.01991
 62.0	 64.0	0.09307	0.01778
 64.0	 66.0	0.12716	0.03252
 66.0	 68.0	0.06260	0.02340
 68.0	 70.0	0.01588	0.07163
 70.0	 72.0	0.05770	0.04174
 72.0	 74.0	0.03776	0.05378
 74.0	 76.0	0.05011	0.11715
 76.0	 78.0	0.01854	0.29418
 78.0	 80.0	0.05842	0.04528
 80.0	 82.0	0.02353	0.04977
 82.0	 84.0	0.03145	0.08954
 84.0	 86.0	0.00398	0.13452
 86.0	 88.0	0.71794	79.86056
 88.0	 90.0	0.33051	3.83926
 90.0	 92.0	0.05792	0.09276
 92.0	 94.0	0.01740	0.04989
 94.0	 96.0	0.21575	0.74866
 96.0	 98.0	0.14209	0.23242
 98.0	100.0	0.19034	0.33156
