  0.0	  1.0	0.39721	0.00758
  1.0	  2.0	0.45026	0.00690
  2.0	  3.0	0.50308	0.00607
  3.0	  4.0	0.55238	0.00548
  4.0	  5.0	0.58978	0.00494
  5.0	  6.0	0.62512	0.00452
  6.0	  7.0	0.66025	0.00412
  7.0	  8.0	0.67983	0.00390
  8.0	  9.0	0.70344	0.00367
  9.0	 10.0	0.72349	0.00352
 10.0	 11.0	0.73361	0.00342
 11.0	 12.0	0.75536	0.00320
 12.0	 13.0	0.75838	0.00310
 13.0	 14.0	0.76436	0.00303
 14.0	 15.0	0.77766	0.00294
 15.0	 16.0	0.78953	0.00284
 16.0	 17.0	0.79286	0.00281
 17.0	 18.0	0.79536	0.00273
 18.0	 19.0	0.80325	0.00272
 19.0	 20.0	0.80398	0.00274
 20.0	 21.0	0.80407	0.00267
 21.0	 22.0	0.80483	0.00269
 22.0	 23.0	0.80775	0.00271
 23.0	 24.0	0.80567	0.00271
 24.0	 25.0	0.80709	0.00269
 25.0	 26.0	0.81215	0.00271
 26.0	 27.0	0.80658	0.00274
 27.0	 28.0	0.80703	0.00274
 28.0	 29.0	0.80124	0.00280
 29.0	 30.0	0.80151	0.00283
 30.0	 31.0	0.79842	0.00282
 31.0	 32.0	0.80079	0.00291
 32.0	 33.0	0.78877	0.00297
 33.0	 34.0	0.78750	0.00302
 34.0	 35.0	0.78295	0.00310
 35.0	 36.0	0.77712	0.00309
 36.0	 37.0	0.77414	0.00321
 37.0	 38.0	0.76957	0.00328
 38.0	 39.0	0.75336	0.00340
 39.0	 40.0	0.75196	0.00347
 40.0	 41.0	0.74628	0.00352
 41.0	 42.0	0.73319	0.00368
 42.0	 43.0	0.72798	0.00372
 43.0	 44.0	0.71577	0.00383
 44.0	 45.0	0.71523	0.00386
 45.0	 46.0	0.69430	0.00410
 46.0	 47.0	0.69019	0.00421
 47.0	 48.0	0.67100	0.00431
 48.0	 49.0	0.66343	0.00448
 49.0	 50.0	0.65163	0.00459
 50.0	 51.0	0.63417	0.00479
 51.0	 52.0	0.62963	0.00493
 52.0	 53.0	0.60342	0.00507
 53.0	 54.0	0.60102	0.00529
 54.0	 55.0	0.59738	0.00551
 55.0	 56.0	0.56554	0.00563
 56.0	 57.0	0.54635	0.00579
 57.0	 58.0	0.53455	0.00619
 58.0	 59.0	0.51840	0.00639
 59.0	 60.0	0.50305	0.00666
 60.0	 61.0	0.48026	0.00692
 61.0	 62.0	0.46363	0.00734
 62.0	 63.0	0.44948	0.00750
 63.0	 64.0	0.43952	0.00816
 64.0	 65.0	0.41648	0.00822
 65.0	 66.0	0.39729	0.00872
 66.0	 67.0	0.38133	0.00958
 67.0	 68.0	0.37782	0.01029
 68.0	 69.0	0.33479	0.01058
 69.0	 70.0	0.33025	0.01113
 70.0	 71.0	0.31238	0.01222
 71.0	 72.0	0.28610	0.01261
 72.0	 73.0	0.27679	0.01395
 73.0	 74.0	0.25474	0.01467
 74.0	 75.0	0.23953	0.01667
 75.0	 76.0	0.22139	0.01579
 76.0	 77.0	0.21459	0.02109
 77.0	 78.0	0.18920	0.01874
 78.0	 79.0	0.21702	0.02257
 79.0	 80.0	0.22909	0.04467
 80.0	 81.0	0.19790	0.03977
 81.0	 82.0	0.16598	0.03202
 82.0	 83.0	0.48063	0.78881
 83.0	 84.0	0.25610	0.13500
 84.0	 85.0	0.11767	0.05715
 85.0	 86.0	0.08826	0.04385
 86.0	 87.0	0.50792	1.29050
 87.0	 88.0	0.12591	0.14026
 88.0	 89.0	0.23919	0.20731
 89.0	 90.0	0.05402	0.15705
 90.0	 91.0	0.05420	0.04462
 91.0	 92.0	0.01919	1.03378
 92.0	 93.0	0.05471	0.03447
 93.0	 94.0	0.17824	0.14552
 94.0	 95.0	0.10974	0.19319
 95.0	 96.0	0.19087	0.24718
 96.0	 97.0	0.14831	0.08178
 97.0	 98.0	0.09181	0.11203
 98.0	 99.0	0.23884	0.54368
 99.0	100.0	0.19393	8.05410
