  0.0	  1.0	0.49963	0.00741
  1.0	  2.0	0.52625	0.00755
  2.0	  3.0	0.54771	0.00727
  3.0	  4.0	0.55026	0.00723
  4.0	  5.0	0.54865	0.00714
  5.0	  6.0	0.55460	0.00730
  6.0	  7.0	0.57139	0.00708
  7.0	  8.0	0.55871	0.00722
  8.0	  9.0	0.56245	0.00717
  9.0	 10.0	0.57001	0.00743
 10.0	 11.0	0.56542	0.00723
 11.0	 12.0	0.57288	0.00730
 12.0	 13.0	0.56756	0.00755
 13.0	 14.0	0.57050	0.00741
 14.0	 15.0	0.56984	0.00774
 15.0	 16.0	0.56964	0.00777
 16.0	 17.0	0.57303	0.00786
 17.0	 18.0	0.56153	0.00776
 18.0	 19.0	0.55836	0.00791
 19.0	 20.0	0.55774	0.00806
 20.0	 21.0	0.55363	0.00818
 21.0	 22.0	0.54831	0.00824
 22.0	 23.0	0.54888	0.00832
 23.0	 24.0	0.54092	0.00826
 24.0	 25.0	0.54360	0.00837
 25.0	 26.0	0.53116	0.00845
 26.0	 27.0	0.53141	0.00904
 27.0	 28.0	0.52582	0.00879
 28.0	 29.0	0.53423	0.00914
 29.0	 30.0	0.52618	0.00926
 30.0	 31.0	0.50600	0.00961
 31.0	 32.0	0.49545	0.00943
 32.0	 33.0	0.48599	0.00957
 33.0	 34.0	0.48918	0.00993
 34.0	 35.0	0.47622	0.00987
 35.0	 36.0	0.46599	0.01033
 36.0	 37.0	0.47670	0.01034
 37.0	 38.0	0.45888	0.01059
 38.0	 39.0	0.44828	0.01080
 39.0	 40.0	0.43417	0.01149
 40.0	 41.0	0.43764	0.01230
 41.0	 42.0	0.41658	0.01151
 42.0	 43.0	0.40031	0.01164
 43.0	 44.0	0.38491	0.01161
 44.0	 45.0	0.38886	0.01319
 45.0	 46.0	0.36979	0.01248
 46.0	 47.0	0.39029	0.01424
 47.0	 48.0	0.35243	0.01421
 48.0	 49.0	0.36384	0.01660
 49.0	 50.0	0.36737	0.01760
 50.0	 51.0	0.34180	0.01784
 51.0	 52.0	0.34128	0.01846
 52.0	 53.0	0.30633	0.01802
 53.0	 54.0	0.30759	0.02070
 54.0	 55.0	0.26554	0.01768
 55.0	 56.0	0.24931	0.01902
 56.0	 57.0	0.21785	0.02180
 57.0	 58.0	0.25240	0.02402
 58.0	 59.0	0.19683	0.02305
 59.0	 60.0	0.17978	0.02164
 60.0	 61.0	0.23427	0.04115
 61.0	 62.0	0.15991	0.02340
 62.0	 63.0	0.14221	0.02552
 63.0	 64.0	0.13042	0.03001
 64.0	 65.0	0.15917	0.05928
 65.0	 66.0	0.10184	0.04014
 66.0	 67.0	0.10168	0.03838
 67.0	 68.0	0.12303	0.04525
 68.0	 69.0	0.17783	0.08722
 69.0	 70.0	0.11561	0.10424
 70.0	 71.0	0.05691	0.08651
 71.0	 72.0	0.05179	0.05022
 72.0	 73.0	0.08401	0.11040
 73.0	 74.0	0.04071	0.04164
 74.0	 75.0	0.07447	0.42171
 75.0	 76.0	0.01039	0.26535
 76.0	 77.0	0.01005	0.04318
 77.0	 78.0	0.07510	5.96828
 78.0	 79.0	0.02000	0.05074
 79.0	 80.0	0.03768	0.49324
 80.0	 81.0	0.02623	0.04987
 81.0	 82.0	0.08951	0.15216
 82.0	 83.0	0.10377	0.05629
 83.0	 84.0	0.04022	0.05020
 84.0	 85.0	0.05768	0.04459
 85.0	 86.0	0.01895	0.17032
 86.0	 87.0	0.11584	0.20473
 87.0	 88.0	0.08629	0.08405
 88.0	 89.0	0.03854	0.08693
 89.0	 90.0	0.02629	0.07305
 90.0	 91.0	0.03050	0.04241
 91.0	 92.0	0.09112	0.12770
 92.0	 93.0	0.03004	0.04930
 93.0	 94.0	0.25808	0.26918
 94.0	 95.0	0.28269	1.54785
 95.0	 96.0	0.12386	0.39972
 96.0	 97.0	0.12177	0.16801
 97.0	 98.0	0.14925	0.51776
 98.0	 99.0	0.03071	0.30895
 99.0	100.0	0.28269	1.70892
