  0.0	  1.0	0.47564	0.00733
  1.0	  2.0	0.50045	0.00745
  2.0	  3.0	0.50468	0.00714
  3.0	  4.0	0.49829	0.00706
  4.0	  5.0	0.51196	0.00702
  5.0	  6.0	0.52118	0.00718
  6.0	  7.0	0.51674	0.00691
  7.0	  8.0	0.51780	0.00707
  8.0	  9.0	0.51497	0.00702
  9.0	 10.0	0.52686	0.00726
 10.0	 11.0	0.52749	0.00710
 11.0	 12.0	0.51716	0.00711
 12.0	 13.0	0.52913	0.00740
 13.0	 14.0	0.51527	0.00722
 14.0	 15.0	0.52223	0.00754
 15.0	 16.0	0.51086	0.00753
 16.0	 17.0	0.52515	0.00766
 17.0	 18.0	0.52216	0.00760
 18.0	 19.0	0.51338	0.00771
 19.0	 20.0	0.51376	0.00787
 20.0	 21.0	0.49408	0.00792
 21.0	 22.0	0.50430	0.00805
 22.0	 23.0	0.49292	0.00805
 23.0	 24.0	0.49881	0.00805
 24.0	 25.0	0.47532	0.00807
 25.0	 26.0	0.47417	0.00817
 26.0	 27.0	0.49128	0.00882
 27.0	 28.0	0.47670	0.00853
 28.0	 29.0	0.47148	0.00877
 29.0	 30.0	0.46624	0.00889
 30.0	 31.0	0.46576	0.00933
 31.0	 32.0	0.43566	0.00905
 32.0	 33.0	0.44652	0.00931
 33.0	 34.0	0.43202	0.00953
 34.0	 35.0	0.41651	0.00946
 35.0	 36.0	0.42625	0.01003
 36.0	 37.0	0.43007	0.00998
 37.0	 38.0	0.40000	0.01009
 38.0	 39.0	0.39049	0.01028
 39.0	 40.0	0.41373	0.01127
 40.0	 41.0	0.40683	0.01194
 41.0	 42.0	0.36045	0.01093
 42.0	 43.0	0.37841	0.01141
 43.0	 44.0	0.34287	0.01120
 44.0	 45.0	0.35457	0.01273
 45.0	 46.0	0.34179	0.01222
 46.0	 47.0	0.33035	0.01339
 47.0	 48.0	0.31973	0.01373
 48.0	 49.0	0.32144	0.01572
 49.0	 50.0	0.32214	0.01655
 50.0	 51.0	0.29032	0.01677
 51.0	 52.0	0.29234	0.01724
 52.0	 53.0	0.23784	0.01646
 53.0	 54.0	0.26813	0.01940
 54.0	 55.0	0.23102	0.01689
 55.0	 56.0	0.22161	0.01824
 56.0	 57.0	0.22568	0.02209
 57.0	 58.0	0.20240	0.02210
 58.0	 59.0	0.17698	0.02272
 59.0	 60.0	0.17696	0.02193
 60.0	 61.0	0.25410	0.04327
 61.0	 62.0	0.12355	0.02179
 62.0	 63.0	0.11888	0.02535
 63.0	 64.0	0.18765	0.03431
 64.0	 65.0	0.12733	0.05186
 65.0	 66.0	0.16180	0.04552
 66.0	 67.0	0.10906	0.03633
 67.0	 68.0	0.08507	0.03950
 68.0	 69.0	0.06429	0.07464
 69.0	 70.0	0.14979	0.10130
 70.0	 71.0	0.22742	0.23569
 71.0	 72.0	0.07811	0.05234
 72.0	 73.0	0.10447	0.14307
 73.0	 74.0	0.01710	0.05752
 74.0	 75.0	0.74564	57.84644
 75.0	 76.0	0.08363	0.12295
 76.0	 77.0	0.03114	0.08296
 77.0	 78.0	0.09954	0.38658
 78.0	 79.0	0.01802	0.09977
 79.0	 80.0	0.07708	0.25229
 80.0	 81.0	0.03276	0.04980
 81.0	 82.0	0.02713	0.08198
 82.0	 83.0	0.01565	0.12307
 83.0	 84.0	0.08746	0.13658
 84.0	 85.0	0.00711	0.06621
 85.0	 86.0	0.03662	0.07663
 86.0	 87.0	0.05298	0.04660
 87.0	 88.0	0.08327	0.19862
 88.0	 89.0	0.06983	0.08684
 89.0	 90.0	0.01324	0.06469
 90.0	 91.0	0.08610	0.15864
 91.0	 92.0	0.02663	0.25879
 92.0	 93.0	0.10916	0.20212
 93.0	 94.0	0.06554	0.08416
 94.0	 95.0	0.02835	0.26831
 95.0	 96.0	0.03678	0.10248
 96.0	 97.0	0.21966	0.54025
 97.0	 98.0	0.07762	0.20617
 98.0	 99.0	0.05499	0.25100
 99.0	100.0	0.20330	0.47728
