  0.0	  5.0	0.50244	0.00272
  5.0	 10.0	0.67602	0.00177
 10.0	 15.0	0.75184	0.00141
 15.0	 20.0	0.79223	0.00125
 20.0	 25.0	0.80447	0.00121
 25.0	 30.0	0.80303	0.00124
 30.0	 35.0	0.78868	0.00133
 35.0	 40.0	0.76260	0.00147
 40.0	 45.0	0.72392	0.00167
 45.0	 50.0	0.67284	0.00194
 50.0	 55.0	0.61108	0.00228
 55.0	 60.0	0.53631	0.00274
 60.0	 65.0	0.44022	0.00338
 65.0	 70.0	0.35975	0.00443
 70.0	 75.0	0.27152	0.00614
 75.0	 80.0	0.20838	0.00947
 80.0	 85.0	0.17463	0.02542
 85.0	 90.0	0.08691	0.05237
 90.0	 95.0	0.07795	0.09992
 95.0	100.0	0.03243	0.31138
