  0.0	  5.0	0.48951	0.00321
  5.0	 10.0	0.50910	0.00315
 10.0	 15.0	0.51356	0.00323
 15.0	 20.0	0.50534	0.00341
 20.0	 25.0	0.49363	0.00359
 25.0	 30.0	0.46845	0.00384
 30.0	 35.0	0.43863	0.00416
 35.0	 40.0	0.41017	0.00460
 40.0	 45.0	0.35733	0.00514
 45.0	 50.0	0.32748	0.00629
 50.0	 55.0	0.26200	0.00768
 55.0	 60.0	0.21504	0.00963
 60.0	 65.0	0.13311	0.01296
 65.0	 70.0	0.06299	0.01734
 70.0	 75.0	0.05871	0.03564
 75.0	 80.0	0.07903	0.07055
 80.0	 85.0	0.02973	0.32221
 85.0	 90.0	0.01078	0.06758
 90.0	 95.0	0.03016	0.05392
 95.0	100.0	0.12462	0.13763
