  0.0	  2.0	0.42471	0.00511
  2.0	  4.0	0.52828	0.00408
  4.0	  6.0	0.60770	0.00334
  6.0	  8.0	0.67009	0.00284
  8.0	 10.0	0.71348	0.00254
 10.0	 12.0	0.74457	0.00234
 12.0	 14.0	0.76137	0.00217
 14.0	 16.0	0.78359	0.00205
 16.0	 18.0	0.79412	0.00196
 18.0	 20.0	0.80361	0.00193
 20.0	 22.0	0.80445	0.00190
 22.0	 24.0	0.80671	0.00191
 24.0	 26.0	0.80962	0.00191
 26.0	 28.0	0.80681	0.00194
 28.0	 30.0	0.80138	0.00199
 30.0	 32.0	0.79959	0.00203
 32.0	 34.0	0.78814	0.00212
 34.0	 36.0	0.78003	0.00219
 36.0	 38.0	0.77188	0.00230
 38.0	 40.0	0.75266	0.00243
 40.0	 42.0	0.73975	0.00254
 42.0	 44.0	0.72189	0.00267
 44.0	 46.0	0.70487	0.00282
 46.0	 48.0	0.68062	0.00301
 48.0	 50.0	0.65758	0.00321
 50.0	 52.0	0.63187	0.00343
 52.0	 54.0	0.60219	0.00366
 54.0	 56.0	0.58169	0.00394
 56.0	 58.0	0.54047	0.00423
 58.0	 60.0	0.51078	0.00461
 60.0	 62.0	0.47199	0.00504
 62.0	 64.0	0.44448	0.00553
 64.0	 66.0	0.40696	0.00598
 66.0	 68.0	0.37944	0.00701
 68.0	 70.0	0.33256	0.00767
 70.0	 72.0	0.29953	0.00878
 72.0	 74.0	0.26596	0.01011
 74.0	 76.0	0.23067	0.01146
 76.0	 78.0	0.20151	0.01402
 78.0	 80.0	0.21704	0.02046
 80.0	 82.0	0.18114	0.02498
 82.0	 84.0	0.45396	0.47197
 84.0	 86.0	0.10076	0.03303
 86.0	 88.0	0.36391	0.54844
 88.0	 90.0	0.15523	0.09600
 90.0	 92.0	0.09198	0.09483
 92.0	 94.0	0.05857	0.05015
 94.0	 96.0	0.68921	13.47520
 96.0	 98.0	0.12070	0.11924
 98.0	100.0	0.28296	0.67115
