  0.0	  5.0	0.53476	0.00327
  5.0	 10.0	0.56348	0.00324
 10.0	 15.0	0.56918	0.00333
 15.0	 20.0	0.56410	0.00352
 20.0	 25.0	0.54709	0.00370
 25.0	 30.0	0.52968	0.00399
 30.0	 35.0	0.49065	0.00433
 35.0	 40.0	0.45711	0.00478
 40.0	 45.0	0.40566	0.00537
 45.0	 50.0	0.36774	0.00658
 50.0	 55.0	0.31302	0.00826
 55.0	 60.0	0.22003	0.00971
 60.0	 65.0	0.16136	0.01385
 65.0	 70.0	0.12751	0.02178
 70.0	 75.0	0.02980	0.03061
 75.0	 80.0	0.05104	0.11660
 80.0	 85.0	0.04879	0.34153
 85.0	 90.0	0.01460	0.20161
 90.0	 95.0	0.08769	0.27833
 95.0	100.0	0.16090	0.26386
