  0.0	  1.0	0.61014	0.00585
  1.0	  2.0	0.66402	0.00518
  2.0	  3.0	0.70894	0.00438
  3.0	  4.0	0.76545	0.00391
  4.0	  5.0	0.79970	0.00347
  5.0	  6.0	0.82352	0.00313
  6.0	  7.0	0.84699	0.00286
  7.0	  8.0	0.86794	0.00263
  8.0	  9.0	0.88259	0.00245
  9.0	 10.0	0.89261	0.00230
 10.0	 11.0	0.90051	0.00218
 11.0	 12.0	0.90567	0.00206
 12.0	 13.0	0.91257	0.00198
 13.0	 14.0	0.91770	0.00193
 14.0	 15.0	0.92060	0.00185
 15.0	 16.0	0.92259	0.00179
 16.0	 17.0	0.92858	0.00175
 17.0	 18.0	0.92873	0.00172
 18.0	 19.0	0.93148	0.00171
 19.0	 20.0	0.93292	0.00167
 20.0	 21.0	0.93350	0.00165
 21.0	 22.0	0.93282	0.00164
 22.0	 23.0	0.93388	0.00163
 23.0	 24.0	0.93296	0.00163
 24.0	 25.0	0.93511	0.00163
 25.0	 26.0	0.93130	0.00163
 26.0	 27.0	0.93204	0.00164
 27.0	 28.0	0.92966	0.00165
 28.0	 29.0	0.92827	0.00168
 29.0	 30.0	0.92725	0.00168
 30.0	 31.0	0.92457	0.00170
 31.0	 32.0	0.92313	0.00175
 32.0	 33.0	0.91893	0.00176
 33.0	 34.0	0.92026	0.00180
 34.0	 35.0	0.91672	0.00184
 35.0	 36.0	0.91364	0.00189
 36.0	 37.0	0.90955	0.00192
 37.0	 38.0	0.90512	0.00198
 38.0	 39.0	0.90359	0.00204
 39.0	 40.0	0.89564	0.00209
 40.0	 41.0	0.89113	0.00212
 41.0	 42.0	0.88672	0.00225
 42.0	 43.0	0.87869	0.00226
 43.0	 44.0	0.87513	0.00236
 44.0	 45.0	0.86525	0.00245
 45.0	 46.0	0.86086	0.00255
 46.0	 47.0	0.85269	0.00261
 47.0	 48.0	0.84573	0.00271
 48.0	 49.0	0.83806	0.00283
 49.0	 50.0	0.83086	0.00293
 50.0	 51.0	0.81580	0.00305
 51.0	 52.0	0.80943	0.00316
 52.0	 53.0	0.79223	0.00330
 53.0	 54.0	0.78610	0.00346
 54.0	 55.0	0.77112	0.00358
 55.0	 56.0	0.75765	0.00374
 56.0	 57.0	0.74469	0.00391
 57.0	 58.0	0.73204	0.00415
 58.0	 59.0	0.71374	0.00428
 59.0	 60.0	0.69960	0.00455
 60.0	 61.0	0.67417	0.00473
 61.0	 62.0	0.65796	0.00496
 62.0	 63.0	0.64140	0.00530
 63.0	 64.0	0.62380	0.00557
 64.0	 65.0	0.60488	0.00599
 65.0	 66.0	0.58453	0.00622
 66.0	 67.0	0.56522	0.00681
 67.0	 68.0	0.52862	0.00688
 68.0	 69.0	0.50780	0.00728
 69.0	 70.0	0.49671	0.00820
 70.0	 71.0	0.45677	0.00824
 71.0	 72.0	0.44207	0.00913
 72.0	 73.0	0.41891	0.00985
 73.0	 74.0	0.40114	0.01103
 74.0	 75.0	0.36034	0.01125
 75.0	 76.0	0.35133	0.01198
 76.0	 77.0	0.33581	0.01358
 77.0	 78.0	0.31654	0.01634
 78.0	 79.0	0.28694	0.01542
 79.0	 80.0	0.27275	0.01749
 80.0	 81.0	0.23290	0.01750
 81.0	 82.0	0.22520	0.01837
 82.0	 83.0	0.25132	0.03226
 83.0	 84.0	0.18948	0.02584
 84.0	 85.0	0.16162	0.02219
 85.0	 86.0	0.19346	0.03328
 86.0	 87.0	0.11408	0.01924
 87.0	 88.0	0.11276	0.03108
 88.0	 89.0	0.12806	0.03194
 89.0	 90.0	0.11459	0.06253
 90.0	 91.0	0.06441	0.27003
 91.0	 92.0	0.12262	0.05456
 92.0	 93.0	0.08128	0.06399
 93.0	 94.0	0.08656	0.05255
 94.0	 95.0	0.08200	0.05962
 95.0	 96.0	0.01077	0.68511
 96.0	 97.0	0.25830	0.44532
 97.0	 98.0	0.02090	0.25371
 98.0	 99.0	0.12266	0.48045
 99.0	100.0	0.79573	1.28195
