  0.0	  5.0	0.71220	0.00197
  5.0	 10.0	0.86295	0.00119
 10.0	 15.0	0.91139	0.00089
 15.0	 20.0	0.92886	0.00077
 20.0	 25.0	0.93365	0.00073
 25.0	 30.0	0.92971	0.00074
 30.0	 35.0	0.92072	0.00079
 35.0	 40.0	0.90552	0.00089
 40.0	 45.0	0.87939	0.00102
 45.0	 50.0	0.84562	0.00122
 50.0	 55.0	0.79499	0.00148
 55.0	 60.0	0.72968	0.00184
 60.0	 65.0	0.64080	0.00236
 65.0	 70.0	0.53744	0.00313
 70.0	 75.0	0.41699	0.00434
 75.0	 80.0	0.31434	0.00652
 80.0	 85.0	0.21471	0.00977
 85.0	 90.0	0.13816	0.01317
 90.0	 95.0	0.11302	0.03199
 95.0	100.0	0.05628	0.13303
