  0.0	  2.0	0.63755	0.00388
  2.0	  4.0	0.73791	0.00292
  4.0	  6.0	0.81159	0.00233
  6.0	  8.0	0.85747	0.00194
  8.0	 10.0	0.88758	0.00168
 10.0	 12.0	0.90308	0.00150
 12.0	 14.0	0.91513	0.00138
 14.0	 16.0	0.92158	0.00129
 16.0	 18.0	0.92865	0.00122
 18.0	 20.0	0.93220	0.00119
 20.0	 22.0	0.93316	0.00116
 22.0	 24.0	0.93342	0.00115
 24.0	 26.0	0.93320	0.00115
 26.0	 28.0	0.93085	0.00116
 28.0	 30.0	0.92776	0.00119
 30.0	 32.0	0.92385	0.00122
 32.0	 34.0	0.91959	0.00126
 34.0	 36.0	0.91518	0.00132
 36.0	 38.0	0.90735	0.00138
 38.0	 40.0	0.89962	0.00146
 40.0	 42.0	0.88892	0.00154
 42.0	 44.0	0.87689	0.00163
 44.0	 46.0	0.86304	0.00177
 46.0	 48.0	0.84920	0.00188
 48.0	 50.0	0.83448	0.00204
 50.0	 52.0	0.81260	0.00219
 52.0	 54.0	0.78914	0.00239
 54.0	 56.0	0.76444	0.00259
 56.0	 58.0	0.73838	0.00285
 58.0	 60.0	0.70666	0.00312
 60.0	 62.0	0.66611	0.00342
 62.0	 64.0	0.63262	0.00384
 64.0	 66.0	0.59479	0.00432
 66.0	 68.0	0.54713	0.00484
 68.0	 70.0	0.50202	0.00545
 70.0	 72.0	0.44953	0.00612
 72.0	 74.0	0.41004	0.00735
 74.0	 76.0	0.35577	0.00820
 76.0	 78.0	0.32629	0.01046
 78.0	 80.0	0.27986	0.01157
 80.0	 82.0	0.22917	0.01267
 82.0	 84.0	0.22272	0.02049
 84.0	 86.0	0.17506	0.01866
 86.0	 88.0	0.11281	0.01637
 88.0	 90.0	0.13081	0.02759
 90.0	 92.0	0.15676	0.09779
 92.0	 94.0	0.08701	0.03987
 94.0	 96.0	0.07377	0.05225
 96.0	 98.0	0.17407	0.28868
 98.0	100.0	0.27605	0.27932
