  0.0	  1.0	0.64859	0.00483
  1.0	  2.0	0.65413	0.00468
  2.0	  3.0	0.66329	0.00453
  3.0	  4.0	0.66988	0.00445
  4.0	  5.0	0.67767	0.00447
  5.0	  6.0	0.68223	0.00445
  6.0	  7.0	0.67982	0.00438
  7.0	  8.0	0.67923	0.00433
  8.0	  9.0	0.68233	0.00437
  9.0	 10.0	0.68234	0.00439
 10.0	 11.0	0.67791	0.00437
 11.0	 12.0	0.68082	0.00443
 12.0	 13.0	0.67486	0.00437
 13.0	 14.0	0.67281	0.00438
 14.0	 15.0	0.67029	0.00438
 15.0	 16.0	0.66296	0.00441
 16.0	 17.0	0.66957	0.00450
 17.0	 18.0	0.66072	0.00449
 18.0	 19.0	0.66162	0.00462
 19.0	 20.0	0.64837	0.00449
 20.0	 21.0	0.64836	0.00457
 21.0	 22.0	0.64085	0.00460
 22.0	 23.0	0.63937	0.00466
 23.0	 24.0	0.63355	0.00471
 24.0	 25.0	0.62740	0.00475
 25.0	 26.0	0.61917	0.00478
 26.0	 27.0	0.61428	0.00481
 27.0	 28.0	0.60483	0.00482
 28.0	 29.0	0.60461	0.00500
 29.0	 30.0	0.60215	0.00506
 30.0	 31.0	0.58813	0.00510
 31.0	 32.0	0.58828	0.00521
 32.0	 33.0	0.57080	0.00524
 33.0	 34.0	0.56128	0.00526
 34.0	 35.0	0.55967	0.00543
 35.0	 36.0	0.54901	0.00552
 36.0	 37.0	0.53960	0.00564
 37.0	 38.0	0.53113	0.00574
 38.0	 39.0	0.51728	0.00575
 39.0	 40.0	0.50534	0.00594
 40.0	 41.0	0.49922	0.00614
 41.0	 42.0	0.48793	0.00621
 42.0	 43.0	0.48407	0.00655
 43.0	 44.0	0.46853	0.00666
 44.0	 45.0	0.44800	0.00662
 45.0	 46.0	0.44224	0.00699
 46.0	 47.0	0.44148	0.00760
 47.0	 48.0	0.41356	0.00745
 48.0	 49.0	0.40881	0.00805
 49.0	 50.0	0.39234	0.00811
 50.0	 51.0	0.37319	0.00830
 51.0	 52.0	0.35397	0.00836
 52.0	 53.0	0.34298	0.00908
 53.0	 54.0	0.32719	0.00963
 54.0	 55.0	0.32703	0.01040
 55.0	 56.0	0.30589	0.01050
 56.0	 57.0	0.27993	0.01053
 57.0	 58.0	0.27168	0.01193
 58.0	 59.0	0.22630	0.01085
 59.0	 60.0	0.26786	0.01513
 60.0	 61.0	0.24602	0.01409
 61.0	 62.0	0.21948	0.01394
 62.0	 63.0	0.19416	0.01571
 63.0	 64.0	0.16567	0.01342
 64.0	 65.0	0.15659	0.01612
 65.0	 66.0	0.17582	0.02224
 66.0	 67.0	0.12101	0.01544
 67.0	 68.0	0.15380	0.02775
 68.0	 69.0	0.09034	0.02344
 69.0	 70.0	0.11349	0.02310
 70.0	 71.0	0.08679	0.02281
 71.0	 72.0	0.09599	0.04001
 72.0	 73.0	0.04543	0.02956
 73.0	 74.0	0.04874	0.02627
 74.0	 75.0	0.09380	0.10025
 75.0	 76.0	0.03679	0.17787
 76.0	 77.0	0.08337	0.12313
 77.0	 78.0	0.01972	0.04706
 78.0	 79.0	0.01869	0.03264
 79.0	 80.0	0.10308	0.12032
 80.0	 81.0	0.00806	0.07282
 81.0	 82.0	0.02817	0.03753
 82.0	 83.0	0.01421	0.03920
 83.0	 84.0	0.02624	0.06513
 84.0	 85.0	0.06482	0.30319
 85.0	 86.0	0.00627	0.46142
 86.0	 87.0	0.06442	0.09219
 87.0	 88.0	0.09451	0.43768
 88.0	 89.0	0.06534	0.02989
 89.0	 90.0	0.06807	0.15078
 90.0	 91.0	0.11721	0.15941
 91.0	 92.0	0.04919	0.05168
 92.0	 93.0	0.01290	0.08107
 93.0	 94.0	0.10989	0.17875
 94.0	 95.0	0.05100	0.05947
 95.0	 96.0	0.05182	0.18918
 96.0	 97.0	0.22716	6.13262
 97.0	 98.0	0.03521	0.20155
 98.0	 99.0	0.43146	0.88583
 99.0	100.0	6.03080	102.44631
