  0.0	  5.0	0.66273	0.00205
  5.0	 10.0	0.68118	0.00196
 10.0	 15.0	0.67534	0.00196
 15.0	 20.0	0.66065	0.00201
 20.0	 25.0	0.63794	0.00208
 25.0	 30.0	0.60904	0.00219
 30.0	 35.0	0.57377	0.00235
 35.0	 40.0	0.52871	0.00256
 40.0	 45.0	0.47787	0.00287
 45.0	 50.0	0.42001	0.00340
 50.0	 55.0	0.34521	0.00405
 55.0	 60.0	0.27023	0.00514
 60.0	 65.0	0.19830	0.00652
 65.0	 70.0	0.13106	0.00950
 70.0	 75.0	0.07151	0.01377
 75.0	 80.0	0.02546	0.03656
 80.0	 85.0	0.01174	0.08377
 85.0	 90.0	0.01714	0.03077
 90.0	 95.0	0.04937	0.13259
 95.0	100.0	0.08493	0.21852
