  0.0	  2.0	0.65134	0.00336
  2.0	  4.0	0.66661	0.00318
  4.0	  6.0	0.67995	0.00315
  6.0	  8.0	0.67952	0.00308
  8.0	 10.0	0.68233	0.00310
 10.0	 12.0	0.67936	0.00311
 12.0	 14.0	0.67384	0.00310
 14.0	 16.0	0.66666	0.00311
 16.0	 18.0	0.66515	0.00318
 18.0	 20.0	0.65494	0.00322
 20.0	 22.0	0.64458	0.00324
 22.0	 24.0	0.63647	0.00331
 24.0	 26.0	0.62330	0.00337
 26.0	 28.0	0.60958	0.00340
 28.0	 30.0	0.60338	0.00356
 30.0	 32.0	0.58819	0.00364
 32.0	 34.0	0.56608	0.00371
 34.0	 36.0	0.55437	0.00387
 36.0	 38.0	0.53540	0.00402
 38.0	 40.0	0.51135	0.00413
 40.0	 42.0	0.49365	0.00436
 42.0	 44.0	0.47640	0.00467
 44.0	 46.0	0.44511	0.00481
 46.0	 48.0	0.42756	0.00532
 48.0	 50.0	0.40068	0.00571
 50.0	 52.0	0.36371	0.00589
 52.0	 54.0	0.33526	0.00661
 54.0	 56.0	0.31664	0.00739
 56.0	 58.0	0.27572	0.00790
 58.0	 60.0	0.24451	0.00887
 60.0	 62.0	0.23291	0.00991
 62.0	 64.0	0.17963	0.01022
 64.0	 66.0	0.16478	0.01311
 66.0	 68.0	0.13282	0.01362
 68.0	 70.0	0.10286	0.01642
 70.0	 72.0	0.09118	0.02001
 72.0	 74.0	0.04869	0.01872
 74.0	 76.0	0.03309	0.06278
 76.0	 78.0	0.04835	0.09523
 78.0	 80.0	0.02564	0.03839
 80.0	 82.0	0.00907	0.05494
 82.0	 84.0	0.04629	0.27712
 84.0	 86.0	0.01958	0.08098
 86.0	 88.0	0.01900	0.05288
 88.0	 90.0	0.06053	0.03878
 90.0	 92.0	0.03886	0.06243
 92.0	 94.0	0.12293	1.01545
 94.0	 96.0	0.03173	0.05168
 96.0	 98.0	0.04907	0.13666
 98.0	100.0	0.73043	1.36122
