  0.0	  5.0	0.58817	0.00153
  5.0	 10.0	0.76909	0.00095
 10.0	 15.0	0.83705	0.00072
 15.0	 20.0	0.86208	0.00063
 20.0	 25.0	0.86796	0.00060
 25.0	 30.0	0.86308	0.00062
 30.0	 35.0	0.84783	0.00066
 35.0	 40.0	0.82144	0.00074
 40.0	 45.0	0.78479	0.00085
 45.0	 50.0	0.73123	0.00099
 50.0	 55.0	0.66758	0.00117
 55.0	 60.0	0.58381	0.00141
 60.0	 65.0	0.49130	0.00175
 65.0	 70.0	0.38543	0.00222
 70.0	 75.0	0.28709	0.00298
 75.0	 80.0	0.18763	0.00407
 80.0	 85.0	0.11099	0.00586
 85.0	 90.0	0.04131	0.01578
 90.0	 95.0	0.03183	0.01914
 95.0	100.0	0.07511	0.09746
