  0.0	  2.0	0.50448	0.00294
  2.0	  4.0	0.61301	0.00227
  4.0	  6.0	0.70445	0.00184
  6.0	  8.0	0.76120	0.00154
  8.0	 10.0	0.79875	0.00134
 10.0	 12.0	0.82456	0.00121
 12.0	 14.0	0.84140	0.00112
 14.0	 16.0	0.85326	0.00105
 16.0	 18.0	0.86163	0.00100
 18.0	 20.0	0.86670	0.00097
 20.0	 22.0	0.86828	0.00095
 22.0	 24.0	0.86841	0.00095
 24.0	 26.0	0.86654	0.00095
 26.0	 28.0	0.86470	0.00097
 28.0	 30.0	0.85964	0.00099
 30.0	 32.0	0.85317	0.00102
 32.0	 34.0	0.84650	0.00106
 34.0	 36.0	0.83598	0.00110
 36.0	 38.0	0.82439	0.00115
 38.0	 40.0	0.81301	0.00121
 40.0	 42.0	0.79847	0.00129
 42.0	 44.0	0.77946	0.00135
 44.0	 46.0	0.76088	0.00145
 46.0	 48.0	0.73641	0.00154
 48.0	 50.0	0.71436	0.00164
 50.0	 52.0	0.68995	0.00176
 52.0	 54.0	0.66075	0.00189
 54.0	 56.0	0.62785	0.00203
 56.0	 58.0	0.59041	0.00218
 58.0	 60.0	0.55784	0.00236
 60.0	 62.0	0.52014	0.00259
 62.0	 64.0	0.47856	0.00281
 64.0	 66.0	0.44204	0.00313
 66.0	 68.0	0.39283	0.00339
 68.0	 70.0	0.35414	0.00385
 70.0	 72.0	0.32071	0.00432
 72.0	 74.0	0.27528	0.00488
 74.0	 76.0	0.22893	0.00545
 76.0	 78.0	0.20067	0.00645
 78.0	 80.0	0.15231	0.00716
 80.0	 82.0	0.13337	0.00833
 82.0	 84.0	0.10080	0.00970
 84.0	 86.0	0.07311	0.01288
 86.0	 88.0	0.02255	0.03852
 88.0	 90.0	0.05108	0.02524
 90.0	 92.0	0.01192	0.05152
 92.0	 94.0	0.05951	0.02405
 94.0	 96.0	0.07999	0.05460
 96.0	 98.0	0.12755	0.13825
 98.0	100.0	0.05476	0.16198
