  0.0	  1.0	0.47803	0.00441
  1.0	  2.0	0.52975	0.00393
  2.0	  3.0	0.58626	0.00345
  3.0	  4.0	0.63835	0.00299
  4.0	  5.0	0.68601	0.00271
  5.0	  6.0	0.72247	0.00248
  6.0	  7.0	0.74742	0.00226
  7.0	  8.0	0.77479	0.00211
  8.0	  9.0	0.79180	0.00195
  9.0	 10.0	0.80565	0.00185
 10.0	 11.0	0.81883	0.00176
 11.0	 12.0	0.83023	0.00167
 12.0	 13.0	0.83926	0.00161
 13.0	 14.0	0.84355	0.00155
 14.0	 15.0	0.85287	0.00149
 15.0	 16.0	0.85367	0.00146
 16.0	 17.0	0.85988	0.00143
 17.0	 18.0	0.86338	0.00140
 18.0	 19.0	0.86794	0.00138
 19.0	 20.0	0.86549	0.00136
 20.0	 21.0	0.86839	0.00135
 21.0	 22.0	0.86817	0.00135
 22.0	 23.0	0.86946	0.00134
 23.0	 24.0	0.86736	0.00134
 24.0	 25.0	0.86642	0.00133
 25.0	 26.0	0.86666	0.00135
 26.0	 27.0	0.86580	0.00137
 27.0	 28.0	0.86360	0.00137
 28.0	 29.0	0.86020	0.00139
 29.0	 30.0	0.85909	0.00140
 30.0	 31.0	0.85528	0.00142
 31.0	 32.0	0.85105	0.00146
 32.0	 33.0	0.84944	0.00148
 33.0	 34.0	0.84351	0.00151
 34.0	 35.0	0.83974	0.00154
 35.0	 36.0	0.83221	0.00157
 36.0	 37.0	0.82675	0.00160
 37.0	 38.0	0.82201	0.00165
 38.0	 39.0	0.81839	0.00169
 39.0	 40.0	0.80762	0.00174
 40.0	 41.0	0.80294	0.00179
 41.0	 42.0	0.79392	0.00185
 42.0	 43.0	0.78372	0.00188
 43.0	 44.0	0.77519	0.00193
 44.0	 45.0	0.76769	0.00202
 45.0	 46.0	0.75399	0.00209
 46.0	 47.0	0.74064	0.00214
 47.0	 48.0	0.73218	0.00221
 48.0	 49.0	0.71904	0.00227
 49.0	 50.0	0.70958	0.00238
 50.0	 51.0	0.69827	0.00246
 51.0	 52.0	0.68156	0.00252
 52.0	 53.0	0.66798	0.00263
 53.0	 54.0	0.65345	0.00272
 54.0	 55.0	0.63505	0.00281
 55.0	 56.0	0.62048	0.00295
 56.0	 57.0	0.59577	0.00301
 57.0	 58.0	0.58499	0.00317
 58.0	 59.0	0.56810	0.00327
 59.0	 60.0	0.54735	0.00342
 60.0	 61.0	0.53142	0.00363
 61.0	 62.0	0.50868	0.00371
 62.0	 63.0	0.48807	0.00389
 63.0	 64.0	0.46890	0.00407
 64.0	 65.0	0.45547	0.00436
 65.0	 66.0	0.42826	0.00450
 66.0	 67.0	0.40378	0.00468
 67.0	 68.0	0.38160	0.00490
 68.0	 69.0	0.36547	0.00531
 69.0	 70.0	0.34252	0.00559
 70.0	 71.0	0.32826	0.00595
 71.0	 72.0	0.31297	0.00630
 72.0	 73.0	0.28941	0.00679
 73.0	 74.0	0.26061	0.00702
 74.0	 75.0	0.23519	0.00768
 75.0	 76.0	0.22264	0.00774
 76.0	 77.0	0.20903	0.00861
 77.0	 78.0	0.19182	0.00974
 78.0	 79.0	0.16940	0.00969
 79.0	 80.0	0.13384	0.01065
 80.0	 81.0	0.13788	0.01126
 81.0	 82.0	0.12845	0.01242
 82.0	 83.0	0.10378	0.01323
 83.0	 84.0	0.09631	0.01451
 84.0	 85.0	0.07151	0.01602
 85.0	 86.0	0.07201	0.02160
 86.0	 87.0	0.00969	0.13610
 87.0	 88.0	0.02904	0.03795
 88.0	 89.0	0.05653	0.03806
 89.0	 90.0	0.04188	0.03174
 90.0	 91.0	0.01788	0.11213
 91.0	 92.0	0.00687	0.03293
 92.0	 93.0	0.06797	0.03570
 93.0	 94.0	0.04930	0.03266
 94.0	 95.0	0.06394	0.06792
 95.0	 96.0	0.09758	0.09998
 96.0	 97.0	0.08584	0.09107
 97.0	 98.0	0.08069	0.12758
 98.0	 99.0	0.10072	0.13404
 99.0	100.0	0.33396	0.79634
