  0.0	  5.0	0.51848	0.00160
  5.0	 10.0	0.52906	0.00152
 10.0	 15.0	0.51755	0.00153
 15.0	 20.0	0.50345	0.00157
 20.0	 25.0	0.48149	0.00163
 25.0	 30.0	0.45382	0.00173
 30.0	 35.0	0.42466	0.00187
 35.0	 40.0	0.38498	0.00205
 40.0	 45.0	0.34330	0.00231
 45.0	 50.0	0.29008	0.00262
 50.0	 55.0	0.24217	0.00324
 55.0	 60.0	0.18881	0.00421
 60.0	 65.0	0.13443	0.00543
 65.0	 70.0	0.09254	0.00908
 70.0	 75.0	0.04714	0.01545
 75.0	 80.0	0.03199	0.06852
 80.0	 85.0	0.02092	0.08141
 85.0	 90.0	0.01911	0.06445
 90.0	 95.0	0.04780	0.03040
 95.0	100.0	0.15698	0.42530
