  0.0	  1.0	0.50618	0.00375
  1.0	  2.0	0.51385	0.00365
  2.0	  3.0	0.52389	0.00358
  3.0	  4.0	0.52534	0.00352
  4.0	  5.0	0.52312	0.00344
  5.0	  6.0	0.53243	0.00346
  6.0	  7.0	0.53037	0.00341
  7.0	  8.0	0.52808	0.00339
  8.0	  9.0	0.52682	0.00336
  9.0	 10.0	0.52768	0.00342
 10.0	 11.0	0.52376	0.00342
 11.0	 12.0	0.52052	0.00340
 12.0	 13.0	0.51262	0.00341
 13.0	 14.0	0.51886	0.00345
 14.0	 15.0	0.51194	0.00346
 15.0	 16.0	0.51010	0.00344
 16.0	 17.0	0.50879	0.00346
 17.0	 18.0	0.50073	0.00353
 18.0	 19.0	0.50236	0.00354
 19.0	 20.0	0.49510	0.00362
 20.0	 21.0	0.49342	0.00361
 21.0	 22.0	0.48332	0.00357
 22.0	 23.0	0.48352	0.00366
 23.0	 24.0	0.47628	0.00369
 24.0	 25.0	0.47070	0.00373
 25.0	 26.0	0.46777	0.00381
 26.0	 27.0	0.46091	0.00380
 27.0	 28.0	0.45582	0.00390
 28.0	 29.0	0.44422	0.00388
 29.0	 30.0	0.43977	0.00401
 30.0	 31.0	0.43982	0.00401
 31.0	 32.0	0.43465	0.00411
 32.0	 33.0	0.42033	0.00418
 33.0	 34.0	0.41591	0.00423
 34.0	 35.0	0.41182	0.00434
 35.0	 36.0	0.40016	0.00443
 36.0	 37.0	0.39961	0.00455
 37.0	 38.0	0.38167	0.00459
 38.0	 39.0	0.36819	0.00459
 39.0	 40.0	0.37443	0.00476
 40.0	 41.0	0.35786	0.00491
 41.0	 42.0	0.36024	0.00510
 42.0	 43.0	0.34802	0.00513
 43.0	 44.0	0.32796	0.00528
 44.0	 45.0	0.32089	0.00539
 45.0	 46.0	0.30978	0.00550
 46.0	 47.0	0.29750	0.00565
 47.0	 48.0	0.28555	0.00585
 48.0	 49.0	0.28289	0.00602
 49.0	 50.0	0.27338	0.00643
 50.0	 51.0	0.27564	0.00684
 51.0	 52.0	0.26663	0.00726
 52.0	 53.0	0.23472	0.00718
 53.0	 54.0	0.21576	0.00726
 54.0	 55.0	0.21362	0.00779
 55.0	 56.0	0.21315	0.00856
 56.0	 57.0	0.19961	0.00880
 57.0	 58.0	0.18242	0.00902
 58.0	 59.0	0.18195	0.01061
 59.0	 60.0	0.16281	0.01080
 60.0	 61.0	0.16857	0.01085
 61.0	 62.0	0.14639	0.01090
 62.0	 63.0	0.14971	0.01492
 63.0	 64.0	0.08864	0.01163
 64.0	 65.0	0.11492	0.01425
 65.0	 66.0	0.11682	0.01747
 66.0	 67.0	0.10203	0.01862
 67.0	 68.0	0.06913	0.01964
 68.0	 69.0	0.09266	0.02099
 69.0	 70.0	0.06633	0.04031
 70.0	 71.0	0.04224	0.02052
 71.0	 72.0	0.05096	0.03906
 72.0	 73.0	0.12481	0.11401
 73.0	 74.0	0.06118	0.03715
 74.0	 75.0	0.04230	0.02291
 75.0	 76.0	0.04993	0.05168
 76.0	 77.0	0.00920	0.13161
 77.0	 78.0	0.05666	0.07233
 78.0	 79.0	0.06760	0.09168
 79.0	 80.0	0.03399	0.07533
 80.0	 81.0	0.06071	0.08256
 81.0	 82.0	0.01154	0.03785
 82.0	 83.0	0.05193	0.06347
 83.0	 84.0	0.03799	0.04162
 84.0	 85.0	0.04380	0.06697
 85.0	 86.0	0.04686	0.04907
 86.0	 87.0	0.00924	0.02675
 87.0	 88.0	0.02842	0.05107
 88.0	 89.0	0.03152	0.04921
 89.0	 90.0	0.12730	0.86864
 90.0	 91.0	0.09576	0.10146
 91.0	 92.0	0.11128	0.29529
 92.0	 93.0	0.05549	0.05478
 93.0	 94.0	0.04406	0.05556
 94.0	 95.0	0.02960	0.04848
 95.0	 96.0	0.22628	0.36644
 96.0	 97.0	0.05111	0.10141
 97.0	 98.0	0.01855	0.10267
 98.0	 99.0	0.15695	0.13801
 99.0	100.0	4.39764	243.83018
