  0.0	  2.0	0.51002	0.00262
  2.0	  4.0	0.52462	0.00251
  4.0	  6.0	0.52778	0.00244
  6.0	  8.0	0.52922	0.00240
  8.0	 10.0	0.52724	0.00240
 10.0	 12.0	0.52215	0.00241
 12.0	 14.0	0.51572	0.00243
 14.0	 16.0	0.51102	0.00244
 16.0	 18.0	0.50479	0.00247
 18.0	 20.0	0.49873	0.00253
 20.0	 22.0	0.48833	0.00254
 22.0	 24.0	0.47994	0.00260
 24.0	 26.0	0.46923	0.00267
 26.0	 28.0	0.45837	0.00272
 28.0	 30.0	0.44198	0.00279
 30.0	 32.0	0.43725	0.00287
 32.0	 34.0	0.41814	0.00297
 34.0	 36.0	0.40604	0.00310
 36.0	 38.0	0.39072	0.00323
 38.0	 40.0	0.37125	0.00331
 40.0	 42.0	0.35901	0.00354
 42.0	 44.0	0.33810	0.00368
 44.0	 46.0	0.31538	0.00385
 46.0	 48.0	0.29162	0.00407
 48.0	 50.0	0.27820	0.00440
 50.0	 52.0	0.27116	0.00498
 52.0	 54.0	0.22539	0.00510
 54.0	 56.0	0.21327	0.00576
 56.0	 58.0	0.19127	0.00629
 58.0	 60.0	0.17256	0.00756
 60.0	 62.0	0.15765	0.00769
 62.0	 64.0	0.11727	0.00912
 64.0	 66.0	0.11638	0.01104
 66.0	 68.0	0.08672	0.01357
 68.0	 70.0	0.08093	0.01857
 70.0	 72.0	0.04981	0.01884
 72.0	 74.0	0.03318	0.06302
 74.0	 76.0	0.04624	0.02211
 76.0	 78.0	0.03577	0.05485
 78.0	 80.0	0.02133	0.03232
 80.0	 82.0	0.01338	0.03589
 82.0	 84.0	0.10766	0.23972
 84.0	 86.0	0.55044	86.71003
 86.0	 88.0	0.02074	0.29641
 88.0	 90.0	0.00362	0.54373
 90.0	 92.0	0.13714	0.24686
 92.0	 94.0	0.01026	0.03932
 94.0	 96.0	0.06147	0.05226
 96.0	 98.0	0.03728	0.18017
 98.0	100.0	0.13100	0.17683
