  0.0	  1.0	0.48027	0.00443
  1.0	  2.0	0.52617	0.00391
  2.0	  3.0	0.58906	0.00347
  3.0	  4.0	0.64485	0.00302
  4.0	  5.0	0.68766	0.00272
  5.0	  6.0	0.71983	0.00248
  6.0	  7.0	0.75247	0.00227
  7.0	  8.0	0.77051	0.00209
  8.0	  9.0	0.79282	0.00196
  9.0	 10.0	0.80997	0.00186
 10.0	 11.0	0.82214	0.00177
 11.0	 12.0	0.83144	0.00167
 12.0	 13.0	0.83886	0.00161
 13.0	 14.0	0.84893	0.00156
 14.0	 15.0	0.85189	0.00149
 15.0	 16.0	0.85755	0.00147
 16.0	 17.0	0.86228	0.00143
 17.0	 18.0	0.86311	0.00140
 18.0	 19.0	0.86642	0.00138
 19.0	 20.0	0.86890	0.00136
 20.0	 21.0	0.86896	0.00136
 21.0	 22.0	0.86921	0.00135
 22.0	 23.0	0.86976	0.00134
 23.0	 24.0	0.87079	0.00134
 24.0	 25.0	0.86960	0.00134
 25.0	 26.0	0.86695	0.00135
 26.0	 27.0	0.86539	0.00137
 27.0	 28.0	0.86635	0.00137
 28.0	 29.0	0.86138	0.00139
 29.0	 30.0	0.85910	0.00140
 30.0	 31.0	0.85663	0.00142
 31.0	 32.0	0.85161	0.00146
 32.0	 33.0	0.84857	0.00148
 33.0	 34.0	0.84601	0.00151
 34.0	 35.0	0.84009	0.00154
 35.0	 36.0	0.83428	0.00157
 36.0	 37.0	0.82965	0.00161
 37.0	 38.0	0.82472	0.00166
 38.0	 39.0	0.81853	0.00169
 39.0	 40.0	0.81119	0.00175
 40.0	 41.0	0.80189	0.00179
 41.0	 42.0	0.79532	0.00186
 42.0	 43.0	0.78848	0.00189
 43.0	 44.0	0.78020	0.00195
 44.0	 45.0	0.76884	0.00203
 45.0	 46.0	0.75478	0.00209
 46.0	 47.0	0.74881	0.00216
 47.0	 48.0	0.73689	0.00223
 48.0	 49.0	0.72511	0.00229
 49.0	 50.0	0.71359	0.00239
 50.0	 51.0	0.69769	0.00246
 51.0	 52.0	0.68466	0.00253
 52.0	 53.0	0.66716	0.00262
 53.0	 54.0	0.65758	0.00274
 54.0	 55.0	0.63969	0.00283
 55.0	 56.0	0.62458	0.00296
 56.0	 57.0	0.60748	0.00307
 57.0	 58.0	0.59477	0.00322
 58.0	 59.0	0.57409	0.00331
 59.0	 60.0	0.54829	0.00342
 60.0	 61.0	0.52995	0.00362
 61.0	 62.0	0.51135	0.00373
 62.0	 63.0	0.49306	0.00393
 63.0	 64.0	0.47734	0.00414
 64.0	 65.0	0.45066	0.00431
 65.0	 66.0	0.43150	0.00454
 66.0	 67.0	0.41519	0.00482
 67.0	 68.0	0.39178	0.00503
 68.0	 69.0	0.36948	0.00536
 69.0	 70.0	0.34335	0.00561
 70.0	 71.0	0.32886	0.00596
 71.0	 72.0	0.30854	0.00621
 72.0	 73.0	0.27807	0.00653
 73.0	 74.0	0.25695	0.00692
 74.0	 75.0	0.24165	0.00789
 75.0	 76.0	0.22528	0.00783
 76.0	 77.0	0.20609	0.00849
 77.0	 78.0	0.17435	0.00885
 78.0	 79.0	0.17369	0.00994
 79.0	 80.0	0.14441	0.01149
 80.0	 81.0	0.14231	0.01162
 81.0	 82.0	0.13940	0.01347
 82.0	 83.0	0.13919	0.01775
 83.0	 84.0	0.10765	0.01621
 84.0	 85.0	0.09599	0.02150
 85.0	 86.0	0.06215	0.01864
 86.0	 87.0	0.00947	0.13306
 87.0	 88.0	0.03604	0.04708
 88.0	 89.0	0.03937	0.02651
 89.0	 90.0	0.05441	0.04123
 90.0	 91.0	0.01464	0.09179
 91.0	 92.0	0.13429	0.64344
 92.0	 93.0	0.07721	0.04055
 93.0	 94.0	0.10934	0.07243
 94.0	 95.0	0.06289	0.06680
 95.0	 96.0	0.13065	0.13387
 96.0	 97.0	0.07975	0.08461
 97.0	 98.0	0.12231	0.19338
 98.0	 99.0	0.21729	0.28917
 99.0	100.0	0.56989	1.35893
