  0.0	  2.0	0.50365	0.00294
  2.0	  4.0	0.61776	0.00228
  4.0	  6.0	0.70390	0.00184
  6.0	  8.0	0.76150	0.00154
  8.0	 10.0	0.80144	0.00135
 10.0	 12.0	0.82681	0.00122
 12.0	 14.0	0.84390	0.00112
 14.0	 16.0	0.85471	0.00105
 16.0	 18.0	0.86269	0.00100
 18.0	 20.0	0.86767	0.00097
 20.0	 22.0	0.86908	0.00096
 22.0	 24.0	0.87027	0.00095
 24.0	 26.0	0.86827	0.00095
 26.0	 28.0	0.86587	0.00097
 28.0	 30.0	0.86024	0.00099
 30.0	 32.0	0.85413	0.00102
 32.0	 34.0	0.84730	0.00106
 34.0	 36.0	0.83720	0.00110
 36.0	 38.0	0.82720	0.00115
 38.0	 40.0	0.81486	0.00122
 40.0	 42.0	0.79863	0.00129
 42.0	 44.0	0.78435	0.00136
 44.0	 46.0	0.76185	0.00146
 46.0	 48.0	0.74286	0.00155
 48.0	 50.0	0.71942	0.00165
 50.0	 52.0	0.69120	0.00176
 52.0	 54.0	0.66238	0.00189
 54.0	 56.0	0.63222	0.00205
 56.0	 58.0	0.60118	0.00222
 58.0	 60.0	0.56133	0.00238
 60.0	 62.0	0.52073	0.00260
 62.0	 64.0	0.48523	0.00285
 64.0	 66.0	0.44120	0.00313
 66.0	 68.0	0.40363	0.00348
 68.0	 70.0	0.35658	0.00388
 70.0	 72.0	0.31885	0.00430
 72.0	 74.0	0.26775	0.00475
 74.0	 76.0	0.23344	0.00556
 76.0	 78.0	0.19064	0.00613
 78.0	 80.0	0.15971	0.00751
 80.0	 82.0	0.14074	0.00879
 82.0	 84.0	0.12362	0.01189
 84.0	 86.0	0.07776	0.01370
 86.0	 88.0	0.02425	0.04143
 88.0	 90.0	0.04406	0.02177
 90.0	 92.0	0.02352	0.10166
 92.0	 94.0	0.08917	0.03604
 94.0	 96.0	0.08798	0.06005
 96.0	 98.0	0.06031	0.06537
 98.0	100.0	0.14134	0.41808
