  0.0	  5.0	0.59026	0.00153
  5.0	 10.0	0.76985	0.00095
 10.0	 15.0	0.83873	0.00073
 15.0	 20.0	0.86366	0.00063
 20.0	 25.0	0.86966	0.00060
 25.0	 30.0	0.86385	0.00062
 30.0	 35.0	0.84861	0.00066
 35.0	 40.0	0.82372	0.00074
 40.0	 45.0	0.78704	0.00085
 45.0	 50.0	0.73597	0.00100
 50.0	 55.0	0.66963	0.00118
 55.0	 60.0	0.59038	0.00143
 60.0	 65.0	0.49330	0.00176
 65.0	 70.0	0.39148	0.00225
 70.0	 75.0	0.28444	0.00296
 75.0	 80.0	0.18691	0.00406
 80.0	 85.0	0.12694	0.00671
 85.0	 90.0	0.03909	0.01493
 90.0	 95.0	0.05153	0.03098
 95.0	100.0	0.14271	0.18517
