  0.0	  5.0	0.51975	0.00161
  5.0	 10.0	0.52771	0.00152
 10.0	 15.0	0.52060	0.00154
 15.0	 20.0	0.50402	0.00158
 20.0	 25.0	0.48522	0.00165
 25.0	 30.0	0.45554	0.00174
 30.0	 35.0	0.42354	0.00186
 35.0	 40.0	0.38703	0.00206
 40.0	 45.0	0.34509	0.00232
 45.0	 50.0	0.29769	0.00269
 50.0	 55.0	0.24611	0.00329
 55.0	 60.0	0.18248	0.00407
 60.0	 65.0	0.14247	0.00576
 65.0	 70.0	0.07969	0.00782
 70.0	 75.0	0.03641	0.01193
 75.0	 80.0	0.00833	0.01784
 80.0	 85.0	0.00658	0.02560
 85.0	 90.0	0.06961	0.23477
 90.0	 95.0	0.05646	0.03591
 95.0	100.0	0.01352	0.03662
