  0.0	  2.0	0.51073	0.00262
  2.0	  4.0	0.52251	0.00250
  4.0	  6.0	0.52995	0.00245
  6.0	  8.0	0.52961	0.00241
  8.0	 10.0	0.52572	0.00239
 10.0	 12.0	0.52540	0.00243
 12.0	 14.0	0.51871	0.00244
 14.0	 16.0	0.51518	0.00246
 16.0	 18.0	0.50458	0.00247
 18.0	 20.0	0.49756	0.00253
 20.0	 22.0	0.49345	0.00257
 22.0	 24.0	0.48232	0.00261
 24.0	 26.0	0.47026	0.00267
 26.0	 28.0	0.45809	0.00272
 28.0	 30.0	0.44744	0.00282
 30.0	 32.0	0.43364	0.00285
 32.0	 34.0	0.42020	0.00299
 34.0	 36.0	0.40407	0.00309
 36.0	 38.0	0.38898	0.00321
 38.0	 40.0	0.37916	0.00338
 40.0	 42.0	0.35511	0.00350
 42.0	 44.0	0.34217	0.00372
 44.0	 46.0	0.32567	0.00397
 46.0	 48.0	0.30019	0.00418
 48.0	 50.0	0.28285	0.00447
 50.0	 52.0	0.26037	0.00478
 52.0	 54.0	0.23952	0.00542
 54.0	 56.0	0.22065	0.00596
 56.0	 58.0	0.19248	0.00633
 58.0	 60.0	0.15492	0.00679
 60.0	 62.0	0.16477	0.00804
 62.0	 64.0	0.12840	0.00999
 64.0	 66.0	0.10174	0.00965
 66.0	 68.0	0.07629	0.01194
 68.0	 70.0	0.08400	0.01927
 70.0	 72.0	0.04938	0.01868
 72.0	 74.0	0.01314	0.02495
 74.0	 76.0	0.04277	0.02045
 76.0	 78.0	0.01586	0.02431
 78.0	 80.0	0.03345	0.05068
 80.0	 82.0	0.02372	0.06364
 82.0	 84.0	0.01105	0.02461
 84.0	 86.0	0.00568	0.89461
 86.0	 88.0	0.09352	1.33651
 88.0	 90.0	0.00190	0.28566
 90.0	 92.0	0.03394	0.06110
 92.0	 94.0	0.04306	0.16493
 94.0	 96.0	0.06034	0.05130
 96.0	 98.0	0.03164	0.15291
 98.0	100.0	0.60441	0.81591
