  0.0	  1.0	0.50643	0.00375
  1.0	  2.0	0.51502	0.00366
  2.0	  3.0	0.51984	0.00355
  3.0	  4.0	0.52515	0.00351
  4.0	  5.0	0.53206	0.00350
  5.0	  6.0	0.52789	0.00343
  6.0	  7.0	0.52815	0.00340
  7.0	  8.0	0.53106	0.00341
  8.0	  9.0	0.52715	0.00337
  9.0	 10.0	0.52428	0.00340
 10.0	 11.0	0.52914	0.00345
 11.0	 12.0	0.52167	0.00341
 12.0	 13.0	0.52034	0.00346
 13.0	 14.0	0.51706	0.00344
 14.0	 15.0	0.51476	0.00348
 15.0	 16.0	0.51560	0.00347
 16.0	 17.0	0.51093	0.00348
 17.0	 18.0	0.49815	0.00351
 18.0	 19.0	0.50188	0.00354
 19.0	 20.0	0.49323	0.00361
 20.0	 21.0	0.49422	0.00362
 21.0	 22.0	0.49270	0.00364
 22.0	 23.0	0.47991	0.00364
 23.0	 24.0	0.48484	0.00375
 24.0	 25.0	0.47429	0.00376
 25.0	 26.0	0.46621	0.00380
 26.0	 27.0	0.46165	0.00380
 27.0	 28.0	0.45448	0.00388
 28.0	 29.0	0.45495	0.00397
 29.0	 30.0	0.43988	0.00401
 30.0	 31.0	0.43764	0.00399
 31.0	 32.0	0.42958	0.00407
 32.0	 33.0	0.42086	0.00419
 33.0	 34.0	0.41954	0.00427
 34.0	 35.0	0.40947	0.00432
 35.0	 36.0	0.39859	0.00442
 36.0	 37.0	0.39368	0.00448
 37.0	 38.0	0.38414	0.00461
 38.0	 39.0	0.38151	0.00476
 39.0	 40.0	0.37673	0.00479
 40.0	 41.0	0.35744	0.00490
 41.0	 42.0	0.35270	0.00499
 42.0	 43.0	0.34687	0.00512
 43.0	 44.0	0.33743	0.00543
 44.0	 45.0	0.33042	0.00555
 45.0	 46.0	0.32084	0.00569
 46.0	 47.0	0.30092	0.00572
 47.0	 48.0	0.29967	0.00614
 48.0	 49.0	0.28945	0.00616
 49.0	 50.0	0.27600	0.00649
 50.0	 51.0	0.26894	0.00667
 51.0	 52.0	0.25159	0.00686
 52.0	 53.0	0.24768	0.00758
 53.0	 54.0	0.23099	0.00778
 54.0	 55.0	0.22861	0.00833
 55.0	 56.0	0.21234	0.00853
 56.0	 57.0	0.20185	0.00890
 57.0	 58.0	0.18264	0.00903
 58.0	 59.0	0.16098	0.00939
 59.0	 60.0	0.14847	0.00985
 60.0	 61.0	0.16709	0.01075
 61.0	 62.0	0.16251	0.01210
 62.0	 63.0	0.12439	0.01239
 63.0	 64.0	0.12991	0.01705
 64.0	 65.0	0.11854	0.01470
 65.0	 66.0	0.08608	0.01288
 66.0	 67.0	0.07835	0.01430
 67.0	 68.0	0.07584	0.02155
 68.0	 69.0	0.09390	0.02127
 69.0	 70.0	0.07404	0.04500
 70.0	 71.0	0.07873	0.03824
 71.0	 72.0	0.03125	0.02395
 72.0	 73.0	0.02426	0.02216
 73.0	 74.0	0.03508	0.02130
 74.0	 75.0	0.06516	0.03529
 75.0	 76.0	0.02451	0.02536
 76.0	 77.0	0.00860	0.12305
 77.0	 78.0	0.01860	0.02375
 78.0	 79.0	0.02930	0.03974
 79.0	 80.0	0.01558	0.03452
 80.0	 81.0	0.03882	0.05278
 81.0	 82.0	0.15162	0.49717
 82.0	 83.0	0.02167	0.02649
 83.0	 84.0	0.03310	0.03627
 84.0	 85.0	0.09297	0.14216
 85.0	 86.0	0.04602	0.04820
 86.0	 87.0	0.07714	0.22335
 87.0	 88.0	0.17073	0.30687
 88.0	 89.0	0.04448	0.06945
 89.0	 90.0	0.01218	0.08315
 90.0	 91.0	0.05875	0.06225
 91.0	 92.0	0.03149	0.08356
 92.0	 93.0	0.06106	0.06027
 93.0	 94.0	0.08601	0.10846
 94.0	 95.0	0.08502	0.13925
 95.0	 96.0	0.02637	0.04271
 96.0	 97.0	0.08294	0.16457
 97.0	 98.0	0.36060	1.99576
 98.0	 99.0	0.45470	0.39981
 99.0	100.0	0.04287	2.37684
