  0.0	  2.0	0.51786	0.00266
  2.0	  4.0	0.54534	0.00261
  4.0	  6.0	0.56036	0.00259
  6.0	  8.0	0.57059	0.00259
  8.0	 10.0	0.57542	0.00262
 10.0	 12.0	0.57355	0.00265
 12.0	 14.0	0.57450	0.00270
 14.0	 16.0	0.56895	0.00272
 16.0	 18.0	0.56790	0.00278
 18.0	 20.0	0.55815	0.00283
 20.0	 22.0	0.55427	0.00288
 22.0	 24.0	0.54549	0.00295
 24.0	 26.0	0.53472	0.00304
 26.0	 28.0	0.53236	0.00316
 28.0	 30.0	0.51910	0.00328
 30.0	 32.0	0.50852	0.00334
 32.0	 34.0	0.49347	0.00351
 34.0	 36.0	0.47478	0.00363
 36.0	 38.0	0.45830	0.00379
 38.0	 40.0	0.44422	0.00395
 40.0	 42.0	0.42507	0.00419
 42.0	 44.0	0.40253	0.00438
 44.0	 46.0	0.38537	0.00470
 46.0	 48.0	0.37395	0.00521
 48.0	 50.0	0.34296	0.00542
 50.0	 52.0	0.30396	0.00558
 52.0	 54.0	0.29654	0.00671
 54.0	 56.0	0.25648	0.00693
 56.0	 58.0	0.24729	0.00814
 58.0	 60.0	0.22480	0.00985
 60.0	 62.0	0.19178	0.00935
 62.0	 64.0	0.16926	0.01317
 64.0	 66.0	0.16471	0.01563
 66.0	 68.0	0.14811	0.02318
 68.0	 70.0	0.07199	0.01652
 70.0	 72.0	0.12817	0.04849
 72.0	 74.0	0.23539	0.44706
 74.0	 76.0	0.10041	0.04801
 76.0	 78.0	0.08956	0.13734
 78.0	 80.0	0.04318	0.06542
 80.0	 82.0	0.07506	0.20136
 82.0	 84.0	0.03536	0.07874
 84.0	 86.0	0.00096	0.15201
 86.0	 88.0	0.00322	0.04606
 88.0	 90.0	0.51947	77.97555
 90.0	 92.0	0.02058	0.03705
 92.0	 94.0	0.09780	0.37460
 94.0	 96.0	0.10780	0.09164
 96.0	 98.0	0.11923	0.57627
 98.0	100.0	0.12102	0.16337
