  0.0	  2.0	0.47858	0.00261
  2.0	  4.0	0.50355	0.00255
  4.0	  6.0	0.51571	0.00254
  6.0	  8.0	0.51937	0.00253
  8.0	 10.0	0.52321	0.00255
 10.0	 12.0	0.52227	0.00258
 12.0	 14.0	0.52075	0.00263
 14.0	 16.0	0.51626	0.00264
 16.0	 18.0	0.51139	0.00270
 18.0	 20.0	0.50532	0.00275
 20.0	 22.0	0.50062	0.00280
 22.0	 24.0	0.49157	0.00286
 24.0	 26.0	0.48764	0.00295
 26.0	 28.0	0.47757	0.00305
 28.0	 30.0	0.47010	0.00317
 30.0	 32.0	0.45487	0.00322
 32.0	 34.0	0.44232	0.00338
 34.0	 36.0	0.42990	0.00350
 36.0	 38.0	0.41622	0.00367
 38.0	 40.0	0.39658	0.00380
 40.0	 42.0	0.38360	0.00404
 42.0	 44.0	0.36045	0.00421
 44.0	 46.0	0.35146	0.00454
 46.0	 48.0	0.32648	0.00494
 48.0	 50.0	0.30129	0.00517
 50.0	 52.0	0.27142	0.00536
 52.0	 54.0	0.25675	0.00632
 54.0	 56.0	0.23352	0.00668
 56.0	 58.0	0.20825	0.00763
 58.0	 60.0	0.19355	0.00924
 60.0	 62.0	0.17078	0.00894
 62.0	 64.0	0.16502	0.01303
 64.0	 66.0	0.14132	0.01447
 66.0	 68.0	0.13693	0.02205
 68.0	 70.0	0.08393	0.01737
 70.0	 72.0	0.12443	0.04768
 72.0	 74.0	0.12338	0.24899
 74.0	 76.0	0.02468	0.02617
 76.0	 78.0	0.08420	0.12946
 78.0	 80.0	0.10811	0.45477
 80.0	 82.0	0.11503	0.48545
 82.0	 84.0	0.03905	0.04753
 84.0	 86.0	0.02151	0.04916
 86.0	 88.0	0.01423	0.03937
 88.0	 90.0	0.04492	0.04613
 90.0	 92.0	0.04962	0.04577
 92.0	 94.0	0.12036	0.16107
 94.0	 96.0	0.02773	0.16164
 96.0	 98.0	0.11935	0.06327
 98.0	100.0	0.12684	0.13430
