  0.0	  1.0	0.51094	0.00379
  1.0	  2.0	0.52474	0.00373
  2.0	  3.0	0.54263	0.00371
  3.0	  4.0	0.54800	0.00367
  4.0	  5.0	0.55772	0.00367
  5.0	  6.0	0.56297	0.00366
  6.0	  7.0	0.56813	0.00366
  7.0	  8.0	0.57306	0.00368
  8.0	  9.0	0.57904	0.00370
  9.0	 10.0	0.57178	0.00370
 10.0	 11.0	0.56898	0.00371
 11.0	 12.0	0.57815	0.00378
 12.0	 13.0	0.57623	0.00383
 13.0	 14.0	0.57275	0.00381
 14.0	 15.0	0.56570	0.00383
 15.0	 16.0	0.57224	0.00386
 16.0	 17.0	0.56758	0.00387
 17.0	 18.0	0.56829	0.00401
 18.0	 19.0	0.56392	0.00398
 19.0	 20.0	0.55238	0.00404
 20.0	 21.0	0.55455	0.00406
 21.0	 22.0	0.55401	0.00410
 22.0	 23.0	0.55270	0.00419
 23.0	 24.0	0.53824	0.00417
 24.0	 25.0	0.54017	0.00428
 25.0	 26.0	0.52923	0.00431
 26.0	 27.0	0.53855	0.00443
 27.0	 28.0	0.52612	0.00450
 28.0	 29.0	0.52481	0.00458
 29.0	 30.0	0.51334	0.00468
 30.0	 31.0	0.51309	0.00468
 31.0	 32.0	0.50388	0.00477
 32.0	 33.0	0.49617	0.00493
 33.0	 34.0	0.49072	0.00499
 34.0	 35.0	0.47720	0.00503
 35.0	 36.0	0.47237	0.00523
 36.0	 37.0	0.45850	0.00522
 37.0	 38.0	0.45823	0.00550
 38.0	 39.0	0.45231	0.00564
 39.0	 40.0	0.43614	0.00555
 40.0	 41.0	0.43208	0.00592
 41.0	 42.0	0.41792	0.00592
 42.0	 43.0	0.41035	0.00605
 43.0	 44.0	0.39455	0.00635
 44.0	 45.0	0.38754	0.00651
 45.0	 46.0	0.38323	0.00680
 46.0	 47.0	0.38878	0.00739
 47.0	 48.0	0.35887	0.00736
 48.0	 49.0	0.35269	0.00751
 49.0	 50.0	0.33283	0.00783
 50.0	 51.0	0.31000	0.00769
 51.0	 52.0	0.29780	0.00811
 52.0	 53.0	0.29289	0.00896
 53.0	 54.0	0.30093	0.01013
 54.0	 55.0	0.26466	0.00965
 55.0	 56.0	0.24791	0.00996
 56.0	 57.0	0.24182	0.01067
 57.0	 58.0	0.25392	0.01255
 58.0	 59.0	0.22224	0.01296
 59.0	 60.0	0.22814	0.01514
 60.0	 61.0	0.19629	0.01263
 61.0	 62.0	0.18708	0.01393
 62.0	 63.0	0.15533	0.01548
 63.0	 64.0	0.18575	0.02437
 64.0	 65.0	0.15545	0.01928
 65.0	 66.0	0.17525	0.02621
 66.0	 67.0	0.16654	0.03040
 67.0	 68.0	0.12602	0.03580
 68.0	 69.0	0.09613	0.02178
 69.0	 70.0	0.04176	0.02538
 70.0	 71.0	0.09133	0.04436
 71.0	 72.0	0.17493	0.13409
 72.0	 73.0	0.05871	0.05363
 73.0	 74.0	0.13556	0.08231
 74.0	 75.0	0.09223	0.04996
 75.0	 76.0	0.10741	0.11115
 76.0	 77.0	0.13216	1.89117
 77.0	 78.0	0.09154	0.11685
 78.0	 79.0	0.03425	0.04645
 79.0	 80.0	0.12050	0.26708
 80.0	 81.0	0.02710	0.03685
 81.0	 82.0	0.03068	0.10061
 82.0	 83.0	0.08519	0.10413
 83.0	 84.0	0.08309	0.09104
 84.0	 85.0	0.02041	0.03121
 85.0	 86.0	0.04253	0.04454
 86.0	 87.0	0.06210	0.17981
 87.0	 88.0	0.02710	0.04871
 88.0	 89.0	0.04663	0.07281
 89.0	 90.0	0.01839	0.12552
 90.0	 91.0	0.03215	0.03407
 91.0	 92.0	0.02264	0.06008
 92.0	 93.0	0.06180	0.06100
 93.0	 94.0	0.05628	0.07096
 94.0	 95.0	0.09902	0.16217
 95.0	 96.0	0.10926	0.17694
 96.0	 97.0	0.10660	0.21150
 97.0	 98.0	0.10041	0.55573
 98.0	 99.0	0.17258	0.15174
 99.0	100.0	0.03215	1.78285
