  0.0	  2.0	0.43703	0.00259
  2.0	  4.0	0.53004	0.00204
  4.0	  6.0	0.61137	0.00167
  6.0	  8.0	0.67056	0.00144
  8.0	 10.0	0.71534	0.00127
 10.0	 12.0	0.74502	0.00117
 12.0	 14.0	0.76693	0.00109
 14.0	 16.0	0.78220	0.00104
 16.0	 18.0	0.79641	0.00099
 18.0	 20.0	0.80281	0.00097
 20.0	 22.0	0.80803	0.00096
 22.0	 24.0	0.80925	0.00095
 24.0	 26.0	0.81014	0.00096
 26.0	 28.0	0.80891	0.00097
 28.0	 30.0	0.80310	0.00100
 30.0	 32.0	0.79876	0.00102
 32.0	 34.0	0.79048	0.00106
 34.0	 36.0	0.78207	0.00110
 36.0	 38.0	0.76929	0.00115
 38.0	 40.0	0.75458	0.00121
 40.0	 42.0	0.74085	0.00127
 42.0	 44.0	0.72389	0.00134
 44.0	 46.0	0.70202	0.00143
 46.0	 48.0	0.68305	0.00152
 48.0	 50.0	0.65666	0.00161
 50.0	 52.0	0.63105	0.00172
 52.0	 54.0	0.60438	0.00185
 54.0	 56.0	0.57114	0.00198
 56.0	 58.0	0.54233	0.00214
 58.0	 60.0	0.50913	0.00231
 60.0	 62.0	0.47266	0.00253
 62.0	 64.0	0.44243	0.00277
 64.0	 66.0	0.40739	0.00307
 66.0	 68.0	0.37338	0.00344
 68.0	 70.0	0.33553	0.00389
 70.0	 72.0	0.29039	0.00429
 72.0	 74.0	0.26612	0.00522
 74.0	 76.0	0.24574	0.00622
 76.0	 78.0	0.22026	0.00743
 78.0	 80.0	0.20073	0.00997
 80.0	 82.0	0.15510	0.01111
 82.0	 84.0	0.14420	0.01572
 84.0	 86.0	0.24342	0.07115
 86.0	 88.0	0.24256	0.13394
 88.0	 90.0	0.22099	0.15394
 90.0	 92.0	0.10857	0.09575
 92.0	 94.0	0.08384	0.12270
 94.0	 96.0	0.06427	0.24800
 96.0	 98.0	0.23713	0.22056
 98.0	100.0	0.09195	0.18300
