  0.0	  2.0	0.47229	0.00260
  2.0	  4.0	0.49739	0.00254
  4.0	  6.0	0.50901	0.00253
  6.0	  8.0	0.51399	0.00252
  8.0	 10.0	0.51654	0.00254
 10.0	 12.0	0.51570	0.00257
 12.0	 14.0	0.51644	0.00262
 14.0	 16.0	0.51184	0.00264
 16.0	 18.0	0.51321	0.00270
 18.0	 20.0	0.50425	0.00275
 20.0	 22.0	0.49569	0.00279
 22.0	 24.0	0.48769	0.00285
 24.0	 26.0	0.47529	0.00293
 26.0	 28.0	0.47422	0.00304
 28.0	 30.0	0.46373	0.00315
 30.0	 32.0	0.45136	0.00321
 32.0	 34.0	0.43751	0.00337
 34.0	 36.0	0.42933	0.00350
 36.0	 38.0	0.40945	0.00364
 38.0	 40.0	0.39036	0.00378
 40.0	 42.0	0.37604	0.00400
 42.0	 44.0	0.36130	0.00421
 44.0	 46.0	0.33567	0.00447
 46.0	 48.0	0.32913	0.00496
 48.0	 50.0	0.29621	0.00512
 50.0	 52.0	0.27347	0.00538
 52.0	 54.0	0.25783	0.00634
 54.0	 56.0	0.23746	0.00672
 56.0	 58.0	0.20896	0.00760
 58.0	 60.0	0.19588	0.00927
 60.0	 62.0	0.16190	0.00878
 62.0	 64.0	0.13889	0.01207
 64.0	 66.0	0.12953	0.01398
 66.0	 68.0	0.10597	0.01942
 68.0	 70.0	0.08042	0.01715
 70.0	 72.0	0.08928	0.03837
 72.0	 74.0	0.13518	0.36670
 74.0	 76.0	0.00656	0.03943
 76.0	 78.0	0.00856	0.05201
 78.0	 80.0	0.04792	0.08218
 80.0	 82.0	0.03263	0.38743
 82.0	 84.0	0.01508	0.08490
 84.0	 86.0	0.01259	0.02138
 86.0	 88.0	0.04603	0.10366
 88.0	 90.0	0.04187	0.05776
 90.0	 92.0	0.02106	0.03859
 92.0	 94.0	0.04202	0.04138
 94.0	 96.0	0.01829	0.04732
 96.0	 98.0	0.09246	0.52513
 98.0	100.0	0.32211	0.98202
