  0.0	  5.0	0.49557	0.00163
  5.0	 10.0	0.52070	0.00161
 10.0	 15.0	0.52148	0.00165
 15.0	 20.0	0.50890	0.00171
 20.0	 25.0	0.49538	0.00180
 25.0	 30.0	0.47564	0.00195
 30.0	 35.0	0.44579	0.00210
 35.0	 40.0	0.41040	0.00234
 40.0	 45.0	0.36915	0.00265
 45.0	 50.0	0.32075	0.00313
 50.0	 55.0	0.25933	0.00374
 55.0	 60.0	0.20642	0.00502
 60.0	 65.0	0.16278	0.00687
 65.0	 70.0	0.11624	0.01181
 70.0	 75.0	0.09148	0.03208
 75.0	 80.0	0.17414	1.63750
 80.0	 85.0	0.03433	0.11766
 85.0	 90.0	0.02875	0.04382
 90.0	 95.0	0.03399	0.11234
 95.0	100.0	0.06613	0.04016
