  0.0	  1.0	0.42123	0.00389
  1.0	  2.0	0.47246	0.00351
  2.0	  3.0	0.52503	0.00309
  3.0	  4.0	0.58357	0.00273
  4.0	  5.0	0.62239	0.00246
  5.0	  6.0	0.65894	0.00227
  6.0	  7.0	0.69078	0.00209
  7.0	  8.0	0.71851	0.00195
  8.0	  9.0	0.74098	0.00183
  9.0	 10.0	0.75654	0.00173
 10.0	 11.0	0.77226	0.00166
 11.0	 12.0	0.78799	0.00159
 12.0	 13.0	0.79962	0.00153
 13.0	 14.0	0.80670	0.00149
 14.0	 15.0	0.81521	0.00143
 15.0	 16.0	0.82228	0.00141
 16.0	 17.0	0.82540	0.00137
 17.0	 18.0	0.83276	0.00135
 18.0	 19.0	0.83517	0.00133
 19.0	 20.0	0.83933	0.00132
 20.0	 21.0	0.84025	0.00131
 21.0	 22.0	0.84044	0.00130
 22.0	 23.0	0.84205	0.00130
 23.0	 24.0	0.84358	0.00130
 24.0	 25.0	0.84573	0.00130
 25.0	 26.0	0.84327	0.00131
 26.0	 27.0	0.84144	0.00133
 27.0	 28.0	0.84248	0.00134
 28.0	 29.0	0.84027	0.00136
 29.0	 30.0	0.83698	0.00137
 30.0	 31.0	0.83481	0.00139
 31.0	 32.0	0.83118	0.00143
 32.0	 33.0	0.82759	0.00144
 33.0	 34.0	0.82373	0.00147
 34.0	 35.0	0.81907	0.00150
 35.0	 36.0	0.81666	0.00154
 36.0	 37.0	0.81198	0.00157
 37.0	 38.0	0.80339	0.00161
 38.0	 39.0	0.79637	0.00165
 39.0	 40.0	0.78910	0.00170
 40.0	 41.0	0.78185	0.00174
 41.0	 42.0	0.77371	0.00181
 42.0	 43.0	0.76979	0.00185
 43.0	 44.0	0.75983	0.00190
 44.0	 45.0	0.74625	0.00197
 45.0	 46.0	0.74012	0.00205
 46.0	 47.0	0.73111	0.00211
 47.0	 48.0	0.71813	0.00217
 48.0	 49.0	0.70693	0.00223
 49.0	 50.0	0.69228	0.00232
 50.0	 51.0	0.68074	0.00240
 51.0	 52.0	0.67373	0.00249
 52.0	 53.0	0.66082	0.00260
 53.0	 54.0	0.64127	0.00267
 54.0	 55.0	0.62654	0.00277
 55.0	 56.0	0.60711	0.00288
 56.0	 57.0	0.59758	0.00302
 57.0	 58.0	0.57446	0.00311
 58.0	 59.0	0.56200	0.00324
 59.0	 60.0	0.55027	0.00343
 60.0	 61.0	0.52153	0.00356
 61.0	 62.0	0.51457	0.00375
 62.0	 63.0	0.49408	0.00394
 63.0	 64.0	0.46942	0.00407
 64.0	 65.0	0.44810	0.00429
 65.0	 66.0	0.43563	0.00458
 66.0	 67.0	0.41647	0.00483
 67.0	 68.0	0.40274	0.00517
 68.0	 69.0	0.37372	0.00543
 69.0	 70.0	0.36030	0.00588
 70.0	 71.0	0.33591	0.00609
 71.0	 72.0	0.32217	0.00648
 72.0	 73.0	0.30944	0.00726
 73.0	 74.0	0.30384	0.00818
 74.0	 75.0	0.26184	0.00855
 75.0	 76.0	0.26678	0.00928
 76.0	 77.0	0.24121	0.00994
 77.0	 78.0	0.22980	0.01167
 78.0	 79.0	0.22036	0.01260
 79.0	 80.0	0.20958	0.01668
 80.0	 81.0	0.19635	0.01603
 81.0	 82.0	0.16461	0.01591
 82.0	 83.0	0.13860	0.01767
 83.0	 84.0	0.16630	0.02505
 84.0	 85.0	0.15323	0.03432
 85.0	 86.0	0.21702	0.06509
 86.0	 87.0	1.28849	18.10670
 87.0	 88.0	0.27877	0.36423
 88.0	 89.0	0.21336	0.14366
 89.0	 90.0	0.12233	0.09270
 90.0	 91.0	0.29253	1.83439
 91.0	 92.0	0.05931	0.28421
 92.0	 93.0	0.10954	0.05753
 93.0	 94.0	0.10926	0.07237
 94.0	 95.0	0.09131	0.09699
 95.0	 96.0	0.05513	0.05649
 96.0	 97.0	0.19387	0.20567
 97.0	 98.0	0.12168	0.19239
 98.0	 99.0	0.27360	0.36411
 99.0	100.0	0.11417	0.27225
