  0.0	  5.0	0.48904	0.00162
  5.0	 10.0	0.51475	0.00160
 10.0	 15.0	0.51550	0.00165
 15.0	 20.0	0.50907	0.00171
 20.0	 25.0	0.48887	0.00180
 25.0	 30.0	0.46984	0.00194
 30.0	 35.0	0.44208	0.00210
 35.0	 40.0	0.40541	0.00233
 40.0	 45.0	0.36237	0.00263
 45.0	 50.0	0.31762	0.00312
 50.0	 55.0	0.26180	0.00376
 55.0	 60.0	0.20767	0.00502
 60.0	 65.0	0.14552	0.00658
 65.0	 70.0	0.10327	0.01126
 70.0	 75.0	0.07375	0.02916
 75.0	 80.0	0.03191	0.11914
 80.0	 85.0	0.02843	0.19849
 85.0	 90.0	0.02653	0.03544
 90.0	 95.0	0.01235	0.02287
 95.0	100.0	0.02466	0.07213
