  0.0	  5.0	0.50287	0.00136
  5.0	 10.0	0.67561	0.00089
 10.0	 15.0	0.75758	0.00071
 15.0	 20.0	0.79247	0.00063
 20.0	 25.0	0.80511	0.00061
 25.0	 30.0	0.80317	0.00062
 30.0	 35.0	0.78790	0.00067
 35.0	 40.0	0.76218	0.00074
 40.0	 45.0	0.72157	0.00084
 45.0	 50.0	0.67369	0.00098
 50.0	 55.0	0.60819	0.00115
 55.0	 60.0	0.53297	0.00138
 60.0	 65.0	0.44499	0.00170
 65.0	 70.0	0.35751	0.00222
 70.0	 75.0	0.27322	0.00309
 75.0	 80.0	0.20173	0.00486
 80.0	 85.0	0.14748	0.00856
 85.0	 90.0	0.20823	0.09605
 90.0	 95.0	0.25840	0.33798
 95.0	100.0	0.13943	0.08425
