  0.0	  1.0	0.47190	0.00371
  1.0	  2.0	0.48523	0.00366
  2.0	  3.0	0.49864	0.00363
  3.0	  4.0	0.50838	0.00359
  4.0	  5.0	0.51308	0.00360
  5.0	  6.0	0.51833	0.00358
  6.0	  7.0	0.51926	0.00357
  7.0	  8.0	0.51948	0.00358
  8.0	  9.0	0.52596	0.00361
  9.0	 10.0	0.52044	0.00362
 10.0	 11.0	0.52406	0.00363
 11.0	 12.0	0.52046	0.00367
 12.0	 13.0	0.52167	0.00373
 13.0	 14.0	0.51983	0.00371
 14.0	 15.0	0.52143	0.00374
 15.0	 16.0	0.51104	0.00374
 16.0	 17.0	0.50921	0.00376
 17.0	 18.0	0.51368	0.00389
 18.0	 19.0	0.50390	0.00385
 19.0	 20.0	0.50679	0.00393
 20.0	 21.0	0.50224	0.00394
 21.0	 22.0	0.49901	0.00397
 22.0	 23.0	0.49489	0.00405
 23.0	 24.0	0.48822	0.00405
 24.0	 25.0	0.49251	0.00416
 25.0	 26.0	0.48273	0.00419
 26.0	 27.0	0.47769	0.00427
 27.0	 28.0	0.47746	0.00435
 28.0	 29.0	0.46994	0.00442
 29.0	 30.0	0.47032	0.00455
 30.0	 31.0	0.45391	0.00450
 31.0	 32.0	0.45586	0.00461
 32.0	 33.0	0.44609	0.00476
 33.0	 34.0	0.43846	0.00481
 34.0	 35.0	0.43421	0.00488
 35.0	 36.0	0.42553	0.00503
 36.0	 37.0	0.41765	0.00506
 37.0	 38.0	0.41483	0.00532
 38.0	 39.0	0.40491	0.00542
 39.0	 40.0	0.38826	0.00533
 40.0	 41.0	0.38481	0.00568
 41.0	 42.0	0.38235	0.00574
 42.0	 43.0	0.35691	0.00577
 43.0	 44.0	0.36421	0.00615
 44.0	 45.0	0.35680	0.00632
 45.0	 46.0	0.34603	0.00654
 46.0	 47.0	0.33560	0.00695
 47.0	 48.0	0.31724	0.00701
 48.0	 49.0	0.30001	0.00707
 49.0	 50.0	0.30273	0.00757
 50.0	 51.0	0.27472	0.00738
 51.0	 52.0	0.26811	0.00781
 52.0	 53.0	0.26139	0.00857
 53.0	 54.0	0.25210	0.00937
 54.0	 55.0	0.23978	0.00928
 55.0	 56.0	0.22702	0.00962
 56.0	 57.0	0.20958	0.01012
 57.0	 58.0	0.20698	0.01162
 58.0	 59.0	0.18230	0.01200
 59.0	 60.0	0.20634	0.01443
 60.0	 61.0	0.17268	0.01205
 61.0	 62.0	0.16812	0.01340
 62.0	 63.0	0.16030	0.01567
 63.0	 64.0	0.17362	0.02313
 64.0	 65.0	0.14538	0.01876
 65.0	 66.0	0.13737	0.02274
 66.0	 67.0	0.13793	0.02704
 67.0	 68.0	0.13722	0.03766
 68.0	 69.0	0.06362	0.01986
 69.0	 70.0	0.11065	0.03534
 70.0	 71.0	0.08772	0.04177
 71.0	 72.0	0.18237	0.13981
 72.0	 73.0	0.01942	0.03330
 73.0	 74.0	0.08340	0.05814
 74.0	 75.0	0.02881	0.03932
 75.0	 76.0	0.02683	0.06640
 76.0	 77.0	0.43024	13.99148
 77.0	 78.0	0.00305	1.31111
 78.0	 79.0	0.01816	0.04273
 79.0	 80.0	0.07794	0.08388
 80.0	 81.0	0.03088	0.04710
 81.0	 82.0	0.01831	0.05465
 82.0	 83.0	0.08320	0.12268
 83.0	 84.0	0.14436	0.12711
 84.0	 85.0	0.03130	0.06035
 85.0	 86.0	0.01009	0.11389
 86.0	 87.0	0.06891	0.07589
 87.0	 88.0	0.06169	0.03387
 88.0	 89.0	0.04774	0.05108
 89.0	 90.0	0.00312	1.96995
 90.0	 91.0	0.08808	0.12335
 91.0	 92.0	0.02440	0.07763
 92.0	 93.0	0.05976	0.05374
 93.0	 94.0	0.08806	0.10429
 94.0	 95.0	0.09980	0.32452
 95.0	 96.0	0.04245	0.09035
 96.0	 97.0	0.14650	0.08603
 97.0	 98.0	0.06821	0.10844
 98.0	 99.0	0.08692	0.18176
 99.0	100.0	0.32653	0.21479
