  0.0	  5.0	0.50970	0.00137
  5.0	 10.0	0.68038	0.00089
 10.0	 15.0	0.76062	0.00070
 15.0	 20.0	0.79687	0.00063
 20.0	 25.0	0.80911	0.00060
 25.0	 30.0	0.80667	0.00062
 30.0	 35.0	0.79261	0.00066
 35.0	 40.0	0.76554	0.00074
 40.0	 45.0	0.72720	0.00084
 45.0	 50.0	0.67565	0.00098
 50.0	 55.0	0.60977	0.00115
 55.0	 60.0	0.53411	0.00138
 60.0	 65.0	0.44909	0.00171
 65.0	 70.0	0.36501	0.00224
 70.0	 75.0	0.27378	0.00309
 75.0	 80.0	0.21513	0.00497
 80.0	 85.0	0.15108	0.00901
 85.0	 90.0	1.17369	8.80410
 90.0	 95.0	0.22341	0.87787
 95.0	100.0	0.01637	0.57882
