  0.0	  2.0	0.42803	0.00258
  2.0	  4.0	0.52726	0.00204
  4.0	  6.0	0.60462	0.00167
  6.0	  8.0	0.66556	0.00144
  8.0	 10.0	0.70979	0.00128
 10.0	 12.0	0.74120	0.00117
 12.0	 14.0	0.76438	0.00109
 14.0	 16.0	0.78028	0.00104
 16.0	 18.0	0.79011	0.00100
 18.0	 20.0	0.79880	0.00097
 20.0	 22.0	0.80414	0.00096
 22.0	 24.0	0.80527	0.00096
 24.0	 26.0	0.80576	0.00096
 26.0	 28.0	0.80489	0.00098
 28.0	 30.0	0.80063	0.00100
 30.0	 32.0	0.79358	0.00103
 32.0	 34.0	0.78668	0.00106
 34.0	 36.0	0.77578	0.00111
 36.0	 38.0	0.76670	0.00115
 38.0	 40.0	0.75233	0.00121
 40.0	 42.0	0.73580	0.00127
 42.0	 44.0	0.71726	0.00134
 44.0	 46.0	0.69754	0.00143
 46.0	 48.0	0.68014	0.00152
 48.0	 50.0	0.65685	0.00161
 50.0	 52.0	0.62878	0.00172
 52.0	 54.0	0.59937	0.00185
 54.0	 56.0	0.57395	0.00198
 56.0	 58.0	0.54108	0.00214
 58.0	 60.0	0.50826	0.00231
 60.0	 62.0	0.47247	0.00252
 62.0	 64.0	0.43601	0.00276
 64.0	 66.0	0.39870	0.00305
 66.0	 68.0	0.36383	0.00341
 68.0	 70.0	0.33129	0.00387
 70.0	 72.0	0.29678	0.00431
 72.0	 74.0	0.26668	0.00522
 74.0	 76.0	0.23333	0.00606
 76.0	 78.0	0.20111	0.00726
 78.0	 80.0	0.18699	0.00964
 80.0	 82.0	0.15765	0.01082
 82.0	 84.0	0.13753	0.01469
 84.0	 86.0	0.16590	0.04386
 86.0	 88.0	0.17603	0.09859
 88.0	 90.0	0.26103	0.38039
 90.0	 92.0	0.16052	0.13074
 92.0	 94.0	0.10613	0.08253
 94.0	 96.0	0.27754	0.41072
 96.0	 98.0	0.08979	0.07403
 98.0	100.0	0.00857	0.80112
