  0.0	  2.0	0.44748	0.00261
  2.0	  4.0	0.55523	0.00205
  4.0	  6.0	0.64089	0.00167
  6.0	  8.0	0.70474	0.00143
  8.0	 10.0	0.74880	0.00126
 10.0	 12.0	0.78017	0.00115
 12.0	 14.0	0.80316	0.00107
 14.0	 16.0	0.81873	0.00100
 16.0	 18.0	0.82908	0.00096
 18.0	 20.0	0.83726	0.00094
 20.0	 22.0	0.84035	0.00092
 22.0	 24.0	0.84281	0.00092
 24.0	 26.0	0.84450	0.00092
 26.0	 28.0	0.84196	0.00094
 28.0	 30.0	0.83862	0.00096
 30.0	 32.0	0.83300	0.00099
 32.0	 34.0	0.82568	0.00103
 34.0	 36.0	0.81786	0.00107
 36.0	 38.0	0.80770	0.00113
 38.0	 40.0	0.79274	0.00118
 40.0	 42.0	0.77782	0.00125
 42.0	 44.0	0.76482	0.00132
 44.0	 46.0	0.74318	0.00142
 46.0	 48.0	0.72463	0.00151
 48.0	 50.0	0.69969	0.00161
 50.0	 52.0	0.67723	0.00173
 52.0	 54.0	0.65110	0.00186
 54.0	 56.0	0.61694	0.00200
 56.0	 58.0	0.58614	0.00217
 58.0	 60.0	0.55614	0.00236
 60.0	 62.0	0.51802	0.00258
 62.0	 64.0	0.48186	0.00283
 64.0	 66.0	0.44188	0.00313
 66.0	 68.0	0.40962	0.00353
 68.0	 70.0	0.36699	0.00399
 70.0	 72.0	0.32911	0.00444
 72.0	 74.0	0.30644	0.00543
 74.0	 76.0	0.26415	0.00629
 76.0	 78.0	0.23544	0.00757
 78.0	 80.0	0.21433	0.01007
 80.0	 82.0	0.18092	0.01130
 82.0	 84.0	0.15059	0.01449
 84.0	 86.0	0.18141	0.03195
 86.0	 88.0	0.46074	0.78706
 88.0	 90.0	0.17195	0.08496
 90.0	 92.0	0.25374	1.09684
 92.0	 94.0	0.11091	0.04482
 94.0	 96.0	0.07101	0.04846
 96.0	 98.0	0.11549	0.12518
 98.0	100.0	0.42329	1.25213
