  0.0	  1.0	0.40225	0.00385
  1.0	  2.0	0.45250	0.00348
  2.0	  3.0	0.50259	0.00306
  3.0	  4.0	0.55055	0.00271
  4.0	  5.0	0.58568	0.00245
  5.0	  6.0	0.62307	0.00227
  6.0	  7.0	0.65151	0.00209
  7.0	  8.0	0.67942	0.00197
  8.0	  9.0	0.70098	0.00185
  9.0	 10.0	0.71851	0.00176
 10.0	 11.0	0.73475	0.00169
 11.0	 12.0	0.74757	0.00163
 12.0	 13.0	0.76094	0.00157
 13.0	 14.0	0.76781	0.00153
 14.0	 15.0	0.77606	0.00148
 15.0	 16.0	0.78451	0.00146
 16.0	 17.0	0.78722	0.00142
 17.0	 18.0	0.79302	0.00140
 18.0	 19.0	0.79688	0.00138
 19.0	 20.0	0.80070	0.00137
 20.0	 21.0	0.80522	0.00136
 21.0	 22.0	0.80308	0.00135
 22.0	 23.0	0.80522	0.00135
 23.0	 24.0	0.80532	0.00136
 24.0	 25.0	0.80673	0.00136
 25.0	 26.0	0.80480	0.00136
 26.0	 27.0	0.80564	0.00138
 27.0	 28.0	0.80413	0.00138
 28.0	 29.0	0.80245	0.00141
 29.0	 30.0	0.79881	0.00142
 30.0	 31.0	0.79479	0.00143
 31.0	 32.0	0.79235	0.00147
 32.0	 33.0	0.78779	0.00148
 33.0	 34.0	0.78555	0.00151
 34.0	 35.0	0.77891	0.00154
 35.0	 36.0	0.77262	0.00159
 36.0	 37.0	0.77259	0.00161
 37.0	 38.0	0.76074	0.00165
 38.0	 39.0	0.75655	0.00168
 39.0	 40.0	0.74810	0.00173
 40.0	 41.0	0.74048	0.00177
 41.0	 42.0	0.73102	0.00183
 42.0	 43.0	0.72437	0.00187
 43.0	 44.0	0.71012	0.00192
 44.0	 45.0	0.70122	0.00199
 45.0	 46.0	0.69385	0.00206
 46.0	 47.0	0.68553	0.00212
 47.0	 48.0	0.67475	0.00217
 48.0	 49.0	0.66209	0.00224
 49.0	 50.0	0.65150	0.00231
 50.0	 51.0	0.63442	0.00239
 51.0	 52.0	0.62311	0.00248
 52.0	 53.0	0.60474	0.00258
 53.0	 54.0	0.59395	0.00264
 54.0	 55.0	0.58344	0.00275
 55.0	 56.0	0.56422	0.00285
 56.0	 57.0	0.55022	0.00298
 57.0	 58.0	0.53175	0.00306
 58.0	 59.0	0.51608	0.00319
 59.0	 60.0	0.50031	0.00336
 60.0	 61.0	0.48093	0.00349
 61.0	 62.0	0.46388	0.00365
 62.0	 63.0	0.44300	0.00383
 63.0	 64.0	0.42892	0.00398
 64.0	 65.0	0.40387	0.00417
 65.0	 66.0	0.39354	0.00445
 66.0	 67.0	0.37415	0.00469
 67.0	 68.0	0.35324	0.00497
 68.0	 69.0	0.33986	0.00528
 69.0	 70.0	0.32259	0.00568
 70.0	 71.0	0.31557	0.00598
 71.0	 72.0	0.27706	0.00622
 72.0	 73.0	0.26749	0.00698
 73.0	 74.0	0.26639	0.00787
 74.0	 75.0	0.23530	0.00829
 75.0	 76.0	0.23119	0.00889
 76.0	 77.0	0.20720	0.00952
 77.0	 78.0	0.19507	0.01122
 78.0	 79.0	0.18269	0.01166
 79.0	 80.0	0.19552	0.01692
 80.0	 81.0	0.15815	0.01546
 81.0	 82.0	0.15680	0.01517
 82.0	 83.0	0.14774	0.01976
 83.0	 84.0	0.12569	0.02195
 84.0	 85.0	0.14714	0.03867
 85.0	 86.0	0.23249	0.19648
 86.0	 87.0	0.23084	0.16308
 87.0	 88.0	0.10249	0.11369
 88.0	 89.0	0.16100	0.26324
 89.0	 90.0	0.15854	0.10033
 90.0	 91.0	0.04756	0.03965
 91.0	 92.0	0.14287	0.10028
 92.0	 93.0	0.07621	0.09585
 93.0	 94.0	0.17915	0.29915
 94.0	 95.0	0.14302	0.11073
 95.0	 96.0	0.16966	0.15748
 96.0	 97.0	0.10359	0.05817
 97.0	 98.0	0.40304	0.65496
 98.0	 99.0	0.07311	0.14359
 99.0	100.0	0.30975	0.33752
