  0.0	  1.0	0.46984	0.00370
  1.0	  2.0	0.47475	0.00364
  2.0	  3.0	0.49452	0.00362
  3.0	  4.0	0.50020	0.00358
  4.0	  5.0	0.50533	0.00358
  5.0	  6.0	0.51267	0.00357
  6.0	  7.0	0.50905	0.00356
  7.0	  8.0	0.51894	0.00358
  8.0	  9.0	0.51713	0.00359
  9.0	 10.0	0.51595	0.00360
 10.0	 11.0	0.51079	0.00360
 11.0	 12.0	0.52063	0.00367
 12.0	 13.0	0.51858	0.00372
 13.0	 14.0	0.51430	0.00370
 14.0	 15.0	0.51329	0.00372
 15.0	 16.0	0.51036	0.00374
 16.0	 17.0	0.51242	0.00376
 17.0	 18.0	0.51405	0.00389
 18.0	 19.0	0.50712	0.00386
 19.0	 20.0	0.50139	0.00392
 20.0	 21.0	0.50015	0.00393
 21.0	 22.0	0.49129	0.00394
 22.0	 23.0	0.49105	0.00404
 23.0	 24.0	0.48430	0.00404
 24.0	 25.0	0.47735	0.00412
 25.0	 26.0	0.47322	0.00417
 26.0	 27.0	0.48055	0.00428
 27.0	 28.0	0.46782	0.00432
 28.0	 29.0	0.46439	0.00440
 29.0	 30.0	0.46310	0.00452
 30.0	 31.0	0.45030	0.00449
 31.0	 32.0	0.45247	0.00460
 32.0	 33.0	0.44012	0.00474
 33.0	 34.0	0.43484	0.00479
 34.0	 35.0	0.43229	0.00487
 35.0	 36.0	0.42634	0.00504
 36.0	 37.0	0.40979	0.00502
 37.0	 38.0	0.40918	0.00529
 38.0	 39.0	0.40320	0.00541
 39.0	 40.0	0.37755	0.00528
 40.0	 41.0	0.38367	0.00567
 41.0	 42.0	0.36828	0.00565
 42.0	 43.0	0.36840	0.00582
 43.0	 44.0	0.35406	0.00609
 44.0	 45.0	0.33574	0.00619
 45.0	 46.0	0.33564	0.00647
 46.0	 47.0	0.33883	0.00698
 47.0	 48.0	0.31925	0.00704
 48.0	 49.0	0.29691	0.00703
 49.0	 50.0	0.29557	0.00748
 50.0	 51.0	0.28218	0.00745
 51.0	 52.0	0.26445	0.00777
 52.0	 53.0	0.25288	0.00848
 53.0	 54.0	0.26348	0.00955
 54.0	 55.0	0.24637	0.00938
 55.0	 56.0	0.22809	0.00965
 56.0	 57.0	0.20936	0.01011
 57.0	 58.0	0.20897	0.01152
 58.0	 59.0	0.18531	0.01204
 59.0	 60.0	0.20801	0.01448
 60.0	 61.0	0.16835	0.01194
 61.0	 62.0	0.15517	0.01296
 62.0	 63.0	0.11982	0.01414
 63.0	 64.0	0.16498	0.02251
 64.0	 65.0	0.12279	0.01751
 65.0	 66.0	0.13783	0.02301
 66.0	 67.0	0.11640	0.02482
 67.0	 68.0	0.09406	0.03123
 68.0	 69.0	0.07118	0.01997
 69.0	 70.0	0.09450	0.03276
 70.0	 71.0	0.10625	0.04865
 71.0	 72.0	0.05676	0.06378
 72.0	 73.0	0.03069	0.04076
 73.0	 74.0	0.02772	0.11324
 74.0	 75.0	0.01784	0.03225
 75.0	 76.0	0.04288	0.06185
 76.0	 77.0	0.02814	0.13756
 77.0	 78.0	0.00546	0.11919
 78.0	 79.0	0.04896	0.07768
 79.0	 80.0	0.12844	0.37400
 80.0	 81.0	0.02595	0.07593
 81.0	 82.0	0.01909	0.08368
 82.0	 83.0	0.05378	0.07442
 83.0	 84.0	0.02662	0.03877
 84.0	 85.0	0.04016	0.03522
 85.0	 86.0	0.00940	0.07073
 86.0	 87.0	0.06372	0.05525
 87.0	 88.0	0.03006	0.06234
 88.0	 89.0	0.07545	0.10671
 89.0	 90.0	0.03578	0.07954
 90.0	 91.0	0.06873	0.06716
 91.0	 92.0	0.02242	0.03151
 92.0	 93.0	0.11605	0.25308
 93.0	 94.0	0.04599	0.03475
 94.0	 95.0	0.08568	0.09701
 95.0	 96.0	0.05637	0.06382
 96.0	 97.0	0.07485	0.18218
 97.0	 98.0	0.10075	0.10779
 98.0	 99.0	0.31056	1.70032
 99.0	100.0	1.16667	1.97181
