  0.0	  5.0	0.52973	0.00138
  5.0	 10.0	0.71407	0.00088
 10.0	 15.0	0.79651	0.00069
 15.0	 20.0	0.83100	0.00061
 20.0	 25.0	0.84241	0.00058
 25.0	 30.0	0.84089	0.00060
 30.0	 35.0	0.82730	0.00065
 35.0	 40.0	0.80356	0.00072
 40.0	 45.0	0.76639	0.00083
 45.0	 50.0	0.71789	0.00097
 50.0	 55.0	0.65688	0.00116
 55.0	 60.0	0.57861	0.00140
 60.0	 65.0	0.49035	0.00175
 65.0	 70.0	0.39867	0.00229
 70.0	 75.0	0.30712	0.00319
 75.0	 80.0	0.23366	0.00507
 80.0	 85.0	0.16369	0.00865
 85.0	 90.0	0.26884	0.10268
 90.0	 95.0	0.14178	0.08523
 95.0	100.0	0.03861	0.05009
