  0.0	  5.0	0.53694	0.00166
  5.0	 10.0	0.57100	0.00165
 10.0	 15.0	0.57234	0.00170
 15.0	 20.0	0.56491	0.00177
 20.0	 25.0	0.54796	0.00186
 25.0	 30.0	0.52644	0.00201
 30.0	 35.0	0.49637	0.00218
 35.0	 40.0	0.45561	0.00242
 40.0	 45.0	0.40881	0.00275
 45.0	 50.0	0.36372	0.00329
 50.0	 55.0	0.29317	0.00392
 55.0	 60.0	0.23828	0.00531
 60.0	 65.0	0.17571	0.00710
 65.0	 70.0	0.12492	0.01226
 70.0	 75.0	0.13673	0.04482
 75.0	 80.0	0.06210	0.13303
 80.0	 85.0	0.08464	0.32932
 85.0	 90.0	0.00979	0.03302
 90.0	 95.0	0.04607	0.02930
 95.0	100.0	0.10734	0.29081
