  0.0	  1.0	0.62002	0.01357
  1.0	  2.0	0.67426	0.01195
  2.0	  3.0	0.71787	0.01061
  3.0	  4.0	0.76091	0.00907
  4.0	  5.0	0.80519	0.00823
  5.0	  6.0	0.82339	0.00730
  6.0	  7.0	0.85635	0.00673
  7.0	  8.0	0.86735	0.00609
  8.0	  9.0	0.88062	0.00561
  9.0	 10.0	0.89289	0.00534
 10.0	 11.0	0.90467	0.00508
 11.0	 12.0	0.90917	0.00478
 12.0	 13.0	0.91076	0.00457
 13.0	 14.0	0.91870	0.00458
 14.0	 15.0	0.92375	0.00449
 15.0	 16.0	0.92827	0.00419
 16.0	 17.0	0.93044	0.00410
 17.0	 18.0	0.92621	0.00391
 18.0	 19.0	0.92865	0.00395
 19.0	 20.0	0.93205	0.00378
 20.0	 21.0	0.93269	0.00380
 21.0	 22.0	0.93368	0.00386
 22.0	 23.0	0.93428	0.00381
 23.0	 24.0	0.93196	0.00381
 24.0	 25.0	0.92941	0.00377
 25.0	 26.0	0.93331	0.00383
 26.0	 27.0	0.93222	0.00384
 27.0	 28.0	0.93150	0.00384
 28.0	 29.0	0.92581	0.00387
 29.0	 30.0	0.93071	0.00398
 30.0	 31.0	0.92169	0.00398
 31.0	 32.0	0.92095	0.00409
 32.0	 33.0	0.92188	0.00411
 33.0	 34.0	0.91747	0.00419
 34.0	 35.0	0.91367	0.00421
 35.0	 36.0	0.91192	0.00439
 36.0	 37.0	0.90905	0.00459
 37.0	 38.0	0.90127	0.00467
 38.0	 39.0	0.89829	0.00475
 39.0	 40.0	0.89110	0.00488
 40.0	 41.0	0.89303	0.00500
 41.0	 42.0	0.88263	0.00520
 42.0	 43.0	0.88651	0.00534
 43.0	 44.0	0.87700	0.00545
 44.0	 45.0	0.86933	0.00571
 45.0	 46.0	0.86284	0.00600
 46.0	 47.0	0.85436	0.00614
 47.0	 48.0	0.84732	0.00623
 48.0	 49.0	0.82866	0.00655
 49.0	 50.0	0.83529	0.00689
 50.0	 51.0	0.80773	0.00682
 51.0	 52.0	0.79710	0.00728
 52.0	 53.0	0.78521	0.00761
 53.0	 54.0	0.78343	0.00800
 54.0	 55.0	0.76717	0.00834
 55.0	 56.0	0.75652	0.00875
 56.0	 57.0	0.74497	0.00913
 57.0	 58.0	0.73282	0.00964
 58.0	 59.0	0.71365	0.01030
 59.0	 60.0	0.69664	0.01052
 60.0	 61.0	0.66366	0.01100
 61.0	 62.0	0.67464	0.01198
 62.0	 63.0	0.62868	0.01161
 63.0	 64.0	0.61852	0.01288
 64.0	 65.0	0.59577	0.01370
 65.0	 66.0	0.58920	0.01464
 66.0	 67.0	0.53868	0.01462
 67.0	 68.0	0.54241	0.01701
 68.0	 69.0	0.48400	0.01657
 69.0	 70.0	0.50934	0.02006
 70.0	 71.0	0.45003	0.01810
 71.0	 72.0	0.43607	0.02147
 72.0	 73.0	0.41499	0.02026
 73.0	 74.0	0.43629	0.03156
 74.0	 75.0	0.38392	0.02739
 75.0	 76.0	0.35199	0.02914
 76.0	 77.0	0.34654	0.03043
 77.0	 78.0	0.27423	0.02880
 78.0	 79.0	0.28053	0.04132
 79.0	 80.0	0.21346	0.03127
 80.0	 81.0	0.23852	0.05102
 81.0	 82.0	0.19827	0.03927
 82.0	 83.0	0.23295	0.07618
 83.0	 84.0	0.15700	0.05136
 84.0	 85.0	0.20465	0.08956
 85.0	 86.0	0.28265	0.19608
 86.0	 87.0	0.09454	0.03839
 87.0	 88.0	0.11876	0.06106
 88.0	 89.0	0.08884	0.04876
 89.0	 90.0	0.00662	1.05187
 90.0	 91.0	0.13979	0.15084
 91.0	 92.0	0.07309	0.04760
 92.0	 93.0	0.01302	0.07755
 93.0	 94.0	0.18499	0.22324
 94.0	 95.0	0.18276	0.10944
 95.0	 96.0	0.09348	0.24556
 96.0	 97.0	0.33031	0.47694
 97.0	 98.0	0.65687	1.24621
 98.0	 99.0	0.52963	0.56884
 99.0	100.0	0.43112	0.32459
