  0.0	  2.0	0.64732	0.00898
  2.0	  4.0	0.73982	0.00692
  4.0	  6.0	0.81422	0.00548
  6.0	  8.0	0.86174	0.00453
  8.0	 10.0	0.88672	0.00387
 10.0	 12.0	0.90690	0.00349
 12.0	 14.0	0.91472	0.00323
 14.0	 16.0	0.92597	0.00307
 16.0	 18.0	0.92829	0.00283
 18.0	 20.0	0.93035	0.00273
 20.0	 22.0	0.93319	0.00271
 22.0	 24.0	0.93313	0.00269
 24.0	 26.0	0.93135	0.00269
 26.0	 28.0	0.93186	0.00272
 28.0	 30.0	0.92826	0.00278
 30.0	 32.0	0.92132	0.00285
 32.0	 34.0	0.91968	0.00293
 34.0	 36.0	0.91280	0.00304
 36.0	 38.0	0.90515	0.00327
 38.0	 40.0	0.89473	0.00341
 40.0	 42.0	0.88788	0.00361
 42.0	 44.0	0.88176	0.00382
 44.0	 46.0	0.86608	0.00414
 46.0	 48.0	0.85080	0.00437
 48.0	 50.0	0.83188	0.00475
 50.0	 52.0	0.80236	0.00498
 52.0	 54.0	0.78426	0.00552
 54.0	 56.0	0.76187	0.00604
 56.0	 58.0	0.73905	0.00663
 58.0	 60.0	0.70521	0.00736
 60.0	 62.0	0.66884	0.00811
 62.0	 64.0	0.62339	0.00863
 64.0	 66.0	0.59242	0.01001
 66.0	 68.0	0.53993	0.01110
 68.0	 70.0	0.49578	0.01281
 70.0	 72.0	0.44296	0.01385
 72.0	 74.0	0.42101	0.01721
 74.0	 76.0	0.36824	0.01996
 76.0	 78.0	0.31137	0.02098
 78.0	 80.0	0.24540	0.02518
 80.0	 82.0	0.21765	0.03143
 82.0	 84.0	0.19459	0.04293
 84.0	 86.0	0.23549	0.08712
 86.0	 88.0	0.10326	0.03246
 88.0	 90.0	0.08612	0.03790
 90.0	 92.0	0.03263	0.10194
 92.0	 94.0	0.04356	0.05741
 94.0	 96.0	0.13870	0.09253
 96.0	 98.0	0.24828	0.85208
 98.0	100.0	0.47275	0.35174
