  0.0	  5.0	0.71775	0.00463
  5.0	 10.0	0.86416	0.00276
 10.0	 15.0	0.91338	0.00210
 15.0	 20.0	0.92909	0.00178
 20.0	 25.0	0.93240	0.00170
 25.0	 30.0	0.93072	0.00173
 30.0	 35.0	0.91912	0.00184
 35.0	 40.0	0.90233	0.00208
 40.0	 45.0	0.88169	0.00239
 45.0	 50.0	0.84561	0.00284
 50.0	 55.0	0.78803	0.00339
 55.0	 60.0	0.72906	0.00431
 60.0	 65.0	0.63666	0.00543
 65.0	 70.0	0.53339	0.00729
 70.0	 75.0	0.42223	0.01006
 75.0	 80.0	0.29649	0.01411
 80.0	 85.0	0.20622	0.02445
 85.0	 90.0	0.12488	0.02592
 90.0	 95.0	0.06032	0.03983
 95.0	100.0	1.81893	774.07897
