  0.0	  5.0	0.66628	0.00487
  5.0	 10.0	0.67902	0.00453
 10.0	 15.0	0.67601	0.00461
 15.0	 20.0	0.65438	0.00459
 20.0	 25.0	0.63964	0.00490
 25.0	 30.0	0.60849	0.00517
 30.0	 35.0	0.56998	0.00539
 35.0	 40.0	0.53246	0.00608
 40.0	 45.0	0.47811	0.00687
 45.0	 50.0	0.42153	0.00795
 50.0	 55.0	0.33921	0.00947
 55.0	 60.0	0.27290	0.01290
 60.0	 65.0	0.19327	0.01820
 65.0	 70.0	0.12605	0.01965
 70.0	 75.0	0.06855	0.03199
 75.0	 80.0	0.00673	0.06459
 80.0	 85.0	0.02989	0.07163
 85.0	 90.0	0.01520	0.06824
 90.0	 95.0	0.10169	0.23929
 95.0	100.0	0.39488	1.43566
