  0.0	  2.0	0.65470	0.00795
  2.0	  4.0	0.66629	0.00752
  4.0	  6.0	0.68748	0.00748
  6.0	  8.0	0.67762	0.00716
  8.0	 10.0	0.67715	0.00706
 10.0	 12.0	0.68066	0.00735
 12.0	 14.0	0.68088	0.00736
 14.0	 16.0	0.65625	0.00712
 16.0	 18.0	0.66309	0.00729
 18.0	 20.0	0.64523	0.00725
 20.0	 22.0	0.64016	0.00762
 22.0	 24.0	0.64356	0.00783
 24.0	 26.0	0.62619	0.00787
 26.0	 28.0	0.61114	0.00816
 28.0	 30.0	0.59901	0.00832
 30.0	 32.0	0.58546	0.00829
 32.0	 34.0	0.56525	0.00863
 34.0	 36.0	0.54905	0.00908
 36.0	 38.0	0.53859	0.00937
 38.0	 40.0	0.51695	0.01000
 40.0	 42.0	0.50792	0.01092
 42.0	 44.0	0.46146	0.01047
 44.0	 46.0	0.45274	0.01170
 46.0	 48.0	0.42299	0.01242
 48.0	 50.0	0.40230	0.01322
 50.0	 52.0	0.34968	0.01323
 52.0	 54.0	0.33264	0.01650
 54.0	 56.0	0.31069	0.01756
 56.0	 58.0	0.28419	0.01953
 58.0	 60.0	0.25414	0.02278
 60.0	 62.0	0.23293	0.02829
 62.0	 64.0	0.18016	0.03383
 64.0	 66.0	0.13114	0.02333
 66.0	 68.0	0.15645	0.04955
 68.0	 70.0	0.10748	0.02755
 70.0	 72.0	0.01484	0.25777
 72.0	 74.0	0.07078	0.06086
 74.0	 76.0	0.03098	0.24060
 76.0	 78.0	0.02078	0.03529
 78.0	 80.0	0.05352	0.16785
 80.0	 82.0	0.08731	0.07851
 82.0	 84.0	0.00261	0.05773
 84.0	 86.0	0.02765	0.19435
 86.0	 88.0	0.08011	0.05753
 88.0	 90.0	0.06682	0.16756
 90.0	 92.0	0.11577	0.15127
 92.0	 94.0	0.04439	0.08706
 94.0	 96.0	0.04172	0.33174
 96.0	 98.0	1.09194	4.55570
 98.0	100.0	0.27648	1.15652
