  0.0	  1.0	0.64787	0.01107
  1.0	  2.0	0.66170	0.01143
  2.0	  3.0	0.66000	0.01083
  3.0	  4.0	0.67235	0.01044
  4.0	  5.0	0.68933	0.01070
  5.0	  6.0	0.68567	0.01046
  6.0	  7.0	0.67009	0.01017
  7.0	  8.0	0.68511	0.01009
  8.0	  9.0	0.67338	0.01001
  9.0	 10.0	0.68098	0.00995
 10.0	 11.0	0.68789	0.01060
 11.0	 12.0	0.67359	0.01021
 12.0	 13.0	0.68705	0.01050
 13.0	 14.0	0.67470	0.01033
 14.0	 15.0	0.65728	0.00996
 15.0	 16.0	0.65513	0.01020
 16.0	 17.0	0.66658	0.01025
 17.0	 18.0	0.65960	0.01038
 18.0	 19.0	0.64258	0.00994
 19.0	 20.0	0.64819	0.01060
 20.0	 21.0	0.65605	0.01099
 21.0	 22.0	0.62428	0.01058
 22.0	 23.0	0.63964	0.01072
 23.0	 24.0	0.64775	0.01146
 24.0	 25.0	0.63085	0.01108
 25.0	 26.0	0.62149	0.01118
 26.0	 27.0	0.61452	0.01145
 27.0	 28.0	0.60772	0.01162
 28.0	 29.0	0.60252	0.01168
 29.0	 30.0	0.59555	0.01186
 30.0	 31.0	0.59000	0.01161
 31.0	 32.0	0.58081	0.01184
 32.0	 33.0	0.56705	0.01181
 33.0	 34.0	0.56360	0.01264
 34.0	 35.0	0.54762	0.01243
 35.0	 36.0	0.55054	0.01329
 36.0	 37.0	0.53710	0.01324
 37.0	 38.0	0.53999	0.01327
 38.0	 39.0	0.51743	0.01354
 39.0	 40.0	0.51665	0.01481
 40.0	 41.0	0.51615	0.01534
 41.0	 42.0	0.49945	0.01553
 42.0	 43.0	0.46071	0.01434
 43.0	 44.0	0.46249	0.01530
 44.0	 45.0	0.45042	0.01648
 45.0	 46.0	0.45502	0.01660
 46.0	 47.0	0.42423	0.01672
 47.0	 48.0	0.42235	0.01854
 48.0	 49.0	0.41738	0.01848
 49.0	 50.0	0.38671	0.01893
 50.0	 51.0	0.35238	0.01771
 51.0	 52.0	0.34724	0.01989
 52.0	 53.0	0.32702	0.02141
 53.0	 54.0	0.33993	0.02579
 54.0	 55.0	0.33334	0.02367
 55.0	 56.0	0.28639	0.02617
 56.0	 57.0	0.30003	0.02700
 57.0	 58.0	0.26578	0.02831
 58.0	 59.0	0.23579	0.02433
 59.0	 60.0	0.29450	0.05373
 60.0	 61.0	0.20364	0.03559
 61.0	 62.0	0.26220	0.04568
 62.0	 63.0	0.18290	0.03353
 63.0	 64.0	0.20933	0.12320
 64.0	 65.0	0.13653	0.03285
 65.0	 66.0	0.12207	0.03413
 66.0	 67.0	0.10324	0.03559
 67.0	 68.0	0.79260	6.89697
 68.0	 69.0	0.14873	0.04673
 69.0	 70.0	0.07043	0.03403
 70.0	 71.0	0.02599	0.32872
 71.0	 72.0	0.00280	1.53268
 72.0	 73.0	0.02508	0.08685
 73.0	 74.0	0.13262	0.23649
 74.0	 75.0	0.03927	0.13329
 75.0	 76.0	0.01710	0.08347
 76.0	 77.0	0.16850	0.70671
 77.0	 78.0	0.01900	0.06206
 78.0	 79.0	0.03294	0.18866
 79.0	 80.0	0.06172	0.07104
 80.0	 81.0	0.02826	0.06950
 81.0	 82.0	0.18799	0.28302
 82.0	 83.0	0.02628	0.24938
 83.0	 84.0	0.02195	0.12020
 84.0	 85.0	0.34863	2.91738
 85.0	 86.0	0.13888	0.31687
 86.0	 87.0	0.08965	0.10015
 87.0	 88.0	0.06755	0.07497
 88.0	 89.0	0.14297	0.12852
 89.0	 90.0	0.39260	2.21449
 90.0	 91.0	0.01944	0.09974
 91.0	 92.0	0.12005	0.06277
 92.0	 93.0	0.11047	0.59186
 93.0	 94.0	0.15801	0.12970
 94.0	 95.0	0.10916	0.18186
 95.0	 96.0	0.28497	1.15186
 96.0	 97.0	0.54749	0.61392
 97.0	 98.0	0.36862	0.28282
 98.0	 99.0	0.73472	1.96166
 99.0	100.0	0.93974	0.45373
