  0.0	  5.0	0.58959	0.00355
  5.0	 10.0	0.76912	0.00219
 10.0	 15.0	0.83996	0.00169
 15.0	 20.0	0.86190	0.00146
 20.0	 25.0	0.86860	0.00140
 25.0	 30.0	0.86495	0.00143
 30.0	 35.0	0.84725	0.00155
 35.0	 40.0	0.82187	0.00172
 40.0	 45.0	0.78369	0.00199
 45.0	 50.0	0.73382	0.00231
 50.0	 55.0	0.66974	0.00277
 55.0	 60.0	0.58316	0.00329
 60.0	 65.0	0.49115	0.00409
 65.0	 70.0	0.38121	0.00520
 70.0	 75.0	0.27801	0.00684
 75.0	 80.0	0.19264	0.00920
 80.0	 85.0	0.12723	0.01610
 85.0	 90.0	0.03597	0.02236
 90.0	 95.0	0.07336	0.04437
 95.0	100.0	0.46812	2.13224
