  0.0	  2.0	0.50156	0.00672
  2.0	  4.0	0.62101	0.00533
  4.0	  6.0	0.70326	0.00423
  6.0	  8.0	0.76183	0.00353
  8.0	 10.0	0.79792	0.00313
 10.0	 12.0	0.82989	0.00283
 12.0	 14.0	0.84526	0.00259
 14.0	 16.0	0.85382	0.00247
 16.0	 18.0	0.86063	0.00233
 18.0	 20.0	0.86498	0.00223
 20.0	 22.0	0.86681	0.00221
 22.0	 24.0	0.86965	0.00222
 24.0	 26.0	0.86998	0.00222
 26.0	 28.0	0.86685	0.00223
 28.0	 30.0	0.86054	0.00233
 30.0	 32.0	0.85306	0.00239
 32.0	 34.0	0.84471	0.00248
 34.0	 36.0	0.83504	0.00253
 36.0	 38.0	0.82189	0.00269
 38.0	 40.0	0.81819	0.00282
 40.0	 42.0	0.79327	0.00301
 42.0	 44.0	0.78059	0.00317
 44.0	 46.0	0.76355	0.00338
 46.0	 48.0	0.73937	0.00360
 48.0	 50.0	0.71679	0.00382
 50.0	 52.0	0.68899	0.00413
 52.0	 54.0	0.66509	0.00448
 54.0	 56.0	0.62788	0.00478
 56.0	 58.0	0.59431	0.00511
 58.0	 60.0	0.55460	0.00547
 60.0	 62.0	0.51716	0.00605
 62.0	 64.0	0.48439	0.00667
 64.0	 66.0	0.43841	0.00723
 66.0	 68.0	0.39361	0.00814
 68.0	 70.0	0.34205	0.00877
 70.0	 72.0	0.30494	0.01014
 72.0	 74.0	0.26345	0.01106
 74.0	 76.0	0.24346	0.01216
 76.0	 78.0	0.20800	0.01513
 78.0	 80.0	0.14830	0.01562
 80.0	 82.0	0.18124	0.03151
 82.0	 84.0	0.06950	0.02693
 84.0	 86.0	0.09866	0.02682
 86.0	 88.0	0.03177	0.05661
 88.0	 90.0	0.00464	0.03717
 90.0	 92.0	0.08055	0.08281
 92.0	 94.0	0.04333	0.09852
 94.0	 96.0	0.02183	0.19283
 96.0	 98.0	0.18652	0.76557
 98.0	100.0	0.20949	0.24138
