  0.0	  1.0	0.48181	0.01011
  1.0	  2.0	0.52118	0.00897
  2.0	  3.0	0.59323	0.00794
  3.0	  4.0	0.64715	0.00715
  4.0	  5.0	0.68242	0.00631
  5.0	  6.0	0.72328	0.00568
  6.0	  7.0	0.74765	0.00508
  7.0	  8.0	0.77584	0.00489
  8.0	  9.0	0.79067	0.00454
  9.0	 10.0	0.80524	0.00432
 10.0	 11.0	0.82793	0.00408
 11.0	 12.0	0.83185	0.00392
 12.0	 13.0	0.83904	0.00373
 13.0	 14.0	0.85148	0.00359
 14.0	 15.0	0.84941	0.00355
 15.0	 16.0	0.85825	0.00344
 16.0	 17.0	0.86087	0.00333
 17.0	 18.0	0.86040	0.00325
 18.0	 19.0	0.86214	0.00318
 19.0	 20.0	0.86780	0.00311
 20.0	 21.0	0.86627	0.00310
 21.0	 22.0	0.86735	0.00315
 22.0	 23.0	0.86843	0.00313
 23.0	 24.0	0.87088	0.00314
 24.0	 25.0	0.87011	0.00314
 25.0	 26.0	0.86984	0.00314
 26.0	 27.0	0.86605	0.00312
 27.0	 28.0	0.86768	0.00318
 28.0	 29.0	0.86172	0.00328
 29.0	 30.0	0.85938	0.00330
 30.0	 31.0	0.85380	0.00337
 31.0	 32.0	0.85231	0.00338
 32.0	 33.0	0.84929	0.00346
 33.0	 34.0	0.84011	0.00355
 34.0	 35.0	0.84068	0.00355
 35.0	 36.0	0.82931	0.00360
 36.0	 37.0	0.82469	0.00381
 37.0	 38.0	0.81912	0.00380
 38.0	 39.0	0.82131	0.00400
 39.0	 40.0	0.81501	0.00399
 40.0	 41.0	0.80004	0.00424
 41.0	 42.0	0.78641	0.00429
 42.0	 43.0	0.78399	0.00443
 43.0	 44.0	0.77719	0.00453
 44.0	 45.0	0.77061	0.00473
 45.0	 46.0	0.75639	0.00481
 46.0	 47.0	0.74530	0.00509
 47.0	 48.0	0.73355	0.00508
 48.0	 49.0	0.71874	0.00531
 49.0	 50.0	0.71488	0.00551
 50.0	 51.0	0.69720	0.00578
 51.0	 52.0	0.68077	0.00591
 52.0	 53.0	0.67153	0.00622
 53.0	 54.0	0.65865	0.00646
 54.0	 55.0	0.63927	0.00660
 55.0	 56.0	0.61629	0.00693
 56.0	 57.0	0.60146	0.00702
 57.0	 58.0	0.58690	0.00745
 58.0	 59.0	0.55856	0.00755
 59.0	 60.0	0.55065	0.00793
 60.0	 61.0	0.52349	0.00852
 61.0	 62.0	0.51072	0.00859
 62.0	 63.0	0.49377	0.00909
 63.0	 64.0	0.47511	0.00980
 64.0	 65.0	0.44932	0.00990
 65.0	 66.0	0.42726	0.01058
 66.0	 67.0	0.39402	0.01104
 67.0	 68.0	0.39335	0.01204
 68.0	 69.0	0.35088	0.01224
 69.0	 70.0	0.33269	0.01259
 70.0	 71.0	0.29304	0.01308
 71.0	 72.0	0.31997	0.01603
 72.0	 73.0	0.29385	0.01654
 73.0	 74.0	0.23362	0.01487
 74.0	 75.0	0.24911	0.01686
 75.0	 76.0	0.23772	0.01757
 76.0	 77.0	0.19300	0.01844
 77.0	 78.0	0.22946	0.02627
 78.0	 79.0	0.16889	0.02376
 79.0	 80.0	0.12924	0.02103
 80.0	 81.0	0.16413	0.03714
 81.0	 82.0	0.20315	0.05869
 82.0	 83.0	0.09434	0.03548
 83.0	 84.0	0.04648	0.06088
 84.0	 85.0	0.11947	0.04005
 85.0	 86.0	0.07618	0.03598
 86.0	 87.0	0.04103	0.04530
 87.0	 88.0	0.03020	0.11413
 88.0	 89.0	0.00544	0.03966
 89.0	 90.0	0.00641	0.22004
 90.0	 91.0	0.04434	0.06477
 91.0	 92.0	0.14179	0.72486
 92.0	 93.0	0.10546	0.10823
 93.0	 94.0	0.14062	0.09867
 94.0	 95.0	0.05971	0.14528
 95.0	 96.0	0.28083	0.64840
 96.0	 97.0	0.44809	1.10643
 97.0	 98.0	0.25227	0.26886
 98.0	 99.0	0.06763	0.30582
 99.0	100.0	3.49729	18.61899
