  0.0	  2.0	0.51214	0.00605
  2.0	  4.0	0.51783	0.00578
  4.0	  6.0	0.52541	0.00565
  6.0	  8.0	0.52148	0.00562
  8.0	 10.0	0.53274	0.00557
 10.0	 12.0	0.51235	0.00557
 12.0	 14.0	0.51673	0.00569
 14.0	 16.0	0.50453	0.00559
 16.0	 18.0	0.50039	0.00566
 18.0	 20.0	0.49928	0.00580
 20.0	 22.0	0.49664	0.00603
 22.0	 24.0	0.47744	0.00599
 24.0	 26.0	0.47123	0.00616
 26.0	 28.0	0.45608	0.00637
 28.0	 30.0	0.43472	0.00651
 30.0	 32.0	0.42348	0.00672
 32.0	 34.0	0.42750	0.00699
 34.0	 36.0	0.39901	0.00725
 36.0	 38.0	0.38748	0.00737
 38.0	 40.0	0.37312	0.00751
 40.0	 42.0	0.35390	0.00800
 42.0	 44.0	0.34393	0.00861
 44.0	 46.0	0.31836	0.00911
 46.0	 48.0	0.30577	0.00961
 48.0	 50.0	0.27515	0.01047
 50.0	 52.0	0.27253	0.01199
 52.0	 54.0	0.24705	0.01266
 54.0	 56.0	0.21229	0.01389
 56.0	 58.0	0.18524	0.01552
 58.0	 60.0	0.18993	0.01710
 60.0	 62.0	0.13763	0.01724
 62.0	 64.0	0.13860	0.02369
 64.0	 66.0	0.15979	0.05471
 66.0	 68.0	0.09559	0.04538
 68.0	 70.0	0.04745	0.02940
 70.0	 72.0	0.06006	0.04124
 72.0	 74.0	0.01620	0.06304
 74.0	 76.0	0.10188	0.10111
 76.0	 78.0	0.01482	0.27031
 78.0	 80.0	0.03564	0.05376
 80.0	 82.0	0.03217	0.07168
 82.0	 84.0	0.08867	0.13584
 84.0	 86.0	0.06368	0.04798
 86.0	 88.0	0.02912	0.28659
 88.0	 90.0	0.01658	0.07557
 90.0	 92.0	0.03703	0.05608
 92.0	 94.0	0.12772	0.15470
 94.0	 96.0	0.01717	0.69410
 96.0	 98.0	0.01925	2.19440
 98.0	100.0	0.12800	0.38233
