  0.0	  1.0	0.51231	0.00863
  1.0	  2.0	0.51204	0.00849
  2.0	  3.0	0.52234	0.00827
  3.0	  4.0	0.51321	0.00809
  4.0	  5.0	0.52250	0.00808
  5.0	  6.0	0.52826	0.00792
  6.0	  7.0	0.53285	0.00803
  7.0	  8.0	0.51019	0.00786
  8.0	  9.0	0.52593	0.00789
  9.0	 10.0	0.53960	0.00786
 10.0	 11.0	0.51595	0.00784
 11.0	 12.0	0.50870	0.00792
 12.0	 13.0	0.51198	0.00810
 13.0	 14.0	0.52129	0.00801
 14.0	 15.0	0.51483	0.00784
 15.0	 16.0	0.49400	0.00797
 16.0	 17.0	0.49939	0.00799
 17.0	 18.0	0.50139	0.00802
 18.0	 19.0	0.50751	0.00808
 19.0	 20.0	0.49090	0.00832
 20.0	 21.0	0.49824	0.00858
 21.0	 22.0	0.49504	0.00847
 22.0	 23.0	0.47530	0.00837
 23.0	 24.0	0.47965	0.00858
 24.0	 25.0	0.46518	0.00874
 25.0	 26.0	0.47721	0.00869
 26.0	 27.0	0.45398	0.00889
 27.0	 28.0	0.45819	0.00912
 28.0	 29.0	0.43337	0.00904
 29.0	 30.0	0.43619	0.00938
 30.0	 31.0	0.42254	0.00953
 31.0	 32.0	0.42441	0.00949
 32.0	 33.0	0.43297	0.00974
 33.0	 34.0	0.42190	0.01003
 34.0	 35.0	0.40553	0.01010
 35.0	 36.0	0.39192	0.01043
 36.0	 37.0	0.37690	0.01054
 37.0	 38.0	0.39770	0.01030
 38.0	 39.0	0.38195	0.01062
 39.0	 40.0	0.36405	0.01063
 40.0	 41.0	0.37039	0.01121
 41.0	 42.0	0.33682	0.01142
 42.0	 43.0	0.33815	0.01178
 43.0	 44.0	0.35017	0.01263
 44.0	 45.0	0.33573	0.01306
 45.0	 46.0	0.30050	0.01275
 46.0	 47.0	0.32343	0.01412
 47.0	 48.0	0.28891	0.01311
 48.0	 49.0	0.27721	0.01465
 49.0	 50.0	0.27278	0.01498
 50.0	 51.0	0.27775	0.01667
 51.0	 52.0	0.26724	0.01726
 52.0	 53.0	0.25280	0.01706
 53.0	 54.0	0.24072	0.01897
 54.0	 55.0	0.19421	0.01649
 55.0	 56.0	0.24045	0.02540
 56.0	 57.0	0.20873	0.02343
 57.0	 58.0	0.16208	0.02064
 58.0	 59.0	0.22602	0.02551
 59.0	 60.0	0.15325	0.02300
 60.0	 61.0	0.11942	0.02308
 61.0	 62.0	0.15350	0.02638
 62.0	 63.0	0.15906	0.03249
 63.0	 64.0	0.11633	0.03478
 64.0	 65.0	0.16119	0.06699
 65.0	 66.0	0.15797	0.09279
 66.0	 67.0	0.09568	0.06533
 67.0	 68.0	0.08957	0.06597
 68.0	 69.0	0.05633	0.04379
 69.0	 70.0	0.04128	0.06928
 70.0	 71.0	0.05034	0.06786
 71.0	 72.0	0.03161	0.19342
 72.0	 73.0	0.02503	0.12240
 73.0	 74.0	0.06686	0.16419
 74.0	 75.0	0.73386	13.58953
 75.0	 76.0	0.02381	0.07585
 76.0	 77.0	0.04600	0.06927
 77.0	 78.0	0.33602	3.74671
 78.0	 79.0	0.00972	0.14087
 79.0	 80.0	0.06152	0.11709
 80.0	 81.0	0.03815	0.05389
 81.0	 82.0	0.03025	0.22224
 82.0	 83.0	0.01247	0.10647
 83.0	 84.0	0.10605	0.08187
 84.0	 85.0	0.11083	0.08244
 85.0	 86.0	0.08149	0.07276
 86.0	 87.0	0.06591	0.08414
 87.0	 88.0	0.07347	0.13652
 88.0	 89.0	0.15849	0.50220
 89.0	 90.0	0.05275	0.11276
 90.0	 91.0	0.01344	0.08056
 91.0	 92.0	0.07511	0.12852
 92.0	 93.0	0.15686	0.23201
 93.0	 94.0	0.19012	0.35962
 94.0	 95.0	0.07315	0.39797
 95.0	 96.0	0.31540	0.63016
 96.0	 97.0	0.40813	1.09922
 97.0	 98.0	0.07351	0.30194
 98.0	 99.0	0.19445	0.23901
 99.0	100.0	0.88882	0.94573
