  0.0	  5.0	0.51648	0.00371
  5.0	 10.0	0.52739	0.00354
 10.0	 15.0	0.51460	0.00355
 15.0	 20.0	0.49869	0.00361
 20.0	 25.0	0.48275	0.00382
 25.0	 30.0	0.45207	0.00403
 30.0	 35.0	0.42150	0.00437
 35.0	 40.0	0.38274	0.00469
 40.0	 45.0	0.34625	0.00535
 45.0	 50.0	0.29271	0.00619
 50.0	 55.0	0.24706	0.00769
 55.0	 60.0	0.19840	0.01048
 60.0	 65.0	0.13816	0.01364
 65.0	 70.0	0.08702	0.02414
 70.0	 75.0	0.01574	0.06826
 75.0	 80.0	0.04213	0.08734
 80.0	 85.0	0.03734	0.18332
 85.0	 90.0	0.06526	0.08623
 90.0	 95.0	0.05688	0.05663
 95.0	100.0	0.09585	0.24935
