  0.0	  1.0	0.48705	0.01022
  1.0	  2.0	0.53894	0.00928
  2.0	  3.0	0.59736	0.00800
  3.0	  4.0	0.63749	0.00704
  4.0	  5.0	0.68990	0.00638
  5.0	  6.0	0.72217	0.00567
  6.0	  7.0	0.76206	0.00518
  7.0	  8.0	0.77405	0.00488
  8.0	  9.0	0.79009	0.00453
  9.0	 10.0	0.81369	0.00436
 10.0	 11.0	0.81774	0.00403
 11.0	 12.0	0.82330	0.00388
 12.0	 13.0	0.84156	0.00375
 13.0	 14.0	0.84495	0.00356
 14.0	 15.0	0.85279	0.00357
 15.0	 16.0	0.85575	0.00343
 16.0	 17.0	0.85901	0.00332
 17.0	 18.0	0.86365	0.00326
 18.0	 19.0	0.86640	0.00320
 19.0	 20.0	0.87007	0.00312
 20.0	 21.0	0.87222	0.00312
 21.0	 22.0	0.87304	0.00317
 22.0	 23.0	0.87231	0.00314
 23.0	 24.0	0.87016	0.00314
 24.0	 25.0	0.86983	0.00314
 25.0	 26.0	0.86769	0.00313
 26.0	 27.0	0.87073	0.00314
 27.0	 28.0	0.86008	0.00315
 28.0	 29.0	0.85999	0.00328
 29.0	 30.0	0.85844	0.00330
 30.0	 31.0	0.85187	0.00336
 31.0	 32.0	0.85288	0.00338
 32.0	 33.0	0.84705	0.00345
 33.0	 34.0	0.84687	0.00358
 34.0	 35.0	0.83887	0.00354
 35.0	 36.0	0.84186	0.00365
 36.0	 37.0	0.82488	0.00381
 37.0	 38.0	0.82275	0.00382
 38.0	 39.0	0.81359	0.00396
 39.0	 40.0	0.80823	0.00396
 40.0	 41.0	0.80119	0.00424
 41.0	 42.0	0.79609	0.00434
 42.0	 43.0	0.79029	0.00447
 43.0	 44.0	0.77859	0.00454
 44.0	 45.0	0.76298	0.00469
 45.0	 46.0	0.75888	0.00483
 46.0	 47.0	0.74410	0.00508
 47.0	 48.0	0.73696	0.00511
 48.0	 49.0	0.72233	0.00533
 49.0	 50.0	0.70859	0.00546
 50.0	 51.0	0.70309	0.00582
 51.0	 52.0	0.68805	0.00598
 52.0	 53.0	0.66280	0.00614
 53.0	 54.0	0.65207	0.00639
 54.0	 55.0	0.63655	0.00658
 55.0	 56.0	0.61181	0.00688
 56.0	 57.0	0.60846	0.00710
 57.0	 58.0	0.57876	0.00735
 58.0	 59.0	0.56855	0.00769
 59.0	 60.0	0.54869	0.00791
 60.0	 61.0	0.52102	0.00847
 61.0	 62.0	0.52515	0.00883
 62.0	 63.0	0.49295	0.00907
 63.0	 64.0	0.45475	0.00938
 64.0	 65.0	0.44795	0.00987
 65.0	 66.0	0.42837	0.01061
 66.0	 67.0	0.41901	0.01174
 67.0	 68.0	0.37378	0.01144
 68.0	 69.0	0.36823	0.01284
 69.0	 70.0	0.32979	0.01248
 70.0	 71.0	0.31194	0.01393
 71.0	 72.0	0.28271	0.01417
 72.0	 73.0	0.26817	0.01509
 73.0	 74.0	0.29318	0.01867
 74.0	 75.0	0.25782	0.01745
 75.0	 76.0	0.24920	0.01842
 76.0	 77.0	0.21606	0.02064
 77.0	 78.0	0.16928	0.01938
 78.0	 79.0	0.16569	0.02330
 79.0	 80.0	0.15725	0.02559
 80.0	 81.0	0.16658	0.03769
 81.0	 82.0	0.10401	0.03005
 82.0	 83.0	0.13129	0.04937
 83.0	 84.0	0.04544	0.05952
 84.0	 85.0	0.09933	0.03330
 85.0	 86.0	0.11846	0.05595
 86.0	 87.0	0.07587	0.08378
 87.0	 88.0	0.02788	0.10537
 88.0	 89.0	0.16070	1.17234
 89.0	 90.0	0.39197	13.45848
 90.0	 91.0	0.13169	0.19238
 91.0	 92.0	0.01056	0.05400
 92.0	 93.0	0.07695	0.07897
 93.0	 94.0	0.09636	0.06762
 94.0	 95.0	0.05567	0.13544
 95.0	 96.0	0.07743	0.17877
 96.0	 97.0	0.09810	0.24222
 97.0	 98.0	0.14129	0.15058
 98.0	 99.0	0.19815	0.89608
 99.0	100.0	0.13429	0.71492
