  0.0	  5.0	0.59407	0.00358
  5.0	 10.0	0.77301	0.00220
 10.0	 15.0	0.83614	0.00168
 15.0	 20.0	0.86302	0.00146
 20.0	 25.0	0.87151	0.00140
 25.0	 30.0	0.86340	0.00143
 30.0	 35.0	0.84749	0.00155
 35.0	 40.0	0.82231	0.00172
 40.0	 45.0	0.78591	0.00199
 45.0	 50.0	0.73427	0.00231
 50.0	 55.0	0.66890	0.00276
 55.0	 60.0	0.58365	0.00330
 60.0	 65.0	0.48927	0.00407
 65.0	 70.0	0.38528	0.00526
 70.0	 75.0	0.28284	0.00696
 75.0	 80.0	0.19517	0.00932
 80.0	 85.0	0.11359	0.01438
 85.0	 90.0	0.06820	0.04239
 90.0	 95.0	0.08196	0.04956
 95.0	100.0	0.05819	0.26503
