  0.0	  2.0	0.51333	0.00688
  2.0	  4.0	0.61789	0.00530
  4.0	  6.0	0.70626	0.00425
  6.0	  8.0	0.76807	0.00355
  8.0	 10.0	0.80184	0.00315
 10.0	 12.0	0.82052	0.00279
 12.0	 14.0	0.84325	0.00258
 14.0	 16.0	0.85426	0.00247
 16.0	 18.0	0.86135	0.00233
 18.0	 20.0	0.86823	0.00223
 20.0	 22.0	0.87263	0.00222
 22.0	 24.0	0.87125	0.00222
 24.0	 26.0	0.86876	0.00222
 26.0	 28.0	0.86540	0.00222
 28.0	 30.0	0.85921	0.00233
 30.0	 32.0	0.85237	0.00238
 32.0	 34.0	0.84695	0.00249
 34.0	 36.0	0.84034	0.00254
 36.0	 38.0	0.82381	0.00270
 38.0	 40.0	0.81094	0.00280
 40.0	 42.0	0.79867	0.00303
 42.0	 44.0	0.78444	0.00319
 44.0	 46.0	0.76093	0.00336
 46.0	 48.0	0.74050	0.00360
 48.0	 50.0	0.71550	0.00382
 50.0	 52.0	0.69557	0.00417
 52.0	 54.0	0.65742	0.00443
 54.0	 56.0	0.62429	0.00476
 56.0	 58.0	0.59387	0.00511
 58.0	 60.0	0.55872	0.00551
 60.0	 62.0	0.52303	0.00612
 62.0	 64.0	0.47399	0.00652
 64.0	 66.0	0.43823	0.00723
 66.0	 68.0	0.39652	0.00820
 68.0	 70.0	0.34900	0.00895
 70.0	 72.0	0.29822	0.00992
 72.0	 74.0	0.27967	0.01174
 74.0	 76.0	0.25351	0.01267
 76.0	 78.0	0.19363	0.01408
 78.0	 80.0	0.16258	0.01712
 80.0	 82.0	0.13378	0.02326
 82.0	 84.0	0.07666	0.02970
 84.0	 86.0	0.10600	0.02881
 86.0	 88.0	0.03887	0.06927
 88.0	 90.0	0.15852	1.27115
 90.0	 92.0	0.04752	0.04886
 92.0	 94.0	0.23858	0.54244
 94.0	 96.0	0.24995	2.20742
 96.0	 98.0	0.22277	0.91437
 98.0	100.0	0.27138	0.31269
