  0.0	  5.0	0.51606	0.00371
  5.0	 10.0	0.53113	0.00356
 10.0	 15.0	0.52272	0.00361
 15.0	 20.0	0.51026	0.00369
 20.0	 25.0	0.48469	0.00384
 25.0	 30.0	0.45885	0.00409
 30.0	 35.0	0.42267	0.00438
 35.0	 40.0	0.39264	0.00482
 40.0	 45.0	0.34791	0.00538
 45.0	 50.0	0.29797	0.00630
 50.0	 55.0	0.23586	0.00734
 55.0	 60.0	0.17292	0.00914
 60.0	 65.0	0.13512	0.01334
 65.0	 70.0	0.08622	0.02392
 70.0	 75.0	0.17707	0.76803
 75.0	 80.0	0.07462	0.15467
 80.0	 85.0	0.00738	0.03623
 85.0	 90.0	0.06548	0.08652
 90.0	 95.0	0.05080	0.05057
 95.0	100.0	0.03857	0.10034
