  0.0	  1.0	0.50597	0.00853
  1.0	  2.0	0.51353	0.00852
  2.0	  3.0	0.53050	0.00840
  3.0	  4.0	0.51191	0.00807
  4.0	  5.0	0.51862	0.00802
  5.0	  6.0	0.52949	0.00794
  6.0	  7.0	0.53278	0.00803
  7.0	  8.0	0.53494	0.00824
  8.0	  9.0	0.52304	0.00784
  9.0	 10.0	0.53567	0.00780
 10.0	 11.0	0.52855	0.00803
 11.0	 12.0	0.53050	0.00826
 12.0	 13.0	0.50102	0.00793
 13.0	 14.0	0.52457	0.00806
 14.0	 15.0	0.52917	0.00806
 15.0	 16.0	0.52133	0.00841
 16.0	 17.0	0.51986	0.00832
 17.0	 18.0	0.51584	0.00825
 18.0	 19.0	0.50675	0.00807
 19.0	 20.0	0.48757	0.00826
 20.0	 21.0	0.48711	0.00839
 21.0	 22.0	0.49187	0.00842
 22.0	 23.0	0.48874	0.00860
 23.0	 24.0	0.48833	0.00874
 24.0	 25.0	0.46700	0.00878
 25.0	 26.0	0.47942	0.00873
 26.0	 27.0	0.47070	0.00922
 27.0	 28.0	0.45613	0.00908
 28.0	 29.0	0.45141	0.00941
 29.0	 30.0	0.43527	0.00936
 30.0	 31.0	0.42066	0.00949
 31.0	 32.0	0.43185	0.00965
 32.0	 33.0	0.42289	0.00952
 33.0	 34.0	0.42014	0.00999
 34.0	 35.0	0.41825	0.01042
 35.0	 36.0	0.38456	0.01024
 36.0	 37.0	0.39669	0.01109
 37.0	 38.0	0.41552	0.01076
 38.0	 39.0	0.37946	0.01055
 39.0	 40.0	0.38764	0.01131
 40.0	 41.0	0.37187	0.01126
 41.0	 42.0	0.35948	0.01219
 42.0	 43.0	0.34337	0.01197
 43.0	 44.0	0.33287	0.01201
 44.0	 45.0	0.33001	0.01284
 45.0	 46.0	0.30755	0.01305
 46.0	 47.0	0.31081	0.01357
 47.0	 48.0	0.31065	0.01410
 48.0	 49.0	0.29067	0.01536
 49.0	 50.0	0.26838	0.01474
 50.0	 51.0	0.24554	0.01474
 51.0	 52.0	0.23939	0.01546
 52.0	 53.0	0.23568	0.01590
 53.0	 54.0	0.23588	0.01859
 54.0	 55.0	0.22082	0.01875
 55.0	 56.0	0.15780	0.01667
 56.0	 57.0	0.17224	0.01933
 57.0	 58.0	0.19297	0.02457
 58.0	 59.0	0.17648	0.01992
 59.0	 60.0	0.17238	0.02587
 60.0	 61.0	0.18938	0.03660
 61.0	 62.0	0.13771	0.02367
 62.0	 63.0	0.13031	0.02662
 63.0	 64.0	0.10722	0.03205
 64.0	 65.0	0.10196	0.04238
 65.0	 66.0	0.10275	0.06035
 66.0	 67.0	0.05232	0.03573
 67.0	 68.0	0.07679	0.05655
 68.0	 69.0	0.19870	0.15446
 69.0	 70.0	0.04278	0.07179
 70.0	 71.0	0.04102	0.05530
 71.0	 72.0	0.18850	1.15337
 72.0	 73.0	0.02251	0.11009
 73.0	 74.0	0.03979	0.09771
 74.0	 75.0	0.01071	0.19826
 75.0	 76.0	0.11712	0.37313
 76.0	 77.0	0.08279	0.12467
 77.0	 78.0	0.03884	0.43307
 78.0	 79.0	0.01889	0.27372
 79.0	 80.0	0.06249	0.11895
 80.0	 81.0	0.13860	0.19576
 81.0	 82.0	0.24246	1.78105
 82.0	 83.0	0.02781	0.23743
 83.0	 84.0	0.08789	0.06785
 84.0	 85.0	0.05172	0.03847
 85.0	 86.0	0.08152	0.07278
 86.0	 87.0	0.10938	0.13963
 87.0	 88.0	0.04649	0.08638
 88.0	 89.0	0.02494	0.07903
 89.0	 90.0	0.03506	0.07493
 90.0	 91.0	0.05086	0.30494
 91.0	 92.0	0.10381	0.17763
 92.0	 93.0	0.10384	0.15358
 93.0	 94.0	0.04282	0.08099
 94.0	 95.0	0.17668	0.96126
 95.0	 96.0	0.07729	0.15443
 96.0	 97.0	0.12062	0.32487
 97.0	 98.0	0.08118	0.33348
 98.0	 99.0	0.31901	0.39210
 99.0	100.0	0.30370	0.32314
