  0.0	  2.0	0.50973	0.00602
  2.0	  4.0	0.52111	0.00582
  4.0	  6.0	0.52409	0.00564
  6.0	  8.0	0.53389	0.00575
  8.0	 10.0	0.52933	0.00553
 10.0	 12.0	0.52950	0.00576
 12.0	 14.0	0.51277	0.00565
 14.0	 16.0	0.52530	0.00582
 16.0	 18.0	0.51784	0.00586
 18.0	 20.0	0.49724	0.00577
 20.0	 22.0	0.48948	0.00594
 22.0	 24.0	0.48855	0.00613
 24.0	 26.0	0.47324	0.00619
 26.0	 28.0	0.46338	0.00647
 28.0	 30.0	0.44333	0.00664
 30.0	 32.0	0.42620	0.00677
 32.0	 34.0	0.42148	0.00689
 34.0	 36.0	0.40155	0.00730
 36.0	 38.0	0.40628	0.00772
 38.0	 40.0	0.38336	0.00772
 40.0	 42.0	0.36580	0.00827
 42.0	 44.0	0.33826	0.00847
 44.0	 46.0	0.31928	0.00914
 46.0	 48.0	0.31093	0.00977
 48.0	 50.0	0.27947	0.01063
 50.0	 52.0	0.24245	0.01067
 52.0	 54.0	0.23547	0.01207
 54.0	 56.0	0.19036	0.01246
 56.0	 58.0	0.18158	0.01521
 58.0	 60.0	0.17462	0.01572
 60.0	 62.0	0.15899	0.01991
 62.0	 64.0	0.11947	0.02042
 64.0	 66.0	0.10222	0.03500
 66.0	 68.0	0.06214	0.02950
 68.0	 70.0	0.09812	0.06079
 70.0	 72.0	0.06647	0.04563
 72.0	 74.0	0.06406	0.24921
 74.0	 76.0	0.05210	0.05171
 76.0	 78.0	0.31117	5.67623
 78.0	 80.0	0.05201	0.07846
 80.0	 82.0	0.19606	0.43681
 82.0	 84.0	0.05318	0.08147
 84.0	 86.0	0.09710	0.07316
 86.0	 88.0	0.18571	1.82765
 88.0	 90.0	0.07218	0.32904
 90.0	 92.0	0.08762	0.13268
 92.0	 94.0	0.04927	0.05968
 94.0	 96.0	0.00838	0.33887
 96.0	 98.0	1.90657	217.28600
 98.0	100.0	0.63932	1.90965
