  0.0	  2.0	0.52085	0.00616
  2.0	  4.0	0.54707	0.00611
  4.0	  6.0	0.56554	0.00609
  6.0	  8.0	0.56178	0.00605
  8.0	 10.0	0.57309	0.00599
 10.0	 12.0	0.57065	0.00621
 12.0	 14.0	0.57637	0.00635
 14.0	 16.0	0.57139	0.00633
 16.0	 18.0	0.56041	0.00634
 18.0	 20.0	0.56755	0.00659
 20.0	 22.0	0.54317	0.00659
 22.0	 24.0	0.54513	0.00684
 24.0	 26.0	0.53536	0.00700
 26.0	 28.0	0.51862	0.00724
 28.0	 30.0	0.51986	0.00778
 30.0	 32.0	0.50835	0.00807
 32.0	 34.0	0.48851	0.00799
 34.0	 36.0	0.46698	0.00849
 36.0	 38.0	0.45096	0.00857
 38.0	 40.0	0.45152	0.00909
 40.0	 42.0	0.42556	0.00962
 42.0	 44.0	0.40818	0.01022
 44.0	 46.0	0.38375	0.01098
 46.0	 48.0	0.35660	0.01120
 48.0	 50.0	0.33019	0.01256
 50.0	 52.0	0.31460	0.01384
 52.0	 54.0	0.28298	0.01450
 54.0	 56.0	0.29292	0.01917
 56.0	 58.0	0.23744	0.01989
 58.0	 60.0	0.21026	0.01893
 60.0	 62.0	0.20303	0.02543
 62.0	 64.0	0.16732	0.02860
 64.0	 66.0	0.06843	0.02343
 66.0	 68.0	0.10445	0.04959
 68.0	 70.0	0.09608	0.05952
 70.0	 72.0	0.08528	0.05855
 72.0	 74.0	0.03525	0.13715
 74.0	 76.0	0.04319	0.04287
 76.0	 78.0	0.00688	0.12551
 78.0	 80.0	0.05584	0.08424
 80.0	 82.0	0.02665	0.05938
 82.0	 84.0	0.02836	0.04344
 84.0	 86.0	0.05583	0.04206
 86.0	 88.0	0.00767	0.07545
 88.0	 90.0	0.03653	0.16654
 90.0	 92.0	0.06613	0.10014
 92.0	 94.0	0.07427	0.08997
 94.0	 96.0	0.48805	19.72905
 96.0	 98.0	0.00602	0.68603
 98.0	100.0	0.14616	0.43659
