  0.0	  5.0	0.50412	0.00314
  5.0	 10.0	0.67738	0.00205
 10.0	 15.0	0.75471	0.00165
 15.0	 20.0	0.79430	0.00146
 20.0	 25.0	0.80415	0.00140
 25.0	 30.0	0.80254	0.00144
 30.0	 35.0	0.78853	0.00155
 35.0	 40.0	0.75708	0.00172
 40.0	 45.0	0.72332	0.00196
 45.0	 50.0	0.67071	0.00227
 50.0	 55.0	0.60213	0.00266
 55.0	 60.0	0.53582	0.00324
 60.0	 65.0	0.44380	0.00399
 65.0	 70.0	0.36110	0.00529
 70.0	 75.0	0.27696	0.00735
 75.0	 80.0	0.19678	0.01064
 80.0	 85.0	0.10819	0.01661
 85.0	 90.0	0.13509	0.03631
 90.0	 95.0	0.14205	0.11042
 95.0	100.0	0.74816	5.71843
