  0.0	  1.0	0.41979	0.00883
  1.0	  2.0	0.46454	0.00811
  2.0	  3.0	0.48691	0.00696
  3.0	  4.0	0.55733	0.00629
  4.0	  5.0	0.58566	0.00571
  5.0	  6.0	0.62644	0.00521
  6.0	  7.0	0.66061	0.00481
  7.0	  8.0	0.67953	0.00456
  8.0	  9.0	0.70466	0.00429
  9.0	 10.0	0.72441	0.00406
 10.0	 11.0	0.74235	0.00388
 11.0	 12.0	0.75916	0.00378
 12.0	 13.0	0.76228	0.00365
 13.0	 14.0	0.76708	0.00353
 14.0	 15.0	0.77325	0.00348
 15.0	 16.0	0.78944	0.00338
 16.0	 17.0	0.78925	0.00329
 17.0	 18.0	0.80080	0.00323
 18.0	 19.0	0.79685	0.00323
 19.0	 20.0	0.80921	0.00313
 20.0	 21.0	0.80696	0.00312
 21.0	 22.0	0.81018	0.00313
 22.0	 23.0	0.80569	0.00314
 23.0	 24.0	0.80889	0.00314
 24.0	 25.0	0.80512	0.00313
 25.0	 26.0	0.80930	0.00313
 26.0	 27.0	0.80960	0.00315
 27.0	 28.0	0.81030	0.00319
 28.0	 29.0	0.80716	0.00328
 29.0	 30.0	0.79880	0.00330
 30.0	 31.0	0.79698	0.00335
 31.0	 32.0	0.79416	0.00339
 32.0	 33.0	0.79424	0.00345
 33.0	 34.0	0.78775	0.00353
 34.0	 35.0	0.78404	0.00355
 35.0	 36.0	0.78214	0.00362
 36.0	 37.0	0.77337	0.00381
 37.0	 38.0	0.76216	0.00385
 38.0	 39.0	0.75429	0.00389
 39.0	 40.0	0.74677	0.00400
 40.0	 41.0	0.74657	0.00414
 41.0	 42.0	0.73439	0.00430
 42.0	 43.0	0.72444	0.00438
 43.0	 44.0	0.72210	0.00445
 44.0	 45.0	0.70935	0.00461
 45.0	 46.0	0.69325	0.00475
 46.0	 47.0	0.68867	0.00497
 47.0	 48.0	0.67943	0.00502
 48.0	 49.0	0.65959	0.00522
 49.0	 50.0	0.65181	0.00533
 50.0	 51.0	0.64699	0.00555
 51.0	 52.0	0.62298	0.00573
 52.0	 53.0	0.61607	0.00602
 53.0	 54.0	0.59649	0.00616
 54.0	 55.0	0.58078	0.00639
 55.0	 56.0	0.56800	0.00678
 56.0	 57.0	0.54497	0.00686
 57.0	 58.0	0.55072	0.00735
 58.0	 59.0	0.50650	0.00751
 59.0	 60.0	0.48912	0.00772
 60.0	 61.0	0.48963	0.00833
 61.0	 62.0	0.46250	0.00838
 62.0	 63.0	0.45077	0.00892
 63.0	 64.0	0.44490	0.00962
 64.0	 65.0	0.41680	0.00995
 65.0	 66.0	0.40920	0.01052
 66.0	 67.0	0.37019	0.01105
 67.0	 68.0	0.34725	0.01169
 68.0	 69.0	0.32550	0.01262
 69.0	 70.0	0.36071	0.01437
 70.0	 71.0	0.34462	0.01588
 71.0	 72.0	0.26236	0.01482
 72.0	 73.0	0.31075	0.01712
 73.0	 74.0	0.25464	0.01816
 74.0	 75.0	0.23421	0.01786
 75.0	 76.0	0.21135	0.01787
 76.0	 77.0	0.22678	0.02296
 77.0	 78.0	0.18879	0.02341
 78.0	 79.0	0.17971	0.02767
 79.0	 80.0	0.16386	0.03157
 80.0	 81.0	0.14903	0.02716
 81.0	 82.0	0.14065	0.02991
 82.0	 83.0	0.10831	0.04651
 83.0	 84.0	0.22753	0.23041
 84.0	 85.0	0.08342	0.04247
 85.0	 86.0	0.25759	0.22932
 86.0	 87.0	0.09879	0.07039
 87.0	 88.0	0.13804	0.09866
 88.0	 89.0	0.16863	0.34847
 89.0	 90.0	0.21327	0.18387
 90.0	 91.0	0.22469	2.26640
 91.0	 92.0	0.05375	1.64372
 92.0	 93.0	0.74802	15.72755
 93.0	 94.0	0.05125	0.05371
 94.0	 95.0	0.06546	0.28227
 95.0	 96.0	0.07817	0.06927
 96.0	 97.0	0.09713	0.18014
 97.0	 98.0	0.17463	0.36970
 98.0	 99.0	0.65309	3.26924
 99.0	100.0	0.08547	0.44887
