  0.0	  1.0	0.47577	0.00851
  1.0	  2.0	0.47731	0.00853
  2.0	  3.0	0.48559	0.00823
  3.0	  4.0	0.50977	0.00863
  4.0	  5.0	0.51267	0.00849
  5.0	  6.0	0.50630	0.00824
  6.0	  7.0	0.51049	0.00823
  7.0	  8.0	0.52479	0.00853
  8.0	  9.0	0.50102	0.00829
  9.0	 10.0	0.50363	0.00806
 10.0	 11.0	0.51123	0.00849
 11.0	 12.0	0.51328	0.00855
 12.0	 13.0	0.53467	0.00896
 13.0	 14.0	0.51113	0.00846
 14.0	 15.0	0.49905	0.00844
 15.0	 16.0	0.51041	0.00888
 16.0	 17.0	0.51338	0.00875
 17.0	 18.0	0.50344	0.00869
 18.0	 19.0	0.50495	0.00875
 19.0	 20.0	0.50409	0.00925
 20.0	 21.0	0.48765	0.00904
 21.0	 22.0	0.49452	0.00910
 22.0	 23.0	0.48986	0.00935
 23.0	 24.0	0.48902	0.00942
 24.0	 25.0	0.49367	0.00984
 25.0	 26.0	0.46344	0.00931
 26.0	 27.0	0.47242	0.00989
 27.0	 28.0	0.45668	0.00994
 28.0	 29.0	0.47803	0.01063
 29.0	 30.0	0.46161	0.01064
 30.0	 31.0	0.46953	0.01121
 31.0	 32.0	0.46069	0.01094
 32.0	 33.0	0.44912	0.01085
 33.0	 34.0	0.42749	0.01097
 34.0	 35.0	0.41588	0.01108
 35.0	 36.0	0.43315	0.01223
 36.0	 37.0	0.41167	0.01220
 37.0	 38.0	0.38782	0.01109
 38.0	 39.0	0.38256	0.01199
 39.0	 40.0	0.38937	0.01240
 40.0	 41.0	0.36255	0.01226
 41.0	 42.0	0.38038	0.01371
 42.0	 43.0	0.34900	0.01384
 43.0	 44.0	0.34842	0.01365
 44.0	 45.0	0.32333	0.01370
 45.0	 46.0	0.37024	0.01645
 46.0	 47.0	0.30935	0.01462
 47.0	 48.0	0.30314	0.01545
 48.0	 49.0	0.31253	0.01685
 49.0	 50.0	0.29035	0.01751
 50.0	 51.0	0.27712	0.01826
 51.0	 52.0	0.25614	0.01858
 52.0	 53.0	0.23083	0.01899
 53.0	 54.0	0.22532	0.01945
 54.0	 55.0	0.26925	0.02491
 55.0	 56.0	0.19538	0.02478
 56.0	 57.0	0.24209	0.02700
 57.0	 58.0	0.20869	0.02817
 58.0	 59.0	0.17129	0.02232
 59.0	 60.0	0.17962	0.03045
 60.0	 61.0	0.15361	0.03115
 61.0	 62.0	0.19324	0.03607
 62.0	 63.0	0.11904	0.03089
 63.0	 64.0	0.11292	0.04192
 64.0	 65.0	0.08999	0.03308
 65.0	 66.0	0.11666	0.03830
 66.0	 67.0	0.17879	0.11095
 67.0	 68.0	0.02110	0.15345
 68.0	 69.0	0.12770	0.04868
 69.0	 70.0	0.14269	0.23577
 70.0	 71.0	0.06295	0.19915
 71.0	 72.0	0.09559	0.06701
 72.0	 73.0	0.07536	0.50468
 73.0	 74.0	0.00898	0.31826
 74.0	 75.0	0.01159	0.17202
 75.0	 76.0	0.08865	0.11558
 76.0	 77.0	0.03793	0.08514
 77.0	 78.0	0.04404	0.03559
 78.0	 79.0	0.05231	0.80947
 79.0	 80.0	0.00781	0.05910
 80.0	 81.0	0.04324	0.07790
 81.0	 82.0	0.03052	0.13923
 82.0	 83.0	0.05953	0.30047
 83.0	 84.0	0.03861	0.10169
 84.0	 85.0	0.05161	0.07809
 85.0	 86.0	0.01062	0.15197
 86.0	 87.0	0.01449	0.67623
 87.0	 88.0	0.11633	0.10281
 88.0	 89.0	0.10202	0.07665
 89.0	 90.0	0.10152	0.38218
 90.0	 91.0	0.01425	0.05318
 91.0	 92.0	0.14561	0.15843
 92.0	 93.0	0.07675	0.06684
 93.0	 94.0	0.07245	0.08996
 94.0	 95.0	0.08302	0.12474
 95.0	 96.0	0.24767	0.31404
 96.0	 97.0	0.10759	0.14768
 97.0	 98.0	0.13499	0.22744
 98.0	 99.0	0.10222	0.32446
 99.0	100.0	1.22538	1.24543
