  0.0	  2.0	0.44791	0.00600
  2.0	  4.0	0.54862	0.00470
  4.0	  6.0	0.64123	0.00386
  6.0	  8.0	0.70966	0.00328
  8.0	 10.0	0.74483	0.00292
 10.0	 12.0	0.78272	0.00266
 12.0	 14.0	0.80554	0.00247
 14.0	 16.0	0.81528	0.00236
 16.0	 18.0	0.82789	0.00224
 18.0	 20.0	0.83935	0.00216
 20.0	 22.0	0.83854	0.00214
 22.0	 24.0	0.84094	0.00214
 24.0	 26.0	0.84000	0.00214
 26.0	 28.0	0.84267	0.00217
 28.0	 30.0	0.83597	0.00226
 30.0	 32.0	0.82973	0.00232
 32.0	 34.0	0.82325	0.00242
 34.0	 36.0	0.81604	0.00247
 36.0	 38.0	0.80993	0.00265
 38.0	 40.0	0.79177	0.00273
 40.0	 42.0	0.77667	0.00295
 42.0	 44.0	0.76177	0.00309
 44.0	 46.0	0.74275	0.00328
 46.0	 48.0	0.72334	0.00352
 48.0	 50.0	0.69975	0.00373
 50.0	 52.0	0.66784	0.00401
 52.0	 54.0	0.64295	0.00433
 54.0	 56.0	0.61697	0.00470
 56.0	 58.0	0.59148	0.00508
 58.0	 60.0	0.55966	0.00552
 60.0	 62.0	0.51489	0.00602
 62.0	 64.0	0.48478	0.00667
 64.0	 66.0	0.44660	0.00737
 66.0	 68.0	0.39879	0.00824
 68.0	 70.0	0.38235	0.00980
 70.0	 72.0	0.33746	0.01122
 72.0	 74.0	0.29686	0.01246
 74.0	 76.0	0.26615	0.01330
 76.0	 78.0	0.23247	0.01691
 78.0	 80.0	0.23535	0.02478
 80.0	 82.0	0.11103	0.01930
 82.0	 84.0	0.26023	0.10082
 84.0	 86.0	0.14586	0.03965
 86.0	 88.0	0.31860	0.56770
 88.0	 90.0	0.07149	0.57331
 90.0	 92.0	0.09513	0.09780
 92.0	 94.0	0.03788	0.08612
 94.0	 96.0	0.03034	0.26799
 96.0	 98.0	0.02193	0.09001
 98.0	100.0	0.51837	0.59728
