  0.0	  5.0	0.54028	0.00388
  5.0	 10.0	0.56716	0.00380
 10.0	 15.0	0.57353	0.00396
 15.0	 20.0	0.56497	0.00409
 20.0	 25.0	0.54290	0.00430
 25.0	 30.0	0.52179	0.00465
 30.0	 35.0	0.49043	0.00508
 35.0	 40.0	0.45633	0.00560
 40.0	 45.0	0.40746	0.00630
 45.0	 50.0	0.35544	0.00751
 50.0	 55.0	0.30241	0.00941
 55.0	 60.0	0.23170	0.01224
 60.0	 65.0	0.16708	0.01649
 65.0	 70.0	0.08694	0.02411
 70.0	 75.0	0.01766	0.07662
 75.0	 80.0	0.01569	0.03252
 80.0	 85.0	0.07623	0.37429
 85.0	 90.0	0.02382	0.03147
 90.0	 95.0	0.08387	0.08350
 95.0	100.0	0.14140	0.36783
