  0.0	  2.0	0.44246	0.00598
  2.0	  4.0	0.52339	0.00468
  4.0	  6.0	0.60647	0.00386
  6.0	  8.0	0.67013	0.00331
  8.0	 10.0	0.71452	0.00295
 10.0	 12.0	0.75077	0.00271
 12.0	 14.0	0.76468	0.00254
 14.0	 16.0	0.78133	0.00243
 16.0	 18.0	0.79505	0.00231
 18.0	 20.0	0.80305	0.00225
 20.0	 22.0	0.80856	0.00221
 22.0	 24.0	0.80728	0.00222
 24.0	 26.0	0.80721	0.00221
 26.0	 28.0	0.80995	0.00224
 28.0	 30.0	0.80295	0.00232
 30.0	 32.0	0.79558	0.00238
 32.0	 34.0	0.79101	0.00247
 34.0	 36.0	0.78309	0.00253
 36.0	 38.0	0.76775	0.00271
 38.0	 40.0	0.75056	0.00279
 40.0	 42.0	0.74054	0.00299
 42.0	 44.0	0.72326	0.00312
 44.0	 46.0	0.70137	0.00331
 46.0	 48.0	0.68401	0.00353
 48.0	 50.0	0.65571	0.00373
 50.0	 52.0	0.63502	0.00399
 52.0	 54.0	0.60629	0.00431
 54.0	 56.0	0.57442	0.00465
 56.0	 58.0	0.54767	0.00501
 58.0	 60.0	0.49790	0.00538
 60.0	 62.0	0.47618	0.00591
 62.0	 64.0	0.44769	0.00655
 64.0	 66.0	0.41301	0.00723
 66.0	 68.0	0.35903	0.00803
 68.0	 70.0	0.34226	0.00948
 70.0	 72.0	0.30419	0.01083
 72.0	 74.0	0.28479	0.01239
 74.0	 76.0	0.22361	0.01260
 76.0	 78.0	0.20893	0.01631
 78.0	 80.0	0.17217	0.02078
 80.0	 82.0	0.14512	0.02007
 82.0	 84.0	0.18802	0.10119
 84.0	 86.0	0.13737	0.04881
 86.0	 88.0	0.11937	0.05854
 88.0	 90.0	0.18825	0.41367
 90.0	 92.0	0.12017	1.03390
 92.0	 94.0	0.03973	0.13083
 94.0	 96.0	0.06790	0.08822
 96.0	 98.0	0.40863	4.82816
 98.0	100.0	0.28789	0.59922
