  0.0	  5.0	0.50618	0.00315
  5.0	 10.0	0.67999	0.00205
 10.0	 15.0	0.76087	0.00164
 15.0	 20.0	0.79717	0.00145
 20.0	 25.0	0.80736	0.00140
 25.0	 30.0	0.80703	0.00144
 30.0	 35.0	0.79143	0.00155
 35.0	 40.0	0.76379	0.00172
 40.0	 45.0	0.72746	0.00196
 45.0	 50.0	0.67462	0.00226
 50.0	 55.0	0.61303	0.00267
 55.0	 60.0	0.53235	0.00323
 60.0	 65.0	0.45352	0.00402
 65.0	 70.0	0.36307	0.00530
 70.0	 75.0	0.28342	0.00741
 75.0	 80.0	0.19521	0.01043
 80.0	 85.0	0.13571	0.01868
 85.0	 90.0	0.18698	0.09547
 90.0	 95.0	0.09917	0.11455
 95.0	100.0	0.09069	0.08364
