  0.0	  5.0	0.49224	0.00379
  5.0	 10.0	0.50918	0.00370
 10.0	 15.0	0.51374	0.00383
 15.0	 20.0	0.50722	0.00396
 20.0	 25.0	0.49088	0.00418
 25.0	 30.0	0.46611	0.00449
 30.0	 35.0	0.44469	0.00492
 35.0	 40.0	0.40083	0.00535
 40.0	 45.0	0.35322	0.00598
 45.0	 50.0	0.31743	0.00719
 50.0	 55.0	0.25124	0.00879
 55.0	 60.0	0.19982	0.01162
 60.0	 65.0	0.13545	0.01523
 65.0	 70.0	0.11960	0.02801
 70.0	 75.0	0.07348	0.04700
 75.0	 80.0	0.01283	0.09582
 80.0	 85.0	0.05754	0.12065
 85.0	 90.0	0.03379	0.03844
 90.0	 95.0	0.03081	0.05387
 95.0	100.0	0.22295	0.54993
