  0.0	  1.0	0.40583	0.00877
  1.0	  2.0	0.45914	0.00808
  2.0	  3.0	0.50390	0.00697
  3.0	  4.0	0.54343	0.00626
  4.0	  5.0	0.58964	0.00571
  5.0	  6.0	0.61739	0.00522
  6.0	  7.0	0.65220	0.00482
  7.0	  8.0	0.68767	0.00454
  8.0	  9.0	0.70777	0.00427
  9.0	 10.0	0.71702	0.00406
 10.0	 11.0	0.73356	0.00391
 11.0	 12.0	0.74598	0.00381
 12.0	 13.0	0.76367	0.00365
 13.0	 14.0	0.76109	0.00355
 14.0	 15.0	0.76885	0.00349
 15.0	 16.0	0.78847	0.00337
 16.0	 17.0	0.79031	0.00328
 17.0	 18.0	0.79199	0.00326
 18.0	 19.0	0.79761	0.00322
 19.0	 20.0	0.80298	0.00315
 20.0	 21.0	0.80557	0.00312
 21.0	 22.0	0.79805	0.00317
 22.0	 23.0	0.80595	0.00311
 23.0	 24.0	0.80476	0.00317
 24.0	 25.0	0.80639	0.00313
 25.0	 26.0	0.80320	0.00315
 26.0	 27.0	0.80217	0.00317
 27.0	 28.0	0.80211	0.00322
 28.0	 29.0	0.80074	0.00328
 29.0	 30.0	0.80448	0.00328
 30.0	 31.0	0.79394	0.00337
 31.0	 32.0	0.78939	0.00340
 32.0	 33.0	0.79237	0.00345
 33.0	 34.0	0.78861	0.00353
 34.0	 35.0	0.77845	0.00355
 35.0	 36.0	0.76925	0.00365
 36.0	 37.0	0.76886	0.00383
 37.0	 38.0	0.75504	0.00388
 38.0	 39.0	0.75135	0.00390
 39.0	 40.0	0.74081	0.00400
 40.0	 41.0	0.73763	0.00415
 41.0	 42.0	0.73383	0.00431
 42.0	 43.0	0.73297	0.00436
 43.0	 44.0	0.71319	0.00446
 44.0	 45.0	0.69849	0.00461
 45.0	 46.0	0.68793	0.00475
 46.0	 47.0	0.68759	0.00496
 47.0	 48.0	0.67457	0.00503
 48.0	 49.0	0.65331	0.00524
 49.0	 50.0	0.64974	0.00535
 50.0	 51.0	0.62788	0.00555
 51.0	 52.0	0.61876	0.00573
 52.0	 53.0	0.60297	0.00601
 53.0	 54.0	0.59157	0.00614
 54.0	 55.0	0.56767	0.00639
 55.0	 56.0	0.57770	0.00680
 56.0	 57.0	0.55105	0.00686
 57.0	 58.0	0.52993	0.00730
 58.0	 59.0	0.51649	0.00753
 59.0	 60.0	0.50107	0.00777
 60.0	 61.0	0.47254	0.00828
 61.0	 62.0	0.46288	0.00835
 62.0	 63.0	0.45482	0.00894
 63.0	 64.0	0.42408	0.00947
 64.0	 65.0	0.40097	0.00982
 65.0	 66.0	0.39604	0.01044
 66.0	 67.0	0.36636	0.01097
 67.0	 68.0	0.36502	0.01183
 68.0	 69.0	0.34914	0.01287
 69.0	 70.0	0.32543	0.01386
 70.0	 71.0	0.32831	0.01562
 71.0	 72.0	0.29015	0.01522
 72.0	 73.0	0.27819	0.01639
 73.0	 74.0	0.24905	0.01758
 74.0	 75.0	0.23014	0.01794
 75.0	 76.0	0.21892	0.01811
 76.0	 77.0	0.23184	0.02371
 77.0	 78.0	0.16438	0.02274
 78.0	 79.0	0.18778	0.02858
 79.0	 80.0	0.17913	0.03484
 80.0	 81.0	0.08495	0.02719
 81.0	 82.0	0.10768	0.03086
 82.0	 83.0	0.11243	0.03709
 83.0	 84.0	0.25779	0.42143
 84.0	 85.0	0.08984	0.04952
 85.0	 86.0	0.14144	0.06511
 86.0	 87.0	0.14291	0.07672
 87.0	 88.0	0.03747	0.28203
 88.0	 89.0	0.21316	0.10711
 89.0	 90.0	0.04374	0.15187
 90.0	 91.0	0.06049	0.08216
 91.0	 92.0	0.18953	0.24285
 92.0	 93.0	0.39620	5.55375
 93.0	 94.0	0.05047	0.12785
 94.0	 95.0	0.04559	0.17084
 95.0	 96.0	0.29359	0.23818
 96.0	 97.0	0.16644	0.16630
 97.0	 98.0	0.44735	0.57311
 98.0	 99.0	0.72974	2.04581
 99.0	100.0	0.51377	1.33807
