  0.0	  1.0	0.51158	0.00862
  1.0	  2.0	0.53030	0.00879
  2.0	  3.0	0.53346	0.00845
  3.0	  4.0	0.56090	0.00885
  4.0	  5.0	0.56534	0.00874
  5.0	  6.0	0.56576	0.00848
  6.0	  7.0	0.55811	0.00841
  7.0	  8.0	0.56551	0.00872
  8.0	  9.0	0.57298	0.00859
  9.0	 10.0	0.57329	0.00835
 10.0	 11.0	0.57643	0.00876
 11.0	 12.0	0.56483	0.00880
 12.0	 13.0	0.58428	0.00924
 13.0	 14.0	0.56878	0.00874
 14.0	 15.0	0.57363	0.00873
 15.0	 16.0	0.56916	0.00918
 16.0	 17.0	0.56079	0.00898
 17.0	 18.0	0.56003	0.00896
 18.0	 19.0	0.57084	0.00909
 19.0	 20.0	0.56432	0.00956
 20.0	 21.0	0.54097	0.00932
 21.0	 22.0	0.54537	0.00934
 22.0	 23.0	0.54974	0.00968
 23.0	 24.0	0.54047	0.00967
 24.0	 25.0	0.53823	0.01012
 25.0	 26.0	0.53264	0.00970
 26.0	 27.0	0.51811	0.01015
 27.0	 28.0	0.51910	0.01033
 28.0	 29.0	0.52675	0.01098
 29.0	 30.0	0.51296	0.01103
 30.0	 31.0	0.51020	0.01151
 31.0	 32.0	0.50651	0.01132
 32.0	 33.0	0.49919	0.01123
 33.0	 34.0	0.47765	0.01136
 34.0	 35.0	0.45804	0.01141
 35.0	 36.0	0.47693	0.01270
 36.0	 37.0	0.45275	0.01266
 37.0	 38.0	0.44955	0.01164
 38.0	 39.0	0.45925	0.01277
 39.0	 40.0	0.44346	0.01294
 40.0	 41.0	0.43003	0.01302
 41.0	 42.0	0.42109	0.01428
 42.0	 43.0	0.42283	0.01473
 43.0	 44.0	0.39355	0.01420
 44.0	 45.0	0.36808	0.01432
 45.0	 46.0	0.40184	0.01705
 46.0	 47.0	0.34864	0.01522
 47.0	 48.0	0.36483	0.01656
 48.0	 49.0	0.32225	0.01703
 49.0	 50.0	0.33865	0.01860
 50.0	 51.0	0.32385	0.01944
 51.0	 52.0	0.30523	0.01971
 52.0	 53.0	0.31270	0.02110
 53.0	 54.0	0.25287	0.01992
 54.0	 55.0	0.32053	0.02721
 55.0	 56.0	0.25835	0.02729
 56.0	 57.0	0.24035	0.02698
 57.0	 58.0	0.23250	0.02961
 58.0	 59.0	0.21059	0.02376
 59.0	 60.0	0.21038	0.03157
 60.0	 61.0	0.17459	0.03374
 61.0	 62.0	0.22866	0.03930
 62.0	 63.0	0.17167	0.03507
 63.0	 64.0	0.16467	0.04923
 64.0	 65.0	0.08168	0.03395
 65.0	 66.0	0.05516	0.03240
 66.0	 67.0	0.13906	0.09495
 67.0	 68.0	0.07428	0.05470
 68.0	 69.0	0.06763	0.05257
 69.0	 70.0	0.12829	0.21532
 70.0	 71.0	0.21010	0.28323
 71.0	 72.0	0.01409	0.08621
 72.0	 73.0	0.13802	0.67496
 73.0	 74.0	0.03514	0.08629
 74.0	 75.0	0.01328	0.24588
 75.0	 76.0	0.03700	0.11789
 76.0	 77.0	0.04880	0.07349
 77.0	 78.0	0.00609	0.06790
 78.0	 79.0	0.19804	2.86944
 79.0	 80.0	0.03338	0.06353
 80.0	 81.0	0.05426	0.07664
 81.0	 82.0	0.01202	0.08828
 82.0	 83.0	0.06419	0.54799
 83.0	 84.0	0.05666	0.04374
 84.0	 85.0	0.10946	0.08142
 85.0	 86.0	0.06351	0.05670
 86.0	 87.0	0.04403	0.05621
 87.0	 88.0	0.05009	0.09307
 88.0	 89.0	0.04445	0.14084
 89.0	 90.0	0.12340	0.26377
 90.0	 91.0	0.13900	0.83346
 91.0	 92.0	0.04158	0.07115
 92.0	 93.0	0.03762	0.05565
 93.0	 94.0	0.07711	0.14586
 94.0	 95.0	0.01975	0.10748
 95.0	 96.0	0.06735	0.13456
 96.0	 97.0	0.04946	0.13322
 97.0	 98.0	0.66902	2.74815
 98.0	 99.0	0.38095	0.46823
 99.0	100.0	0.57074	0.60728
