  0.0	  5.0	0.49459	0.00379
  5.0	 10.0	0.52057	0.00372
 10.0	 15.0	0.52030	0.00385
 15.0	 20.0	0.50705	0.00396
 20.0	 25.0	0.49063	0.00417
 25.0	 30.0	0.46677	0.00450
 30.0	 35.0	0.43975	0.00490
 35.0	 40.0	0.40667	0.00538
 40.0	 45.0	0.35941	0.00602
 45.0	 50.0	0.31979	0.00720
 50.0	 55.0	0.25911	0.00884
 55.0	 60.0	0.19821	0.01150
 60.0	 65.0	0.15293	0.01599
 65.0	 70.0	0.10242	0.02575
 70.0	 75.0	0.00881	0.24683
 75.0	 80.0	0.03384	0.03367
 80.0	 85.0	0.08036	0.12022
 85.0	 90.0	0.02580	0.05408
 90.0	 95.0	0.04628	0.05933
 95.0	100.0	0.13772	0.33575
