  0.0	  2.0	0.43289	0.00595
  2.0	  4.0	0.52421	0.00467
  4.0	  6.0	0.60374	0.00386
  6.0	  8.0	0.67010	0.00331
  8.0	 10.0	0.71236	0.00295
 10.0	 12.0	0.73979	0.00273
 12.0	 14.0	0.76237	0.00255
 14.0	 16.0	0.77864	0.00243
 16.0	 18.0	0.79115	0.00231
 18.0	 20.0	0.80030	0.00225
 20.0	 22.0	0.80182	0.00222
 22.0	 24.0	0.80536	0.00222
 24.0	 26.0	0.80480	0.00222
 26.0	 28.0	0.80214	0.00226
 28.0	 30.0	0.80262	0.00232
 30.0	 32.0	0.79169	0.00239
 32.0	 34.0	0.79049	0.00247
 34.0	 36.0	0.77389	0.00255
 36.0	 38.0	0.76193	0.00273
 38.0	 40.0	0.74613	0.00279
 40.0	 42.0	0.73575	0.00299
 42.0	 44.0	0.72310	0.00312
 44.0	 46.0	0.69326	0.00331
 46.0	 48.0	0.68103	0.00354
 48.0	 50.0	0.65152	0.00374
 50.0	 52.0	0.62331	0.00399
 52.0	 54.0	0.59727	0.00430
 54.0	 56.0	0.57250	0.00466
 56.0	 58.0	0.54071	0.00500
 58.0	 60.0	0.50888	0.00541
 60.0	 62.0	0.46779	0.00588
 62.0	 64.0	0.43959	0.00651
 64.0	 66.0	0.39848	0.00715
 66.0	 68.0	0.36557	0.00804
 68.0	 70.0	0.33739	0.00943
 70.0	 72.0	0.30947	0.01090
 72.0	 74.0	0.26411	0.01199
 74.0	 76.0	0.22538	0.01270
 76.0	 78.0	0.19885	0.01642
 78.0	 80.0	0.18318	0.02210
 80.0	 82.0	0.09580	0.01967
 82.0	 84.0	0.14733	0.05223
 84.0	 86.0	0.11948	0.03715
 86.0	 88.0	0.11537	0.06187
 88.0	 90.0	0.14780	0.06479
 90.0	 92.0	0.11443	0.08399
 92.0	 94.0	0.04452	0.25487
 94.0	 96.0	0.06924	0.14791
 96.0	 98.0	0.12353	0.22893
 98.0	100.0	0.67240	1.41149
