  0.0	  2.0	0.47653	0.00603
  2.0	  4.0	0.49763	0.00596
  4.0	  6.0	0.50943	0.00591
  6.0	  8.0	0.51758	0.00592
  8.0	 10.0	0.50238	0.00578
 10.0	 12.0	0.51230	0.00602
 12.0	 14.0	0.52268	0.00615
 14.0	 16.0	0.50457	0.00612
 16.0	 18.0	0.50841	0.00616
 18.0	 20.0	0.50447	0.00636
 20.0	 22.0	0.49111	0.00641
 22.0	 24.0	0.48955	0.00663
 24.0	 26.0	0.47836	0.00676
 26.0	 28.0	0.46457	0.00701
 28.0	 30.0	0.46983	0.00752
 30.0	 32.0	0.46511	0.00783
 32.0	 34.0	0.43843	0.00771
 34.0	 36.0	0.42409	0.00821
 36.0	 38.0	0.39927	0.00821
 38.0	 40.0	0.38592	0.00862
 40.0	 42.0	0.37095	0.00914
 42.0	 44.0	0.34871	0.00972
 44.0	 46.0	0.34528	0.01054
 46.0	 48.0	0.30622	0.01062
 48.0	 50.0	0.30192	0.01213
 50.0	 52.0	0.26696	0.01301
 52.0	 54.0	0.22810	0.01358
 54.0	 56.0	0.23437	0.01745
 56.0	 58.0	0.22614	0.01949
 58.0	 60.0	0.17435	0.01805
 60.0	 62.0	0.17314	0.02362
 62.0	 64.0	0.11547	0.02488
 64.0	 66.0	0.10461	0.02497
 66.0	 68.0	0.11136	0.05017
 68.0	 70.0	0.14261	0.07130
 70.0	 72.0	0.10005	0.06118
 72.0	 74.0	0.04716	0.11452
 74.0	 76.0	0.04860	0.04755
 76.0	 78.0	0.01931	0.06833
 78.0	 80.0	0.01797	0.27395
 80.0	 82.0	0.04645	0.04124
 82.0	 84.0	0.06457	0.08968
 84.0	 86.0	0.00524	0.07094
 86.0	 88.0	0.05060	0.25259
 88.0	 90.0	0.03284	0.06094
 90.0	 92.0	0.05234	0.04900
 92.0	 94.0	0.03500	0.10560
 94.0	 96.0	0.23673	0.42908
 96.0	 98.0	0.16086	0.17165
 98.0	100.0	0.26984	0.32757
