  0.0	  5.0	0.52595	0.00317
  5.0	 10.0	0.71524	0.00204
 10.0	 15.0	0.79739	0.00160
 15.0	 20.0	0.83105	0.00141
 20.0	 25.0	0.83967	0.00135
 25.0	 30.0	0.83958	0.00139
 30.0	 35.0	0.82473	0.00151
 35.0	 40.0	0.80354	0.00168
 40.0	 45.0	0.76468	0.00194
 45.0	 50.0	0.71716	0.00226
 50.0	 55.0	0.64967	0.00268
 55.0	 60.0	0.58227	0.00329
 60.0	 65.0	0.49289	0.00410
 65.0	 70.0	0.39839	0.00543
 70.0	 75.0	0.30949	0.00761
 75.0	 80.0	0.23650	0.01130
 80.0	 85.0	0.15010	0.01900
 85.0	 90.0	0.18623	0.11575
 90.0	 95.0	0.07899	0.04777
 95.0	100.0	0.02970	0.13527
