  0.0	  2.0	0.47690	0.00602
  2.0	  4.0	0.49835	0.00596
  4.0	  6.0	0.51885	0.00594
  6.0	  8.0	0.51575	0.00592
  8.0	 10.0	0.52772	0.00586
 10.0	 12.0	0.52190	0.00605
 12.0	 14.0	0.51900	0.00616
 14.0	 16.0	0.51567	0.00616
 16.0	 18.0	0.51042	0.00617
 18.0	 20.0	0.50138	0.00635
 20.0	 22.0	0.49019	0.00641
 22.0	 24.0	0.49147	0.00663
 24.0	 26.0	0.47736	0.00678
 26.0	 28.0	0.47102	0.00704
 28.0	 30.0	0.46393	0.00750
 30.0	 32.0	0.45343	0.00775
 32.0	 34.0	0.43176	0.00767
 34.0	 36.0	0.42391	0.00822
 36.0	 38.0	0.41779	0.00836
 38.0	 40.0	0.38876	0.00863
 40.0	 42.0	0.37633	0.00920
 42.0	 44.0	0.36496	0.00982
 44.0	 46.0	0.33007	0.01038
 46.0	 48.0	0.30795	0.01063
 48.0	 50.0	0.31753	0.01235
 50.0	 52.0	0.26745	0.01303
 52.0	 54.0	0.24787	0.01380
 54.0	 56.0	0.23445	0.01729
 56.0	 58.0	0.21590	0.01916
 58.0	 60.0	0.17974	0.01790
 60.0	 62.0	0.16815	0.02343
 62.0	 64.0	0.14746	0.02728
 64.0	 66.0	0.09905	0.02412
 66.0	 68.0	0.12067	0.05247
 68.0	 70.0	0.12150	0.06553
 70.0	 72.0	0.03180	0.04575
 72.0	 74.0	0.08108	0.22741
 74.0	 76.0	0.03751	0.05706
 76.0	 78.0	0.03307	0.04762
 78.0	 80.0	0.05800	0.08228
 80.0	 82.0	0.04677	0.03577
 82.0	 84.0	0.01555	0.08199
 84.0	 86.0	0.03877	0.05672
 86.0	 88.0	0.06838	0.21068
 88.0	 90.0	0.11878	0.11918
 90.0	 92.0	0.03476	0.37723
 92.0	 94.0	0.16734	0.26239
 94.0	 96.0	0.06148	0.08421
 96.0	 98.0	0.57978	1.29469
 98.0	100.0	0.15237	0.28503
