  0.0	  1.0	0.47155	0.00846
  1.0	  2.0	0.48231	0.00856
  2.0	  3.0	0.48042	0.00823
  3.0	  4.0	0.51650	0.00864
  4.0	  5.0	0.52221	0.00854
  5.0	  6.0	0.51560	0.00828
  6.0	  7.0	0.50816	0.00823
  7.0	  8.0	0.52348	0.00853
  8.0	  9.0	0.52809	0.00840
  9.0	 10.0	0.52743	0.00817
 10.0	 11.0	0.52304	0.00854
 11.0	 12.0	0.52068	0.00859
 12.0	 13.0	0.52819	0.00895
 13.0	 14.0	0.51017	0.00847
 14.0	 15.0	0.51971	0.00852
 15.0	 16.0	0.51157	0.00890
 16.0	 17.0	0.51139	0.00872
 17.0	 18.0	0.50942	0.00873
 18.0	 19.0	0.49543	0.00873
 19.0	 20.0	0.50772	0.00925
 20.0	 21.0	0.50214	0.00912
 21.0	 22.0	0.47808	0.00903
 22.0	 23.0	0.50144	0.00941
 23.0	 24.0	0.48135	0.00934
 24.0	 25.0	0.49020	0.00983
 25.0	 26.0	0.46488	0.00937
 26.0	 27.0	0.47126	0.00990
 27.0	 28.0	0.47078	0.01000
 28.0	 29.0	0.47120	0.01058
 29.0	 30.0	0.45663	0.01063
 30.0	 31.0	0.45663	0.01104
 31.0	 32.0	0.45020	0.01089
 32.0	 33.0	0.43706	0.01076
 33.0	 34.0	0.42628	0.01094
 34.0	 35.0	0.42819	0.01117
 35.0	 36.0	0.41969	0.01214
 36.0	 37.0	0.42142	0.01233
 37.0	 38.0	0.41463	0.01135
 38.0	 39.0	0.40717	0.01221
 39.0	 40.0	0.36974	0.01220
 40.0	 41.0	0.38284	0.01248
 41.0	 42.0	0.36927	0.01362
 42.0	 43.0	0.36908	0.01404
 43.0	 44.0	0.36053	0.01375
 44.0	 45.0	0.31250	0.01362
 45.0	 46.0	0.34960	0.01605
 46.0	 47.0	0.31961	0.01478
 47.0	 48.0	0.29597	0.01531
 48.0	 49.0	0.32607	0.01708
 49.0	 50.0	0.30868	0.01788
 50.0	 51.0	0.26527	0.01804
 51.0	 52.0	0.26975	0.01883
 52.0	 53.0	0.24857	0.01931
 53.0	 54.0	0.24698	0.01974
 54.0	 55.0	0.26751	0.02474
 55.0	 56.0	0.19854	0.02427
 56.0	 57.0	0.20266	0.02524
 57.0	 58.0	0.23040	0.02943
 58.0	 59.0	0.18655	0.02262
 59.0	 60.0	0.17317	0.02928
 60.0	 61.0	0.17775	0.03299
 61.0	 62.0	0.15813	0.03328
 62.0	 63.0	0.17250	0.03512
 63.0	 64.0	0.11820	0.04343
 64.0	 65.0	0.13041	0.03661
 65.0	 66.0	0.06385	0.03536
 66.0	 67.0	0.11139	0.08292
 67.0	 68.0	0.12811	0.06791
 68.0	 69.0	0.09487	0.04340
 69.0	 70.0	0.10107	0.23756
 70.0	 71.0	0.00150	1.22342
 71.0	 72.0	0.04369	0.05312
 72.0	 73.0	0.16884	0.77386
 73.0	 74.0	0.09412	0.15193
 74.0	 75.0	0.06563	0.04968
 75.0	 76.0	0.13585	0.16231
 76.0	 77.0	0.11956	0.08452
 77.0	 78.0	0.04012	0.03682
 78.0	 79.0	0.20969	0.59243
 79.0	 80.0	0.04064	0.05225
 80.0	 81.0	0.02625	0.04627
 81.0	 82.0	0.09934	0.04814
 82.0	 83.0	0.18949	0.94681
 83.0	 84.0	0.00811	0.09244
 84.0	 85.0	0.11237	0.09830
 85.0	 86.0	0.03223	0.04926
 86.0	 87.0	0.10155	0.11515
 87.0	 88.0	0.01491	0.43955
 88.0	 89.0	0.12712	0.14903
 89.0	 90.0	0.06710	0.21004
 90.0	 91.0	0.08193	0.16495
 91.0	 92.0	0.05965	0.13481
 92.0	 93.0	0.09869	0.10579
 93.0	 94.0	0.08096	0.14589
 94.0	 95.0	0.04401	0.06251
 95.0	 96.0	0.08632	0.40333
 96.0	 97.0	0.38303	0.32489
 97.0	 98.0	0.11061	0.23444
 98.0	 99.0	0.11166	0.42377
 99.0	100.0	0.71482	0.48677
