  0.0	  1.0	0.42101	0.00883
  1.0	  2.0	0.47403	0.00816
  2.0	  3.0	0.52511	0.00703
  3.0	  4.0	0.57076	0.00631
  4.0	  5.0	0.61765	0.00572
  5.0	  6.0	0.66382	0.00521
  6.0	  7.0	0.70288	0.00478
  7.0	  8.0	0.71639	0.00451
  8.0	  9.0	0.74056	0.00425
  9.0	 10.0	0.74919	0.00402
 10.0	 11.0	0.77590	0.00382
 11.0	 12.0	0.78952	0.00372
 12.0	 13.0	0.80057	0.00356
 13.0	 14.0	0.81051	0.00341
 14.0	 15.0	0.81009	0.00339
 15.0	 16.0	0.82051	0.00329
 16.0	 17.0	0.82494	0.00319
 17.0	 18.0	0.83081	0.00314
 18.0	 19.0	0.83648	0.00309
 19.0	 20.0	0.84221	0.00302
 20.0	 21.0	0.84029	0.00301
 21.0	 22.0	0.83677	0.00303
 22.0	 23.0	0.83986	0.00303
 23.0	 24.0	0.84203	0.00304
 24.0	 25.0	0.83942	0.00303
 25.0	 26.0	0.84059	0.00303
 26.0	 27.0	0.84436	0.00304
 27.0	 28.0	0.84098	0.00308
 28.0	 29.0	0.83785	0.00319
 29.0	 30.0	0.83412	0.00321
 30.0	 31.0	0.82977	0.00328
 31.0	 32.0	0.82969	0.00329
 32.0	 33.0	0.82654	0.00336
 33.0	 34.0	0.81993	0.00347
 34.0	 35.0	0.81774	0.00345
 35.0	 36.0	0.81430	0.00353
 36.0	 37.0	0.80990	0.00374
 37.0	 38.0	0.80996	0.00376
 38.0	 39.0	0.78710	0.00383
 39.0	 40.0	0.79654	0.00390
 40.0	 41.0	0.77484	0.00410
 41.0	 42.0	0.77857	0.00425
 42.0	 43.0	0.76462	0.00432
 43.0	 44.0	0.75894	0.00443
 44.0	 45.0	0.74622	0.00458
 45.0	 46.0	0.73923	0.00471
 46.0	 47.0	0.72509	0.00495
 47.0	 48.0	0.72163	0.00500
 48.0	 49.0	0.70723	0.00522
 49.0	 50.0	0.69218	0.00533
 50.0	 51.0	0.67262	0.00557
 51.0	 52.0	0.66309	0.00576
 52.0	 53.0	0.65395	0.00606
 53.0	 54.0	0.63192	0.00620
 54.0	 55.0	0.62573	0.00646
 55.0	 56.0	0.60812	0.00683
 56.0	 57.0	0.59684	0.00696
 57.0	 58.0	0.58600	0.00744
 58.0	 59.0	0.56883	0.00769
 59.0	 60.0	0.55029	0.00793
 60.0	 61.0	0.51869	0.00844
 61.0	 62.0	0.51099	0.00860
 62.0	 63.0	0.49829	0.00917
 63.0	 64.0	0.47111	0.00972
 64.0	 65.0	0.46330	0.01021
 65.0	 66.0	0.42943	0.01064
 66.0	 67.0	0.40165	0.01125
 67.0	 68.0	0.39577	0.01212
 68.0	 69.0	0.37574	0.01311
 69.0	 70.0	0.38999	0.01476
 70.0	 71.0	0.36271	0.01620
 71.0	 72.0	0.31082	0.01558
 72.0	 73.0	0.29874	0.01681
 73.0	 74.0	0.29323	0.01867
 74.0	 75.0	0.27433	0.01857
 75.0	 76.0	0.25784	0.01905
 76.0	 77.0	0.25326	0.02420
 77.0	 78.0	0.20843	0.02386
 78.0	 79.0	0.21364	0.03005
 79.0	 80.0	0.26114	0.04249
 80.0	 81.0	0.10989	0.02487
 81.0	 82.0	0.10939	0.03160
 82.0	 83.0	0.11317	0.04256
 83.0	 84.0	0.55715	0.72984
 84.0	 85.0	0.15860	0.05316
 85.0	 86.0	0.12801	0.06046
 86.0	 87.0	0.15239	0.16826
 87.0	 88.0	0.47687	1.80224
 88.0	 89.0	0.09907	0.72276
 89.0	 90.0	0.01598	0.54873
 90.0	 91.0	0.07027	0.10265
 91.0	 92.0	0.09120	0.46623
 92.0	 93.0	0.08976	0.09212
 93.0	 94.0	0.12571	0.08821
 94.0	 95.0	0.16574	0.40322
 95.0	 96.0	0.05862	0.13536
 96.0	 97.0	0.06606	0.16311
 97.0	 98.0	0.23213	0.24739
 98.0	 99.0	0.79745	3.60620
 99.0	100.0	0.17955	0.95587
