# Format: type v2/v3, cen_group (0-3), pt_idx (0-9), values[0..N_VBINS]
V2 0 0 -10.00000000 -8.50000000 -7.00000000 -6.00000000 -5.00000000 -4.00000000 -3.20000000 -2.50000000 -2.00000000 -1.80000000 -1.60000000 -1.40000000 -1.20000000 -1.00000000 -0.80000000 -0.60000000 -0.40000000 -0.30000000 -0.20000000 -0.15000000 -0.10000000 -0.05000000 0.00000000 0.05000000 0.10000000 0.15000000 0.20000000 0.30000000 0.40000000 0.60000000 0.80000000 1.00000000 1.20000000 1.40000000 1.60000000 1.80000000 2.00000000 2.50000000 3.20000000 4.00000000 5.00000000 6.00000000 7.00000000 8.50000000 10.00000000
V3 0 0 -10.00000000 -8.50000000 -7.00000000 -6.00000000 -5.00000000 -4.00000000 -3.20000000 -2.50000000 -2.00000000 -1.80000000 -1.60000000 -1.40000000 -1.20000000 -1.00000000 -0.80000000 -0.60000000 -0.40000000 -0.30000000 -0.20000000 -0.15000000 -0.10000000 -0.05000000 0.00000000 0.05000000 0.10000000 0.15000000 0.20000000 0.30000000 0.40000000 0.60000000 0.80000000 1.00000000 1.20000000 1.40000000 1.60000000 1.80000000 2.00000000 2.50000000 3.20000000 4.00000000 5.00000000 6.00000000 7.00000000 8.50000000 10.00000000
V2 0 1 -10.00000000 -8.50000000 -7.00000000 -6.00000000 -5.00000000 -4.00000000 -3.20000000 -2.50000000 -2.00000000 -1.80000000 -1.60000000 -1.40000000 -1.20000000 -1.00000000 -0.80000000 -0.60000000 -0.40000000 -0.30000000 -0.20000000 -0.15000000 -0.10000000 -0.05000000 0.00000000 0.05000000 0.10000000 0.15000000 0.20000000 0.30000000 0.40000000 0.60000000 0.80000000 1.00000000 1.20000000 1.40000000 1.60000000 1.80000000 2.00000000 2.50000000 3.20000000 4.00000000 5.00000000 6.00000000 7.00000000 8.50000000 10.00000000
V3 0 1 -10.00000000 -8.50000000 -7.00000000 -6.00000000 -5.00000000 -4.00000000 -3.20000000 -2.50000000 -2.00000000 -1.80000000 -1.60000000 -1.40000000 -1.20000000 -1.00000000 -0.80000000 -0.60000000 -0.40000000 -0.30000000 -0.20000000 -0.15000000 -0.10000000 -0.05000000 0.00000000 0.05000000 0.10000000 0.15000000 0.20000000 0.30000000 0.40000000 0.60000000 0.80000000 1.00000000 1.20000000 1.40000000 1.60000000 1.80000000 2.00000000 2.50000000 3.20000000 4.00000000 5.00000000 6.00000000 7.00000000 8.50000000 10.00000000
V2 0 2 -10.00000000 -8.50000000 -7.00000000 -6.00000000 -5.00000000 -4.00000000 -3.20000000 -2.50000000 -2.00000000 -1.80000000 -1.60000000 -1.40000000 -1.20000000 -1.00000000 -0.80000000 -0.60000000 -0.40000000 -0.30000000 -0.20000000 -0.15000000 -0.10000000 -0.05000000 0.00000000 0.05000000 0.10000000 0.15000000 0.20000000 0.30000000 0.40000000 0.60000000 0.80000000 1.00000000 1.20000000 1.40000000 1.60000000 1.80000000 2.00000000 2.50000000 3.20000000 4.00000000 5.00000000 6.00000000 7.00000000 8.50000000 10.00000000
V3 0 2 -10.00000000 -8.50000000 -7.00000000 -6.00000000 -5.00000000 -4.00000000 -3.20000000 -2.50000000 -2.00000000 -1.80000000 -1.60000000 -1.40000000 -1.20000000 -1.00000000 -0.80000000 -0.60000000 -0.40000000 -0.30000000 -0.20000000 -0.15000000 -0.10000000 -0.05000000 0.00000000 0.05000000 0.10000000 0.15000000 0.20000000 0.30000000 0.40000000 0.60000000 0.80000000 1.00000000 1.20000000 1.40000000 1.60000000 1.80000000 2.00000000 2.50000000 3.20000000 4.00000000 5.00000000 6.00000000 7.00000000 8.50000000 10.00000000
V2 0 3 -10.00000000 -8.50000000 -7.00000000 -6.00000000 -5.00000000 -4.00000000 -3.20000000 -2.50000000 -2.00000000 -1.80000000 -1.60000000 -1.40000000 -1.20000000 -1.00000000 -0.80000000 -0.60000000 -0.40000000 -0.30000000 -0.20000000 -0.15000000 -0.10000000 -0.05000000 0.00000000 0.05000000 0.10000000 0.15000000 0.20000000 0.30000000 0.40000000 0.60000000 0.80000000 1.00000000 1.20000000 1.40000000 1.60000000 1.80000000 2.00000000 2.50000000 3.20000000 4.00000000 5.00000000 6.00000000 7.00000000 8.50000000 10.00000000
V3 0 3 -10.00000000 -8.50000000 -7.00000000 -6.00000000 -5.00000000 -4.00000000 -3.20000000 -2.50000000 -2.00000000 -1.80000000 -1.60000000 -1.40000000 -1.20000000 -1.00000000 -0.80000000 -0.60000000 -0.40000000 -0.30000000 -0.20000000 -0.15000000 -0.10000000 -0.05000000 0.00000000 0.05000000 0.10000000 0.15000000 0.20000000 0.30000000 0.40000000 0.60000000 0.80000000 1.00000000 1.20000000 1.40000000 1.60000000 1.80000000 2.00000000 2.50000000 3.20000000 4.00000000 5.00000000 6.00000000 7.00000000 8.50000000 10.00000000
V2 0 4 -10.00000000 -8.50000000 -7.00000000 -6.00000000 -5.00000000 -4.00000000 -3.20000000 -2.50000000 -2.00000000 -1.80000000 -1.60000000 -1.40000000 -1.20000000 -1.00000000 -0.80000000 -0.60000000 -0.40000000 -0.30000000 -0.20000000 -0.15000000 -0.10000000 -0.05000000 0.00000000 0.05000000 0.10000000 0.15000000 0.20000000 0.30000000 0.40000000 0.60000000 0.80000000 1.00000000 1.20000000 1.40000000 1.60000000 1.80000000 2.00000000 2.50000000 3.20000000 4.00000000 5.00000000 6.00000000 7.00000000 8.50000000 10.00000000
V3 0 4 -10.00000000 -8.50000000 -7.00000000 -6.00000000 -5.00000000 -4.00000000 -3.20000000 -2.50000000 -2.00000000 -1.80000000 -1.60000000 -1.40000000 -1.20000000 -1.00000000 -0.80000000 -0.60000000 -0.40000000 -0.30000000 -0.20000000 -0.15000000 -0.10000000 -0.05000000 0.00000000 0.05000000 0.10000000 0.15000000 0.20000000 0.30000000 0.40000000 0.60000000 0.80000000 1.00000000 1.20000000 1.40000000 1.60000000 1.80000000 2.00000000 2.50000000 3.20000000 4.00000000 5.00000000 6.00000000 7.00000000 8.50000000 10.00000000
V2 0 5 -10.00000000 -8.50000000 -7.00000000 -6.00000000 -5.00000000 -4.00000000 -3.20000000 -2.50000000 -2.00000000 -1.80000000 -1.60000000 -1.40000000 -1.20000000 -1.00000000 -0.80000000 -0.60000000 -0.40000000 -0.30000000 -0.20000000 -0.15000000 -0.10000000 -0.05000000 0.00000000 0.05000000 0.10000000 0.15000000 0.20000000 0.30000000 0.40000000 0.60000000 0.80000000 1.00000000 1.20000000 1.40000000 1.60000000 1.80000000 2.00000000 2.50000000 3.20000000 4.00000000 5.00000000 6.00000000 7.00000000 8.50000000 10.00000000
V3 0 5 -10.00000000 -8.50000000 -7.00000000 -6.00000000 -5.00000000 -4.00000000 -3.20000000 -2.50000000 -2.00000000 -1.80000000 -1.60000000 -1.40000000 -1.20000000 -1.00000000 -0.80000000 -0.60000000 -0.40000000 -0.30000000 -0.20000000 -0.15000000 -0.10000000 -0.05000000 0.00000000 0.05000000 0.10000000 0.15000000 0.20000000 0.30000000 0.40000000 0.60000000 0.80000000 1.00000000 1.20000000 1.40000000 1.60000000 1.80000000 2.00000000 2.50000000 3.20000000 4.00000000 5.00000000 6.00000000 7.00000000 8.50000000 10.00000000
V2 0 6 -10.00000000 -8.50000000 -7.00000000 -6.00000000 -5.00000000 -4.00000000 -3.20000000 -2.50000000 -2.00000000 -1.80000000 -1.60000000 -1.40000000 -1.20000000 -1.00000000 -0.80000000 -0.60000000 -0.40000000 -0.30000000 -0.20000000 -0.15000000 -0.10000000 -0.05000000 0.00000000 0.05000000 0.10000000 0.15000000 0.20000000 0.30000000 0.40000000 0.60000000 0.80000000 1.00000000 1.20000000 1.40000000 1.60000000 1.80000000 2.00000000 2.50000000 3.20000000 4.00000000 5.00000000 6.00000000 7.00000000 8.50000000 10.00000000
V3 0 6 -10.00000000 -8.50000000 -7.00000000 -6.00000000 -5.00000000 -4.00000000 -3.20000000 -2.50000000 -2.00000000 -1.80000000 -1.60000000 -1.40000000 -1.20000000 -1.00000000 -0.80000000 -0.60000000 -0.40000000 -0.30000000 -0.20000000 -0.15000000 -0.10000000 -0.05000000 0.00000000 0.05000000 0.10000000 0.15000000 0.20000000 0.30000000 0.40000000 0.60000000 0.80000000 1.00000000 1.20000000 1.40000000 1.60000000 1.80000000 2.00000000 2.50000000 3.20000000 4.00000000 5.00000000 6.00000000 7.00000000 8.50000000 10.00000000
V2 0 7 -10.00000000 -8.50000000 -7.00000000 -6.00000000 -5.00000000 -4.00000000 -3.20000000 -2.50000000 -2.00000000 -1.80000000 -1.60000000 -1.40000000 -1.20000000 -1.00000000 -0.80000000 -0.60000000 -0.40000000 -0.30000000 -0.20000000 -0.15000000 -0.10000000 -0.05000000 0.00000000 0.05000000 0.10000000 0.15000000 0.20000000 0.30000000 0.40000000 0.60000000 0.80000000 1.00000000 1.20000000 1.40000000 1.60000000 1.80000000 2.00000000 2.50000000 3.20000000 4.00000000 5.00000000 6.00000000 7.00000000 8.50000000 10.00000000
V3 0 7 -10.00000000 -8.50000000 -7.00000000 -6.00000000 -5.00000000 -4.00000000 -3.20000000 -2.50000000 -2.00000000 -1.80000000 -1.60000000 -1.40000000 -1.20000000 -1.00000000 -0.80000000 -0.60000000 -0.40000000 -0.30000000 -0.20000000 -0.15000000 -0.10000000 -0.05000000 0.00000000 0.05000000 0.10000000 0.15000000 0.20000000 0.30000000 0.40000000 0.60000000 0.80000000 1.00000000 1.20000000 1.40000000 1.60000000 1.80000000 2.00000000 2.50000000 3.20000000 4.00000000 5.00000000 6.00000000 7.00000000 8.50000000 10.00000000
V2 0 8 -10.00000000 -8.50000000 -7.00000000 -6.00000000 -5.00000000 -4.00000000 -3.20000000 -2.50000000 -2.00000000 -1.80000000 -1.60000000 -1.40000000 -1.20000000 -1.00000000 -0.80000000 -0.60000000 -0.40000000 -0.30000000 -0.20000000 -0.15000000 -0.10000000 -0.05000000 0.00000000 0.05000000 0.10000000 0.15000000 0.20000000 0.30000000 0.40000000 0.60000000 0.80000000 1.00000000 1.20000000 1.40000000 1.60000000 1.80000000 2.00000000 2.50000000 3.20000000 4.00000000 5.00000000 6.00000000 7.00000000 8.50000000 10.00000000
V3 0 8 -10.00000000 -8.50000000 -7.00000000 -6.00000000 -5.00000000 -4.00000000 -3.20000000 -2.50000000 -2.00000000 -1.80000000 -1.60000000 -1.40000000 -1.20000000 -1.00000000 -0.80000000 -0.60000000 -0.40000000 -0.30000000 -0.20000000 -0.15000000 -0.10000000 -0.05000000 0.00000000 0.05000000 0.10000000 0.15000000 0.20000000 0.30000000 0.40000000 0.60000000 0.80000000 1.00000000 1.20000000 1.40000000 1.60000000 1.80000000 2.00000000 2.50000000 3.20000000 4.00000000 5.00000000 6.00000000 7.00000000 8.50000000 10.00000000
V2 0 9 -10.00000000 -8.50000000 -7.00000000 -6.00000000 -5.00000000 -4.00000000 -3.20000000 -2.50000000 -2.00000000 -1.80000000 -1.60000000 -1.40000000 -1.20000000 -1.00000000 -0.80000000 -0.60000000 -0.40000000 -0.30000000 -0.20000000 -0.15000000 -0.10000000 -0.05000000 0.00000000 0.05000000 0.10000000 0.15000000 0.20000000 0.30000000 0.40000000 0.60000000 0.80000000 1.00000000 1.20000000 1.40000000 1.60000000 1.80000000 2.00000000 2.50000000 3.20000000 4.00000000 5.00000000 6.00000000 7.00000000 8.50000000 10.00000000
V3 0 9 -10.00000000 -8.50000000 -7.00000000 -6.00000000 -5.00000000 -4.00000000 -3.20000000 -2.50000000 -2.00000000 -1.80000000 -1.60000000 -1.40000000 -1.20000000 -1.00000000 -0.80000000 -0.60000000 -0.40000000 -0.30000000 -0.20000000 -0.15000000 -0.10000000 -0.05000000 0.00000000 0.05000000 0.10000000 0.15000000 0.20000000 0.30000000 0.40000000 0.60000000 0.80000000 1.00000000 1.20000000 1.40000000 1.60000000 1.80000000 2.00000000 2.50000000 3.20000000 4.00000000 5.00000000 6.00000000 7.00000000 8.50000000 10.00000000
V2 1 0 -10.00000000 -8.50000000 -7.00000000 -6.00000000 -5.00000000 -4.00000000 -3.20000000 -2.50000000 -2.00000000 -1.80000000 -1.60000000 -1.40000000 -1.20000000 -1.00000000 -0.80000000 -0.60000000 -0.40000000 -0.30000000 -0.20000000 -0.15000000 -0.10000000 -0.05000000 0.00000000 0.05000000 0.10000000 0.15000000 0.20000000 0.30000000 0.40000000 0.60000000 0.80000000 1.00000000 1.20000000 1.40000000 1.60000000 1.80000000 2.00000000 2.50000000 3.20000000 4.00000000 5.00000000 6.00000000 7.00000000 8.50000000 10.00000000
V3 1 0 -10.00000000 -8.50000000 -7.00000000 -6.00000000 -5.00000000 -4.00000000 -3.20000000 -2.50000000 -2.00000000 -1.80000000 -1.60000000 -1.40000000 -1.20000000 -1.00000000 -0.80000000 -0.60000000 -0.40000000 -0.30000000 -0.20000000 -0.15000000 -0.10000000 -0.05000000 0.00000000 0.05000000 0.10000000 0.15000000 0.20000000 0.30000000 0.40000000 0.60000000 0.80000000 1.00000000 1.20000000 1.40000000 1.60000000 1.80000000 2.00000000 2.50000000 3.20000000 4.00000000 5.00000000 6.00000000 7.00000000 8.50000000 10.00000000
V2 1 1 -10.00000000 -8.50000000 -7.00000000 -6.00000000 -5.00000000 -4.00000000 -3.20000000 -2.50000000 -2.00000000 -1.80000000 -1.60000000 -1.40000000 -1.20000000 -1.00000000 -0.80000000 -0.60000000 -0.40000000 -0.30000000 -0.20000000 -0.15000000 -0.10000000 -0.05000000 0.00000000 0.05000000 0.10000000 0.15000000 0.20000000 0.30000000 0.40000000 0.60000000 0.80000000 1.00000000 1.20000000 1.40000000 1.60000000 1.80000000 2.00000000 2.50000000 3.20000000 4.00000000 5.00000000 6.00000000 7.00000000 8.50000000 10.00000000
V3 1 1 -10.00000000 -8.50000000 -7.00000000 -6.00000000 -5.00000000 -4.00000000 -3.20000000 -2.50000000 -2.00000000 -1.80000000 -1.60000000 -1.40000000 -1.20000000 -1.00000000 -0.80000000 -0.60000000 -0.40000000 -0.30000000 -0.20000000 -0.15000000 -0.10000000 -0.05000000 0.00000000 0.05000000 0.10000000 0.15000000 0.20000000 0.30000000 0.40000000 0.60000000 0.80000000 1.00000000 1.20000000 1.40000000 1.60000000 1.80000000 2.00000000 2.50000000 3.20000000 4.00000000 5.00000000 6.00000000 7.00000000 8.50000000 10.00000000
V2 1 2 -10.00000000 -8.50000000 -7.00000000 -6.00000000 -5.00000000 -4.00000000 -3.20000000 -2.50000000 -2.00000000 -1.80000000 -1.60000000 -1.40000000 -1.20000000 -1.00000000 -0.80000000 -0.60000000 -0.40000000 -0.30000000 -0.20000000 -0.15000000 -0.10000000 -0.05000000 0.00000000 0.05000000 0.10000000 0.15000000 0.20000000 0.30000000 0.40000000 0.60000000 0.80000000 1.00000000 1.20000000 1.40000000 1.60000000 1.80000000 2.00000000 2.50000000 3.20000000 4.00000000 5.00000000 6.00000000 7.00000000 8.50000000 10.00000000
V3 1 2 -10.00000000 -8.50000000 -7.00000000 -6.00000000 -5.00000000 -4.00000000 -3.20000000 -2.50000000 -2.00000000 -1.80000000 -1.60000000 -1.40000000 -1.20000000 -1.00000000 -0.80000000 -0.60000000 -0.40000000 -0.30000000 -0.20000000 -0.15000000 -0.10000000 -0.05000000 0.00000000 0.05000000 0.10000000 0.15000000 0.20000000 0.30000000 0.40000000 0.60000000 0.80000000 1.00000000 1.20000000 1.40000000 1.60000000 1.80000000 2.00000000 2.50000000 3.20000000 4.00000000 5.00000000 6.00000000 7.00000000 8.50000000 10.00000000
V2 1 3 -10.00000000 -8.50000000 -7.00000000 -6.00000000 -5.00000000 -4.00000000 -3.20000000 -2.50000000 -2.00000000 -1.80000000 -1.60000000 -1.40000000 -1.20000000 -1.00000000 -0.80000000 -0.60000000 -0.40000000 -0.30000000 -0.20000000 -0.15000000 -0.10000000 -0.05000000 0.00000000 0.05000000 0.10000000 0.15000000 0.20000000 0.30000000 0.40000000 0.60000000 0.80000000 1.00000000 1.20000000 1.40000000 1.60000000 1.80000000 2.00000000 2.50000000 3.20000000 4.00000000 5.00000000 6.00000000 7.00000000 8.50000000 10.00000000
V3 1 3 -10.00000000 -8.50000000 -7.00000000 -6.00000000 -5.00000000 -4.00000000 -3.20000000 -2.50000000 -2.00000000 -1.80000000 -1.60000000 -1.40000000 -1.20000000 -1.00000000 -0.80000000 -0.60000000 -0.40000000 -0.30000000 -0.20000000 -0.15000000 -0.10000000 -0.05000000 0.00000000 0.05000000 0.10000000 0.15000000 0.20000000 0.30000000 0.40000000 0.60000000 0.80000000 1.00000000 1.20000000 1.40000000 1.60000000 1.80000000 2.00000000 2.50000000 3.20000000 4.00000000 5.00000000 6.00000000 7.00000000 8.50000000 10.00000000
V2 1 4 -10.00000000 -8.50000000 -7.00000000 -6.00000000 -5.00000000 -4.00000000 -3.20000000 -2.50000000 -2.00000000 -1.80000000 -1.60000000 -1.40000000 -1.20000000 -1.00000000 -0.80000000 -0.60000000 -0.40000000 -0.30000000 -0.20000000 -0.15000000 -0.10000000 -0.05000000 0.00000000 0.05000000 0.10000000 0.15000000 0.20000000 0.30000000 0.40000000 0.60000000 0.80000000 1.00000000 1.20000000 1.40000000 1.60000000 1.80000000 2.00000000 2.50000000 3.20000000 4.00000000 5.00000000 6.00000000 7.00000000 8.50000000 10.00000000
V3 1 4 -10.00000000 -8.50000000 -7.00000000 -6.00000000 -5.00000000 -4.00000000 -3.20000000 -2.50000000 -2.00000000 -1.80000000 -1.60000000 -1.40000000 -1.20000000 -1.00000000 -0.80000000 -0.60000000 -0.40000000 -0.30000000 -0.20000000 -0.15000000 -0.10000000 -0.05000000 0.00000000 0.05000000 0.10000000 0.15000000 0.20000000 0.30000000 0.40000000 0.60000000 0.80000000 1.00000000 1.20000000 1.40000000 1.60000000 1.80000000 2.00000000 2.50000000 3.20000000 4.00000000 5.00000000 6.00000000 7.00000000 8.50000000 10.00000000
V2 1 5 -10.00000000 -8.50000000 -7.00000000 -6.00000000 -5.00000000 -4.00000000 -3.20000000 -2.50000000 -2.00000000 -1.80000000 -1.60000000 -1.40000000 -1.20000000 -1.00000000 -0.80000000 -0.60000000 -0.40000000 -0.30000000 -0.20000000 -0.15000000 -0.10000000 -0.05000000 0.00000000 0.05000000 0.10000000 0.15000000 0.20000000 0.30000000 0.40000000 0.60000000 0.80000000 1.00000000 1.20000000 1.40000000 1.60000000 1.80000000 2.00000000 2.50000000 3.20000000 4.00000000 5.00000000 6.00000000 7.00000000 8.50000000 10.00000000
V3 1 5 -10.00000000 -8.50000000 -7.00000000 -6.00000000 -5.00000000 -4.00000000 -3.20000000 -2.50000000 -2.00000000 -1.80000000 -1.60000000 -1.40000000 -1.20000000 -1.00000000 -0.80000000 -0.60000000 -0.40000000 -0.30000000 -0.20000000 -0.15000000 -0.10000000 -0.05000000 0.00000000 0.05000000 0.10000000 0.15000000 0.20000000 0.30000000 0.40000000 0.60000000 0.80000000 1.00000000 1.20000000 1.40000000 1.60000000 1.80000000 2.00000000 2.50000000 3.20000000 4.00000000 5.00000000 6.00000000 7.00000000 8.50000000 10.00000000
V2 1 6 -10.00000000 -8.50000000 -7.00000000 -6.00000000 -5.00000000 -4.00000000 -3.20000000 -2.50000000 -2.00000000 -1.80000000 -1.60000000 -1.40000000 -1.20000000 -1.00000000 -0.80000000 -0.60000000 -0.40000000 -0.30000000 -0.20000000 -0.15000000 -0.10000000 -0.05000000 0.00000000 0.05000000 0.10000000 0.15000000 0.20000000 0.30000000 0.40000000 0.60000000 0.80000000 1.00000000 1.20000000 1.40000000 1.60000000 1.80000000 2.00000000 2.50000000 3.20000000 4.00000000 5.00000000 6.00000000 7.00000000 8.50000000 10.00000000
V3 1 6 -10.00000000 -8.50000000 -7.00000000 -6.00000000 -5.00000000 -4.00000000 -3.20000000 -2.50000000 -2.00000000 -1.80000000 -1.60000000 -1.40000000 -1.20000000 -1.00000000 -0.80000000 -0.60000000 -0.40000000 -0.30000000 -0.20000000 -0.15000000 -0.10000000 -0.05000000 0.00000000 0.05000000 0.10000000 0.15000000 0.20000000 0.30000000 0.40000000 0.60000000 0.80000000 1.00000000 1.20000000 1.40000000 1.60000000 1.80000000 2.00000000 2.50000000 3.20000000 4.00000000 5.00000000 6.00000000 7.00000000 8.50000000 10.00000000
V2 1 7 -10.00000000 -8.50000000 -7.00000000 -6.00000000 -5.00000000 -4.00000000 -3.20000000 -2.50000000 -2.00000000 -1.80000000 -1.60000000 -1.40000000 -1.20000000 -1.00000000 -0.80000000 -0.60000000 -0.40000000 -0.30000000 -0.20000000 -0.15000000 -0.10000000 -0.05000000 0.00000000 0.05000000 0.10000000 0.15000000 0.20000000 0.30000000 0.40000000 0.60000000 0.80000000 1.00000000 1.20000000 1.40000000 1.60000000 1.80000000 2.00000000 2.50000000 3.20000000 4.00000000 5.00000000 6.00000000 7.00000000 8.50000000 10.00000000
V3 1 7 -10.00000000 -8.50000000 -7.00000000 -6.00000000 -5.00000000 -4.00000000 -3.20000000 -2.50000000 -2.00000000 -1.80000000 -1.60000000 -1.40000000 -1.20000000 -1.00000000 -0.80000000 -0.60000000 -0.40000000 -0.30000000 -0.20000000 -0.15000000 -0.10000000 -0.05000000 0.00000000 0.05000000 0.10000000 0.15000000 0.20000000 0.30000000 0.40000000 0.60000000 0.80000000 1.00000000 1.20000000 1.40000000 1.60000000 1.80000000 2.00000000 2.50000000 3.20000000 4.00000000 5.00000000 6.00000000 7.00000000 8.50000000 10.00000000
V2 1 8 -10.00000000 -8.50000000 -7.00000000 -6.00000000 -5.00000000 -4.00000000 -3.20000000 -2.50000000 -2.00000000 -1.80000000 -1.60000000 -1.40000000 -1.20000000 -1.00000000 -0.80000000 -0.60000000 -0.40000000 -0.30000000 -0.20000000 -0.15000000 -0.10000000 -0.05000000 0.00000000 0.05000000 0.10000000 0.15000000 0.20000000 0.30000000 0.40000000 0.60000000 0.80000000 1.00000000 1.20000000 1.40000000 1.60000000 1.80000000 2.00000000 2.50000000 3.20000000 4.00000000 5.00000000 6.00000000 7.00000000 8.50000000 10.00000000
V3 1 8 -10.00000000 -8.50000000 -7.00000000 -6.00000000 -5.00000000 -4.00000000 -3.20000000 -2.50000000 -2.00000000 -1.80000000 -1.60000000 -1.40000000 -1.20000000 -1.00000000 -0.80000000 -0.60000000 -0.40000000 -0.30000000 -0.20000000 -0.15000000 -0.10000000 -0.05000000 0.00000000 0.05000000 0.10000000 0.15000000 0.20000000 0.30000000 0.40000000 0.60000000 0.80000000 1.00000000 1.20000000 1.40000000 1.60000000 1.80000000 2.00000000 2.50000000 3.20000000 4.00000000 5.00000000 6.00000000 7.00000000 8.50000000 10.00000000
V2 1 9 -10.00000000 -8.50000000 -7.00000000 -6.00000000 -5.00000000 -4.00000000 -3.20000000 -2.50000000 -2.00000000 -1.80000000 -1.60000000 -1.40000000 -1.20000000 -1.00000000 -0.80000000 -0.60000000 -0.40000000 -0.30000000 -0.20000000 -0.15000000 -0.10000000 -0.05000000 0.00000000 0.05000000 0.10000000 0.15000000 0.20000000 0.30000000 0.40000000 0.60000000 0.80000000 1.00000000 1.20000000 1.40000000 1.60000000 1.80000000 2.00000000 2.50000000 3.20000000 4.00000000 5.00000000 6.00000000 7.00000000 8.50000000 10.00000000
V3 1 9 -10.00000000 -8.50000000 -7.00000000 -6.00000000 -5.00000000 -4.00000000 -3.20000000 -2.50000000 -2.00000000 -1.80000000 -1.60000000 -1.40000000 -1.20000000 -1.00000000 -0.80000000 -0.60000000 -0.40000000 -0.30000000 -0.20000000 -0.15000000 -0.10000000 -0.05000000 0.00000000 0.05000000 0.10000000 0.15000000 0.20000000 0.30000000 0.40000000 0.60000000 0.80000000 1.00000000 1.20000000 1.40000000 1.60000000 1.80000000 2.00000000 2.50000000 3.20000000 4.00000000 5.00000000 6.00000000 7.00000000 8.50000000 10.00000000
V2 2 0 -10.00000000 -8.50000000 -7.00000000 -6.00000000 -5.00000000 -4.00000000 -3.20000000 -2.50000000 -2.00000000 -1.80000000 -1.60000000 -1.40000000 -1.20000000 -1.00000000 -0.80000000 -0.60000000 -0.40000000 -0.30000000 -0.20000000 -0.15000000 -0.10000000 -0.05000000 0.00000000 0.05000000 0.10000000 0.15000000 0.20000000 0.30000000 0.40000000 0.60000000 0.80000000 1.00000000 1.20000000 1.40000000 1.60000000 1.80000000 2.00000000 2.50000000 3.20000000 4.00000000 5.00000000 6.00000000 7.00000000 8.50000000 10.00000000
V3 2 0 -10.00000000 -8.50000000 -7.00000000 -6.00000000 -5.00000000 -4.00000000 -3.20000000 -2.50000000 -2.00000000 -1.80000000 -1.60000000 -1.40000000 -1.20000000 -1.00000000 -0.80000000 -0.60000000 -0.40000000 -0.30000000 -0.20000000 -0.15000000 -0.10000000 -0.05000000 0.00000000 0.05000000 0.10000000 0.15000000 0.20000000 0.30000000 0.40000000 0.60000000 0.80000000 1.00000000 1.20000000 1.40000000 1.60000000 1.80000000 2.00000000 2.50000000 3.20000000 4.00000000 5.00000000 6.00000000 7.00000000 8.50000000 10.00000000
V2 2 1 -10.00000000 -8.50000000 -7.00000000 -6.00000000 -5.00000000 -4.00000000 -3.20000000 -2.50000000 -2.00000000 -1.80000000 -1.60000000 -1.40000000 -1.20000000 -1.00000000 -0.80000000 -0.60000000 -0.40000000 -0.30000000 -0.20000000 -0.15000000 -0.10000000 -0.05000000 0.00000000 0.05000000 0.10000000 0.15000000 0.20000000 0.30000000 0.40000000 0.60000000 0.80000000 1.00000000 1.20000000 1.40000000 1.60000000 1.80000000 2.00000000 2.50000000 3.20000000 4.00000000 5.00000000 6.00000000 7.00000000 8.50000000 10.00000000
V3 2 1 -10.00000000 -8.50000000 -7.00000000 -6.00000000 -5.00000000 -4.00000000 -3.20000000 -2.50000000 -2.00000000 -1.80000000 -1.60000000 -1.40000000 -1.20000000 -1.00000000 -0.80000000 -0.60000000 -0.40000000 -0.30000000 -0.20000000 -0.15000000 -0.10000000 -0.05000000 0.00000000 0.05000000 0.10000000 0.15000000 0.20000000 0.30000000 0.40000000 0.60000000 0.80000000 1.00000000 1.20000000 1.40000000 1.60000000 1.80000000 2.00000000 2.50000000 3.20000000 4.00000000 5.00000000 6.00000000 7.00000000 8.50000000 10.00000000
V2 2 2 -10.00000000 -8.50000000 -7.00000000 -6.00000000 -5.00000000 -4.00000000 -3.20000000 -2.50000000 -2.00000000 -1.80000000 -1.60000000 -1.40000000 -1.20000000 -1.00000000 -0.80000000 -0.60000000 -0.40000000 -0.30000000 -0.20000000 -0.15000000 -0.10000000 -0.05000000 0.00000000 0.05000000 0.10000000 0.15000000 0.20000000 0.30000000 0.40000000 0.60000000 0.80000000 1.00000000 1.20000000 1.40000000 1.60000000 1.80000000 2.00000000 2.50000000 3.20000000 4.00000000 5.00000000 6.00000000 7.00000000 8.50000000 10.00000000
V3 2 2 -10.00000000 -8.50000000 -7.00000000 -6.00000000 -5.00000000 -4.00000000 -3.20000000 -2.50000000 -2.00000000 -1.80000000 -1.60000000 -1.40000000 -1.20000000 -1.00000000 -0.80000000 -0.60000000 -0.40000000 -0.30000000 -0.20000000 -0.15000000 -0.10000000 -0.05000000 0.00000000 0.05000000 0.10000000 0.15000000 0.20000000 0.30000000 0.40000000 0.60000000 0.80000000 1.00000000 1.20000000 1.40000000 1.60000000 1.80000000 2.00000000 2.50000000 3.20000000 4.00000000 5.00000000 6.00000000 7.00000000 8.50000000 10.00000000
V2 2 3 -10.00000000 -8.50000000 -7.00000000 -6.00000000 -5.00000000 -4.00000000 -3.20000000 -2.50000000 -2.00000000 -1.80000000 -1.60000000 -1.40000000 -1.20000000 -1.00000000 -0.80000000 -0.60000000 -0.40000000 -0.30000000 -0.20000000 -0.15000000 -0.10000000 -0.05000000 0.00000000 0.05000000 0.10000000 0.15000000 0.20000000 0.30000000 0.40000000 0.60000000 0.80000000 1.00000000 1.20000000 1.40000000 1.60000000 1.80000000 2.00000000 2.50000000 3.20000000 4.00000000 5.00000000 6.00000000 7.00000000 8.50000000 10.00000000
V3 2 3 -10.00000000 -8.50000000 -7.00000000 -6.00000000 -5.00000000 -4.00000000 -3.20000000 -2.50000000 -2.00000000 -1.80000000 -1.60000000 -1.40000000 -1.20000000 -1.00000000 -0.80000000 -0.60000000 -0.40000000 -0.30000000 -0.20000000 -0.15000000 -0.10000000 -0.05000000 0.00000000 0.05000000 0.10000000 0.15000000 0.20000000 0.30000000 0.40000000 0.60000000 0.80000000 1.00000000 1.20000000 1.40000000 1.60000000 1.80000000 2.00000000 2.50000000 3.20000000 4.00000000 5.00000000 6.00000000 7.00000000 8.50000000 10.00000000
V2 2 4 -10.00000000 -8.50000000 -7.00000000 -6.00000000 -5.00000000 -4.00000000 -3.20000000 -2.50000000 -2.00000000 -1.80000000 -1.60000000 -1.40000000 -1.20000000 -1.00000000 -0.80000000 -0.60000000 -0.40000000 -0.30000000 -0.20000000 -0.15000000 -0.10000000 -0.05000000 0.00000000 0.05000000 0.10000000 0.15000000 0.20000000 0.30000000 0.40000000 0.60000000 0.80000000 1.00000000 1.20000000 1.40000000 1.60000000 1.80000000 2.00000000 2.50000000 3.20000000 4.00000000 5.00000000 6.00000000 7.00000000 8.50000000 10.00000000
V3 2 4 -10.00000000 -8.50000000 -7.00000000 -6.00000000 -5.00000000 -4.00000000 -3.20000000 -2.50000000 -2.00000000 -1.80000000 -1.60000000 -1.40000000 -1.20000000 -1.00000000 -0.80000000 -0.60000000 -0.40000000 -0.30000000 -0.20000000 -0.15000000 -0.10000000 -0.05000000 0.00000000 0.05000000 0.10000000 0.15000000 0.20000000 0.30000000 0.40000000 0.60000000 0.80000000 1.00000000 1.20000000 1.40000000 1.60000000 1.80000000 2.00000000 2.50000000 3.20000000 4.00000000 5.00000000 6.00000000 7.00000000 8.50000000 10.00000000
V2 2 5 -10.00000000 -8.50000000 -7.00000000 -6.00000000 -5.00000000 -4.00000000 -3.20000000 -2.50000000 -2.00000000 -1.80000000 -1.60000000 -1.40000000 -1.20000000 -1.00000000 -0.80000000 -0.60000000 -0.40000000 -0.30000000 -0.20000000 -0.15000000 -0.10000000 -0.05000000 0.00000000 0.05000000 0.10000000 0.15000000 0.20000000 0.30000000 0.40000000 0.60000000 0.80000000 1.00000000 1.20000000 1.40000000 1.60000000 1.80000000 2.00000000 2.50000000 3.20000000 4.00000000 5.00000000 6.00000000 7.00000000 8.50000000 10.00000000
V3 2 5 -10.00000000 -8.50000000 -7.00000000 -6.00000000 -5.00000000 -4.00000000 -3.20000000 -2.50000000 -2.00000000 -1.80000000 -1.60000000 -1.40000000 -1.20000000 -1.00000000 -0.80000000 -0.60000000 -0.40000000 -0.30000000 -0.20000000 -0.15000000 -0.10000000 -0.05000000 0.00000000 0.05000000 0.10000000 0.15000000 0.20000000 0.30000000 0.40000000 0.60000000 0.80000000 1.00000000 1.20000000 1.40000000 1.60000000 1.80000000 2.00000000 2.50000000 3.20000000 4.00000000 5.00000000 6.00000000 7.00000000 8.50000000 10.00000000
V2 2 6 -10.00000000 -8.50000000 -7.00000000 -6.00000000 -5.00000000 -4.00000000 -3.20000000 -2.50000000 -2.00000000 -1.80000000 -1.60000000 -1.40000000 -1.20000000 -1.00000000 -0.80000000 -0.60000000 -0.40000000 -0.30000000 -0.20000000 -0.15000000 -0.10000000 -0.05000000 0.00000000 0.05000000 0.10000000 0.15000000 0.20000000 0.30000000 0.40000000 0.60000000 0.80000000 1.00000000 1.20000000 1.40000000 1.60000000 1.80000000 2.00000000 2.50000000 3.20000000 4.00000000 5.00000000 6.00000000 7.00000000 8.50000000 10.00000000
V3 2 6 -10.00000000 -8.50000000 -7.00000000 -6.00000000 -5.00000000 -4.00000000 -3.20000000 -2.50000000 -2.00000000 -1.80000000 -1.60000000 -1.40000000 -1.20000000 -1.00000000 -0.80000000 -0.60000000 -0.40000000 -0.30000000 -0.20000000 -0.15000000 -0.10000000 -0.05000000 0.00000000 0.05000000 0.10000000 0.15000000 0.20000000 0.30000000 0.40000000 0.60000000 0.80000000 1.00000000 1.20000000 1.40000000 1.60000000 1.80000000 2.00000000 2.50000000 3.20000000 4.00000000 5.00000000 6.00000000 7.00000000 8.50000000 10.00000000
V2 2 7 -10.00000000 -8.50000000 -7.00000000 -6.00000000 -5.00000000 -4.00000000 -3.20000000 -2.50000000 -2.00000000 -1.80000000 -1.60000000 -1.40000000 -1.20000000 -1.00000000 -0.80000000 -0.60000000 -0.40000000 -0.30000000 -0.20000000 -0.15000000 -0.10000000 -0.05000000 0.00000000 0.05000000 0.10000000 0.15000000 0.20000000 0.30000000 0.40000000 0.60000000 0.80000000 1.00000000 1.20000000 1.40000000 1.60000000 1.80000000 2.00000000 2.50000000 3.20000000 4.00000000 5.00000000 6.00000000 7.00000000 8.50000000 10.00000000
V3 2 7 -10.00000000 -8.50000000 -7.00000000 -6.00000000 -5.00000000 -4.00000000 -3.20000000 -2.50000000 -2.00000000 -1.80000000 -1.60000000 -1.40000000 -1.20000000 -1.00000000 -0.80000000 -0.60000000 -0.40000000 -0.30000000 -0.20000000 -0.15000000 -0.10000000 -0.05000000 0.00000000 0.05000000 0.10000000 0.15000000 0.20000000 0.30000000 0.40000000 0.60000000 0.80000000 1.00000000 1.20000000 1.40000000 1.60000000 1.80000000 2.00000000 2.50000000 3.20000000 4.00000000 5.00000000 6.00000000 7.00000000 8.50000000 10.00000000
V2 2 8 -10.00000000 -8.50000000 -7.00000000 -6.00000000 -5.00000000 -4.00000000 -3.20000000 -2.50000000 -2.00000000 -1.80000000 -1.60000000 -1.40000000 -1.20000000 -1.00000000 -0.80000000 -0.60000000 -0.40000000 -0.30000000 -0.20000000 -0.15000000 -0.10000000 -0.05000000 0.00000000 0.05000000 0.10000000 0.15000000 0.20000000 0.30000000 0.40000000 0.60000000 0.80000000 1.00000000 1.20000000 1.40000000 1.60000000 1.80000000 2.00000000 2.50000000 3.20000000 4.00000000 5.00000000 6.00000000 7.00000000 8.50000000 10.00000000
V3 2 8 -10.00000000 -8.50000000 -7.00000000 -6.00000000 -5.00000000 -4.00000000 -3.20000000 -2.50000000 -2.00000000 -1.80000000 -1.60000000 -1.40000000 -1.20000000 -1.00000000 -0.80000000 -0.60000000 -0.40000000 -0.30000000 -0.20000000 -0.15000000 -0.10000000 -0.05000000 0.00000000 0.05000000 0.10000000 0.15000000 0.20000000 0.30000000 0.40000000 0.60000000 0.80000000 1.00000000 1.20000000 1.40000000 1.60000000 1.80000000 2.00000000 2.50000000 3.20000000 4.00000000 5.00000000 6.00000000 7.00000000 8.50000000 10.00000000
V2 2 9 -10.00000000 -8.50000000 -7.00000000 -6.00000000 -5.00000000 -4.00000000 -3.20000000 -2.50000000 -2.00000000 -1.80000000 -1.60000000 -1.40000000 -1.20000000 -1.00000000 -0.80000000 -0.60000000 -0.40000000 -0.30000000 -0.20000000 -0.15000000 -0.10000000 -0.05000000 0.00000000 0.05000000 0.10000000 0.15000000 0.20000000 0.30000000 0.40000000 0.60000000 0.80000000 1.00000000 1.20000000 1.40000000 1.60000000 1.80000000 2.00000000 2.50000000 3.20000000 4.00000000 5.00000000 6.00000000 7.00000000 8.50000000 10.00000000
V3 2 9 -10.00000000 -8.50000000 -7.00000000 -6.00000000 -5.00000000 -4.00000000 -3.20000000 -2.50000000 -2.00000000 -1.80000000 -1.60000000 -1.40000000 -1.20000000 -1.00000000 -0.80000000 -0.60000000 -0.40000000 -0.30000000 -0.20000000 -0.15000000 -0.10000000 -0.05000000 0.00000000 0.05000000 0.10000000 0.15000000 0.20000000 0.30000000 0.40000000 0.60000000 0.80000000 1.00000000 1.20000000 1.40000000 1.60000000 1.80000000 2.00000000 2.50000000 3.20000000 4.00000000 5.00000000 6.00000000 7.00000000 8.50000000 10.00000000
V2 3 0 -10.00000000 -8.50000000 -7.00000000 -6.00000000 -5.00000000 -4.00000000 -3.20000000 -2.50000000 -2.00000000 -1.80000000 -1.60000000 -1.40000000 -1.20000000 -1.00000000 -0.80000000 -0.60000000 -0.40000000 -0.30000000 -0.20000000 -0.15000000 -0.10000000 -0.05000000 0.00000000 0.05000000 0.10000000 0.15000000 0.20000000 0.30000000 0.40000000 0.60000000 0.80000000 1.00000000 1.20000000 1.40000000 1.60000000 1.80000000 2.00000000 2.50000000 3.20000000 4.00000000 5.00000000 6.00000000 7.00000000 8.50000000 10.00000000
V3 3 0 -10.00000000 -8.50000000 -7.00000000 -6.00000000 -5.00000000 -4.00000000 -3.20000000 -2.50000000 -2.00000000 -1.80000000 -1.60000000 -1.40000000 -1.20000000 -1.00000000 -0.80000000 -0.60000000 -0.40000000 -0.30000000 -0.20000000 -0.15000000 -0.10000000 -0.05000000 0.00000000 0.05000000 0.10000000 0.15000000 0.20000000 0.30000000 0.40000000 0.60000000 0.80000000 1.00000000 1.20000000 1.40000000 1.60000000 1.80000000 2.00000000 2.50000000 3.20000000 4.00000000 5.00000000 6.00000000 7.00000000 8.50000000 10.00000000
V2 3 1 -10.00000000 -8.50000000 -7.00000000 -6.00000000 -5.00000000 -4.00000000 -3.20000000 -2.50000000 -2.00000000 -1.80000000 -1.60000000 -1.40000000 -1.20000000 -1.00000000 -0.80000000 -0.60000000 -0.40000000 -0.30000000 -0.20000000 -0.15000000 -0.10000000 -0.05000000 0.00000000 0.05000000 0.10000000 0.15000000 0.20000000 0.30000000 0.40000000 0.60000000 0.80000000 1.00000000 1.20000000 1.40000000 1.60000000 1.80000000 2.00000000 2.50000000 3.20000000 4.00000000 5.00000000 6.00000000 7.00000000 8.50000000 10.00000000
V3 3 1 -10.00000000 -8.50000000 -7.00000000 -6.00000000 -5.00000000 -4.00000000 -3.20000000 -2.50000000 -2.00000000 -1.80000000 -1.60000000 -1.40000000 -1.20000000 -1.00000000 -0.80000000 -0.60000000 -0.40000000 -0.30000000 -0.20000000 -0.15000000 -0.10000000 -0.05000000 0.00000000 0.05000000 0.10000000 0.15000000 0.20000000 0.30000000 0.40000000 0.60000000 0.80000000 1.00000000 1.20000000 1.40000000 1.60000000 1.80000000 2.00000000 2.50000000 3.20000000 4.00000000 5.00000000 6.00000000 7.00000000 8.50000000 10.00000000
V2 3 2 -10.00000000 -8.50000000 -7.00000000 -6.00000000 -5.00000000 -4.00000000 -3.20000000 -2.50000000 -2.00000000 -1.80000000 -1.60000000 -1.40000000 -1.20000000 -1.00000000 -0.80000000 -0.60000000 -0.40000000 -0.30000000 -0.20000000 -0.15000000 -0.10000000 -0.05000000 0.00000000 0.05000000 0.10000000 0.15000000 0.20000000 0.30000000 0.40000000 0.60000000 0.80000000 1.00000000 1.20000000 1.40000000 1.60000000 1.80000000 2.00000000 2.50000000 3.20000000 4.00000000 5.00000000 6.00000000 7.00000000 8.50000000 10.00000000
V3 3 2 -10.00000000 -8.50000000 -7.00000000 -6.00000000 -5.00000000 -4.00000000 -3.20000000 -2.50000000 -2.00000000 -1.80000000 -1.60000000 -1.40000000 -1.20000000 -1.00000000 -0.80000000 -0.60000000 -0.40000000 -0.30000000 -0.20000000 -0.15000000 -0.10000000 -0.05000000 0.00000000 0.05000000 0.10000000 0.15000000 0.20000000 0.30000000 0.40000000 0.60000000 0.80000000 1.00000000 1.20000000 1.40000000 1.60000000 1.80000000 2.00000000 2.50000000 3.20000000 4.00000000 5.00000000 6.00000000 7.00000000 8.50000000 10.00000000
V2 3 3 -10.00000000 -8.50000000 -7.00000000 -6.00000000 -5.00000000 -4.00000000 -3.20000000 -2.50000000 -2.00000000 -1.80000000 -1.60000000 -1.40000000 -1.20000000 -1.00000000 -0.80000000 -0.60000000 -0.40000000 -0.30000000 -0.20000000 -0.15000000 -0.10000000 -0.05000000 0.00000000 0.05000000 0.10000000 0.15000000 0.20000000 0.30000000 0.40000000 0.60000000 0.80000000 1.00000000 1.20000000 1.40000000 1.60000000 1.80000000 2.00000000 2.50000000 3.20000000 4.00000000 5.00000000 6.00000000 7.00000000 8.50000000 10.00000000
V3 3 3 -10.00000000 -8.50000000 -7.00000000 -6.00000000 -5.00000000 -4.00000000 -3.20000000 -2.50000000 -2.00000000 -1.80000000 -1.60000000 -1.40000000 -1.20000000 -1.00000000 -0.80000000 -0.60000000 -0.40000000 -0.30000000 -0.20000000 -0.15000000 -0.10000000 -0.05000000 0.00000000 0.05000000 0.10000000 0.15000000 0.20000000 0.30000000 0.40000000 0.60000000 0.80000000 1.00000000 1.20000000 1.40000000 1.60000000 1.80000000 2.00000000 2.50000000 3.20000000 4.00000000 5.00000000 6.00000000 7.00000000 8.50000000 10.00000000
V2 3 4 -10.00000000 -8.50000000 -7.00000000 -6.00000000 -5.00000000 -4.00000000 -3.20000000 -2.50000000 -2.00000000 -1.80000000 -1.60000000 -1.40000000 -1.20000000 -1.00000000 -0.80000000 -0.60000000 -0.40000000 -0.30000000 -0.20000000 -0.15000000 -0.10000000 -0.05000000 0.00000000 0.05000000 0.10000000 0.15000000 0.20000000 0.30000000 0.40000000 0.60000000 0.80000000 1.00000000 1.20000000 1.40000000 1.60000000 1.80000000 2.00000000 2.50000000 3.20000000 4.00000000 5.00000000 6.00000000 7.00000000 8.50000000 10.00000000
V3 3 4 -10.00000000 -8.50000000 -7.00000000 -6.00000000 -5.00000000 -4.00000000 -3.20000000 -2.50000000 -2.00000000 -1.80000000 -1.60000000 -1.40000000 -1.20000000 -1.00000000 -0.80000000 -0.60000000 -0.40000000 -0.30000000 -0.20000000 -0.15000000 -0.10000000 -0.05000000 0.00000000 0.05000000 0.10000000 0.15000000 0.20000000 0.30000000 0.40000000 0.60000000 0.80000000 1.00000000 1.20000000 1.40000000 1.60000000 1.80000000 2.00000000 2.50000000 3.20000000 4.00000000 5.00000000 6.00000000 7.00000000 8.50000000 10.00000000
V2 3 5 -10.00000000 -8.50000000 -7.00000000 -6.00000000 -5.00000000 -4.00000000 -3.20000000 -2.50000000 -2.00000000 -1.80000000 -1.60000000 -1.40000000 -1.20000000 -1.00000000 -0.80000000 -0.60000000 -0.40000000 -0.30000000 -0.20000000 -0.15000000 -0.10000000 -0.05000000 0.00000000 0.05000000 0.10000000 0.15000000 0.20000000 0.30000000 0.40000000 0.60000000 0.80000000 1.00000000 1.20000000 1.40000000 1.60000000 1.80000000 2.00000000 2.50000000 3.20000000 4.00000000 5.00000000 6.00000000 7.00000000 8.50000000 10.00000000
V3 3 5 -10.00000000 -8.50000000 -7.00000000 -6.00000000 -5.00000000 -4.00000000 -3.20000000 -2.50000000 -2.00000000 -1.80000000 -1.60000000 -1.40000000 -1.20000000 -1.00000000 -0.80000000 -0.60000000 -0.40000000 -0.30000000 -0.20000000 -0.15000000 -0.10000000 -0.05000000 0.00000000 0.05000000 0.10000000 0.15000000 0.20000000 0.30000000 0.40000000 0.60000000 0.80000000 1.00000000 1.20000000 1.40000000 1.60000000 1.80000000 2.00000000 2.50000000 3.20000000 4.00000000 5.00000000 6.00000000 7.00000000 8.50000000 10.00000000
V2 3 6 -10.00000000 -8.50000000 -7.00000000 -6.00000000 -5.00000000 -4.00000000 -3.20000000 -2.50000000 -2.00000000 -1.80000000 -1.60000000 -1.40000000 -1.20000000 -1.00000000 -0.80000000 -0.60000000 -0.40000000 -0.30000000 -0.20000000 -0.15000000 -0.10000000 -0.05000000 0.00000000 0.05000000 0.10000000 0.15000000 0.20000000 0.30000000 0.40000000 0.60000000 0.80000000 1.00000000 1.20000000 1.40000000 1.60000000 1.80000000 2.00000000 2.50000000 3.20000000 4.00000000 5.00000000 6.00000000 7.00000000 8.50000000 10.00000000
V3 3 6 -10.00000000 -8.50000000 -7.00000000 -6.00000000 -5.00000000 -4.00000000 -3.20000000 -2.50000000 -2.00000000 -1.80000000 -1.60000000 -1.40000000 -1.20000000 -1.00000000 -0.80000000 -0.60000000 -0.40000000 -0.30000000 -0.20000000 -0.15000000 -0.10000000 -0.05000000 0.00000000 0.05000000 0.10000000 0.15000000 0.20000000 0.30000000 0.40000000 0.60000000 0.80000000 1.00000000 1.20000000 1.40000000 1.60000000 1.80000000 2.00000000 2.50000000 3.20000000 4.00000000 5.00000000 6.00000000 7.00000000 8.50000000 10.00000000
V2 3 7 -10.00000000 -8.50000000 -7.00000000 -6.00000000 -5.00000000 -4.00000000 -3.20000000 -2.50000000 -2.00000000 -1.80000000 -1.60000000 -1.40000000 -1.20000000 -1.00000000 -0.80000000 -0.60000000 -0.40000000 -0.30000000 -0.20000000 -0.15000000 -0.10000000 -0.05000000 0.00000000 0.05000000 0.10000000 0.15000000 0.20000000 0.30000000 0.40000000 0.60000000 0.80000000 1.00000000 1.20000000 1.40000000 1.60000000 1.80000000 2.00000000 2.50000000 3.20000000 4.00000000 5.00000000 6.00000000 7.00000000 8.50000000 10.00000000
V3 3 7 -10.00000000 -8.50000000 -7.00000000 -6.00000000 -5.00000000 -4.00000000 -3.20000000 -2.50000000 -2.00000000 -1.80000000 -1.60000000 -1.40000000 -1.20000000 -1.00000000 -0.80000000 -0.60000000 -0.40000000 -0.30000000 -0.20000000 -0.15000000 -0.10000000 -0.05000000 0.00000000 0.05000000 0.10000000 0.15000000 0.20000000 0.30000000 0.40000000 0.60000000 0.80000000 1.00000000 1.20000000 1.40000000 1.60000000 1.80000000 2.00000000 2.50000000 3.20000000 4.00000000 5.00000000 6.00000000 7.00000000 8.50000000 10.00000000
V2 3 8 -10.00000000 -8.50000000 -7.00000000 -6.00000000 -5.00000000 -4.00000000 -3.20000000 -2.50000000 -2.00000000 -1.80000000 -1.60000000 -1.40000000 -1.20000000 -1.00000000 -0.80000000 -0.60000000 -0.40000000 -0.30000000 -0.20000000 -0.15000000 -0.10000000 -0.05000000 0.00000000 0.05000000 0.10000000 0.15000000 0.20000000 0.30000000 0.40000000 0.60000000 0.80000000 1.00000000 1.20000000 1.40000000 1.60000000 1.80000000 2.00000000 2.50000000 3.20000000 4.00000000 5.00000000 6.00000000 7.00000000 8.50000000 10.00000000
V3 3 8 -10.00000000 -8.50000000 -7.00000000 -6.00000000 -5.00000000 -4.00000000 -3.20000000 -2.50000000 -2.00000000 -1.80000000 -1.60000000 -1.40000000 -1.20000000 -1.00000000 -0.80000000 -0.60000000 -0.40000000 -0.30000000 -0.20000000 -0.15000000 -0.10000000 -0.05000000 0.00000000 0.05000000 0.10000000 0.15000000 0.20000000 0.30000000 0.40000000 0.60000000 0.80000000 1.00000000 1.20000000 1.40000000 1.60000000 1.80000000 2.00000000 2.50000000 3.20000000 4.00000000 5.00000000 6.00000000 7.00000000 8.50000000 10.00000000
V2 3 9 -10.00000000 -8.50000000 -7.00000000 -6.00000000 -5.00000000 -4.00000000 -3.20000000 -2.50000000 -2.00000000 -1.80000000 -1.60000000 -1.40000000 -1.20000000 -1.00000000 -0.80000000 -0.60000000 -0.40000000 -0.30000000 -0.20000000 -0.15000000 -0.10000000 -0.05000000 0.00000000 0.05000000 0.10000000 0.15000000 0.20000000 0.30000000 0.40000000 0.60000000 0.80000000 1.00000000 1.20000000 1.40000000 1.60000000 1.80000000 2.00000000 2.50000000 3.20000000 4.00000000 5.00000000 6.00000000 7.00000000 8.50000000 10.00000000
V3 3 9 -10.00000000 -8.50000000 -7.00000000 -6.00000000 -5.00000000 -4.00000000 -3.20000000 -2.50000000 -2.00000000 -1.80000000 -1.60000000 -1.40000000 -1.20000000 -1.00000000 -0.80000000 -0.60000000 -0.40000000 -0.30000000 -0.20000000 -0.15000000 -0.10000000 -0.05000000 0.00000000 0.05000000 0.10000000 0.15000000 0.20000000 0.30000000 0.40000000 0.60000000 0.80000000 1.00000000 1.20000000 1.40000000 1.60000000 1.80000000 2.00000000 2.50000000 3.20000000 4.00000000 5.00000000 6.00000000 7.00000000 8.50000000 10.00000000
