  0.0	  1.0	0.61351	0.00681
  1.0	  2.0	0.67035	0.00608
  2.0	  3.0	0.71805	0.00524
  3.0	  4.0	0.76638	0.00447
  4.0	  5.0	0.79623	0.00392
  5.0	  6.0	0.82848	0.00358
  6.0	  7.0	0.84748	0.00325
  7.0	  8.0	0.86509	0.00300
  8.0	  9.0	0.88539	0.00282
  9.0	 10.0	0.88854	0.00259
 10.0	 11.0	0.89776	0.00247
 11.0	 12.0	0.90513	0.00237
 12.0	 13.0	0.91222	0.00226
 13.0	 14.0	0.91798	0.00221
 14.0	 15.0	0.92237	0.00212
 15.0	 16.0	0.92450	0.00207
 16.0	 17.0	0.93015	0.00202
 17.0	 18.0	0.93068	0.00195
 18.0	 19.0	0.93133	0.00193
 19.0	 20.0	0.93262	0.00189
 20.0	 21.0	0.93103	0.00187
 21.0	 22.0	0.93529	0.00185
 22.0	 23.0	0.93444	0.00185
 23.0	 24.0	0.93359	0.00185
 24.0	 25.0	0.93372	0.00184
 25.0	 26.0	0.93151	0.00187
 26.0	 27.0	0.93312	0.00189
 27.0	 28.0	0.93073	0.00186
 28.0	 29.0	0.92890	0.00190
 29.0	 30.0	0.92648	0.00192
 30.0	 31.0	0.92532	0.00195
 31.0	 32.0	0.92373	0.00199
 32.0	 33.0	0.92311	0.00202
 33.0	 34.0	0.91755	0.00207
 34.0	 35.0	0.91636	0.00209
 35.0	 36.0	0.91129	0.00213
 36.0	 37.0	0.90685	0.00221
 37.0	 38.0	0.90815	0.00228
 38.0	 39.0	0.90120	0.00232
 39.0	 40.0	0.89839	0.00240
 40.0	 41.0	0.89163	0.00241
 41.0	 42.0	0.88745	0.00253
 42.0	 43.0	0.88026	0.00261
 43.0	 44.0	0.87554	0.00268
 44.0	 45.0	0.86669	0.00277
 45.0	 46.0	0.86255	0.00285
 46.0	 47.0	0.85342	0.00299
 47.0	 48.0	0.84478	0.00306
 48.0	 49.0	0.84090	0.00324
 49.0	 50.0	0.82914	0.00333
 50.0	 51.0	0.81878	0.00344
 51.0	 52.0	0.80529	0.00361
 52.0	 53.0	0.79397	0.00375
 53.0	 54.0	0.77890	0.00387
 54.0	 55.0	0.77548	0.00410
 55.0	 56.0	0.76257	0.00428
 56.0	 57.0	0.74620	0.00450
 57.0	 58.0	0.72134	0.00459
 58.0	 59.0	0.71407	0.00491
 59.0	 60.0	0.69733	0.00508
 60.0	 61.0	0.67506	0.00529
 61.0	 62.0	0.66416	0.00580
 62.0	 63.0	0.63585	0.00593
 63.0	 64.0	0.62161	0.00628
 64.0	 65.0	0.60464	0.00669
 65.0	 66.0	0.57340	0.00696
 66.0	 67.0	0.55907	0.00760
 67.0	 68.0	0.54113	0.00824
 68.0	 69.0	0.51507	0.00874
 69.0	 70.0	0.50273	0.00938
 70.0	 71.0	0.45627	0.00929
 71.0	 72.0	0.44769	0.01055
 72.0	 73.0	0.41333	0.01079
 73.0	 74.0	0.39281	0.01162
 74.0	 75.0	0.36129	0.01211
 75.0	 76.0	0.34276	0.01261
 76.0	 77.0	0.33226	0.01533
 77.0	 78.0	0.28827	0.01459
 78.0	 79.0	0.27540	0.01740
 79.0	 80.0	0.24909	0.01836
 80.0	 81.0	0.21971	0.01754
 81.0	 82.0	0.25970	0.02690
 82.0	 83.0	0.19361	0.02484
 83.0	 84.0	0.28968	0.06953
 84.0	 85.0	0.18068	0.02701
 85.0	 86.0	0.15301	0.02486
 86.0	 87.0	0.14832	0.03692
 87.0	 88.0	0.19471	0.07480
 88.0	 89.0	0.14935	0.04118
 89.0	 90.0	0.16528	0.05496
 90.0	 91.0	0.07765	0.03479
 91.0	 92.0	0.10022	0.04038
 92.0	 93.0	0.10090	0.04657
 93.0	 94.0	0.08955	0.06717
 94.0	 95.0	0.09480	0.06924
 95.0	 96.0	0.27624	0.20534
 96.0	 97.0	0.07400	0.11189
 97.0	 98.0	0.03909	0.93828
 98.0	 99.0	0.23821	0.33814
 99.0	100.0	0.73318	1.05958
