  0.0	  5.0	0.71513	0.00228
  5.0	 10.0	0.86303	0.00136
 10.0	 15.0	0.91109	0.00102
 15.0	 20.0	0.92984	0.00088
 20.0	 25.0	0.93362	0.00083
 25.0	 30.0	0.93015	0.00085
 30.0	 35.0	0.92122	0.00090
 35.0	 40.0	0.90516	0.00101
 40.0	 45.0	0.88034	0.00116
 45.0	 50.0	0.84613	0.00138
 50.0	 55.0	0.79454	0.00168
 55.0	 60.0	0.72859	0.00208
 60.0	 65.0	0.64071	0.00266
 65.0	 70.0	0.53860	0.00361
 70.0	 75.0	0.41551	0.00480
 75.0	 80.0	0.29993	0.00682
 80.0	 85.0	0.22308	0.01166
 85.0	 90.0	0.15749	0.01726
 90.0	 95.0	0.08658	0.01986
 95.0	100.0	0.23955	0.16713
