  0.0	  2.0	0.64261	0.00454
  2.0	  4.0	0.74250	0.00342
  4.0	  6.0	0.81250	0.00265
  6.0	  8.0	0.85631	0.00221
  8.0	 10.0	0.88685	0.00191
 10.0	 12.0	0.90144	0.00171
 12.0	 14.0	0.91510	0.00158
 14.0	 16.0	0.92343	0.00148
 16.0	 18.0	0.93041	0.00140
 18.0	 20.0	0.93198	0.00135
 20.0	 22.0	0.93317	0.00131
 22.0	 24.0	0.93401	0.00131
 24.0	 26.0	0.93262	0.00131
 26.0	 28.0	0.93192	0.00133
 28.0	 30.0	0.92769	0.00135
 30.0	 32.0	0.92452	0.00139
 32.0	 34.0	0.92035	0.00144
 34.0	 36.0	0.91382	0.00149
 36.0	 38.0	0.90749	0.00159
 38.0	 40.0	0.89979	0.00167
 40.0	 42.0	0.88956	0.00175
 42.0	 44.0	0.87790	0.00187
 44.0	 46.0	0.86461	0.00199
 46.0	 48.0	0.84911	0.00214
 48.0	 50.0	0.83505	0.00232
 50.0	 52.0	0.81204	0.00249
 52.0	 54.0	0.78644	0.00269
 54.0	 56.0	0.76902	0.00296
 56.0	 58.0	0.73387	0.00321
 58.0	 60.0	0.70580	0.00353
 60.0	 62.0	0.66950	0.00391
 62.0	 64.0	0.62870	0.00432
 64.0	 66.0	0.58929	0.00483
 66.0	 68.0	0.55011	0.00559
 68.0	 70.0	0.50886	0.00639
 70.0	 72.0	0.45174	0.00698
 72.0	 74.0	0.40318	0.00791
 74.0	 76.0	0.35211	0.00873
 76.0	 78.0	0.31057	0.01059
 78.0	 80.0	0.26260	0.01263
 80.0	 82.0	0.23641	0.01488
 82.0	 84.0	0.22750	0.02501
 84.0	 86.0	0.16786	0.01825
 86.0	 88.0	0.16548	0.03421
 88.0	 90.0	0.15612	0.03307
 90.0	 92.0	0.09152	0.02482
 92.0	 94.0	0.05563	0.05637
 94.0	 96.0	0.15061	0.06549
 96.0	 98.0	0.19760	0.57919
 98.0	100.0	0.14263	0.45539
