  0.0	  5.0	0.66239	0.00234
  5.0	 10.0	0.67831	0.00222
 10.0	 15.0	0.67304	0.00222
 15.0	 20.0	0.65537	0.00226
 20.0	 25.0	0.63460	0.00236
 25.0	 30.0	0.60812	0.00249
 30.0	 35.0	0.57887	0.00270
 35.0	 40.0	0.53562	0.00295
 40.0	 45.0	0.47818	0.00330
 45.0	 50.0	0.41680	0.00380
 50.0	 55.0	0.34454	0.00461
 55.0	 60.0	0.27275	0.00582
 60.0	 65.0	0.19945	0.00835
 65.0	 70.0	0.12295	0.01035
 70.0	 75.0	0.07549	0.01901
 75.0	 80.0	0.01139	0.01736
 80.0	 85.0	0.10353	0.12479
 85.0	 90.0	0.11404	0.59024
 90.0	 95.0	0.03147	0.13989
 95.0	100.0	0.14021	0.71539
