  0.0	  2.0	0.64678	0.00382
  2.0	  4.0	0.66936	0.00365
  4.0	  6.0	0.68080	0.00359
  6.0	  8.0	0.67575	0.00348
  8.0	 10.0	0.67878	0.00349
 10.0	 12.0	0.67628	0.00349
 12.0	 14.0	0.66931	0.00351
 14.0	 16.0	0.66601	0.00354
 16.0	 18.0	0.65688	0.00355
 18.0	 20.0	0.65249	0.00360
 20.0	 22.0	0.63915	0.00365
 22.0	 24.0	0.63731	0.00379
 24.0	 26.0	0.61856	0.00380
 26.0	 28.0	0.61262	0.00389
 28.0	 30.0	0.59908	0.00403
 30.0	 32.0	0.59006	0.00419
 32.0	 34.0	0.57580	0.00430
 34.0	 36.0	0.55192	0.00436
 36.0	 38.0	0.54506	0.00470
 38.0	 40.0	0.52315	0.00482
 40.0	 42.0	0.49791	0.00509
 42.0	 44.0	0.47503	0.00530
 44.0	 46.0	0.44340	0.00545
 46.0	 48.0	0.42255	0.00592
 48.0	 50.0	0.39669	0.00633
 50.0	 52.0	0.36248	0.00678
 52.0	 54.0	0.33967	0.00763
 54.0	 56.0	0.30565	0.00795
 56.0	 58.0	0.27631	0.00883
 58.0	 60.0	0.25790	0.01049
 60.0	 62.0	0.21523	0.01076
 62.0	 64.0	0.19713	0.01519
 64.0	 66.0	0.17783	0.01832
 66.0	 68.0	0.11686	0.01580
 68.0	 70.0	0.09032	0.01694
 70.0	 72.0	0.11516	0.02764
 72.0	 74.0	0.01969	0.05177
 74.0	 76.0	0.05523	0.06416
 76.0	 78.0	0.01502	0.04860
 78.0	 80.0	0.01631	0.02935
 80.0	 82.0	0.04783	0.03462
 82.0	 84.0	0.05562	0.08141
 84.0	 86.0	0.07293	0.18981
 86.0	 88.0	0.07922	0.39768
 88.0	 90.0	0.03596	0.04251
 90.0	 92.0	0.10132	0.09279
 92.0	 94.0	0.04654	0.04127
 94.0	 96.0	0.16212	0.60468
 96.0	 98.0	0.08869	0.19634
 98.0	100.0	0.12791	0.65904
