  0.0	  1.0	0.64199	0.00545
  1.0	  2.0	0.65152	0.00536
  2.0	  3.0	0.66390	0.00514
  3.0	  4.0	0.67482	0.00519
  4.0	  5.0	0.67894	0.00504
  5.0	  6.0	0.68268	0.00512
  6.0	  7.0	0.67318	0.00490
  7.0	  8.0	0.67833	0.00494
  8.0	  9.0	0.67705	0.00488
  9.0	 10.0	0.68055	0.00498
 10.0	 11.0	0.67962	0.00496
 11.0	 12.0	0.67293	0.00492
 12.0	 13.0	0.67042	0.00498
 13.0	 14.0	0.66818	0.00496
 14.0	 15.0	0.67400	0.00504
 15.0	 16.0	0.65804	0.00498
 16.0	 17.0	0.65961	0.00509
 17.0	 18.0	0.65423	0.00497
 18.0	 19.0	0.65288	0.00503
 19.0	 20.0	0.65213	0.00516
 20.0	 21.0	0.63824	0.00512
 21.0	 22.0	0.64009	0.00521
 22.0	 23.0	0.63754	0.00530
 23.0	 24.0	0.63710	0.00541
 24.0	 25.0	0.62013	0.00530
 25.0	 26.0	0.61697	0.00545
 26.0	 27.0	0.62479	0.00558
 27.0	 28.0	0.60058	0.00543
 28.0	 29.0	0.59643	0.00562
 29.0	 30.0	0.60179	0.00577
 30.0	 31.0	0.59667	0.00590
 31.0	 32.0	0.58331	0.00597
 32.0	 33.0	0.58108	0.00604
 33.0	 34.0	0.57039	0.00613
 34.0	 35.0	0.56207	0.00618
 35.0	 36.0	0.54176	0.00614
 36.0	 37.0	0.55200	0.00673
 37.0	 38.0	0.53814	0.00658
 38.0	 39.0	0.53122	0.00676
 39.0	 40.0	0.51495	0.00687
 40.0	 41.0	0.50034	0.00696
 41.0	 42.0	0.49556	0.00746
 42.0	 43.0	0.48502	0.00743
 43.0	 44.0	0.46484	0.00756
 44.0	 45.0	0.44332	0.00748
 45.0	 46.0	0.44365	0.00795
 46.0	 47.0	0.42675	0.00818
 47.0	 48.0	0.41831	0.00857
 48.0	 49.0	0.40322	0.00862
 49.0	 50.0	0.39003	0.00933
 50.0	 51.0	0.37512	0.00982
 51.0	 52.0	0.34998	0.00936
 52.0	 53.0	0.34921	0.01086
 53.0	 54.0	0.33001	0.01073
 54.0	 55.0	0.31637	0.01105
 55.0	 56.0	0.29463	0.01144
 56.0	 57.0	0.26674	0.01147
 57.0	 58.0	0.28734	0.01379
 58.0	 59.0	0.27609	0.01512
 59.0	 60.0	0.23877	0.01456
 60.0	 61.0	0.23204	0.01661
 61.0	 62.0	0.19970	0.01406
 62.0	 63.0	0.20770	0.02120
 63.0	 64.0	0.18593	0.02178
 64.0	 65.0	0.17339	0.02640
 65.0	 66.0	0.18209	0.02546
 66.0	 67.0	0.13861	0.02273
 67.0	 68.0	0.09344	0.02232
 68.0	 69.0	0.07491	0.01941
 69.0	 70.0	0.11263	0.03281
 70.0	 71.0	0.11855	0.03564
 71.0	 72.0	0.11186	0.04376
 72.0	 73.0	0.04973	0.03254
 73.0	 74.0	0.05894	0.06249
 74.0	 75.0	0.15945	1.28021
 75.0	 76.0	0.02974	0.04421
 76.0	 77.0	0.06738	0.05903
 77.0	 78.0	0.02194	0.03739
 78.0	 79.0	0.02356	0.03945
 79.0	 80.0	0.00474	0.10629
 80.0	 81.0	0.06651	0.04709
 81.0	 82.0	0.01081	0.11329
 82.0	 83.0	0.08373	0.09797
 83.0	 84.0	0.24138	2.68787
 84.0	 85.0	0.05278	0.03886
 85.0	 86.0	0.00666	0.10361
 86.0	 87.0	0.05879	0.05102
 87.0	 88.0	0.05954	0.04457
 88.0	 89.0	0.04256	0.19213
 89.0	 90.0	0.02681	0.04715
 90.0	 91.0	0.03034	0.08415
 91.0	 92.0	0.25877	0.72595
 92.0	 93.0	0.01567	0.07495
 93.0	 94.0	0.21229	1.06974
 94.0	 95.0	0.61465	7.43764
 95.0	 96.0	0.24499	0.63334
 96.0	 97.0	0.06431	0.13354
 97.0	 98.0	0.18985	0.38413
 98.0	 99.0	0.21196	1.16398
 99.0	100.0	0.06950	0.75411
