  0.0	  1.0	0.47365	0.00511
  1.0	  2.0	0.51748	0.00440
  2.0	  3.0	0.58097	0.00394
  3.0	  4.0	0.63934	0.00347
  4.0	  5.0	0.67823	0.00310
  5.0	  6.0	0.71491	0.00282
  6.0	  7.0	0.74888	0.00258
  7.0	  8.0	0.77215	0.00239
  8.0	  9.0	0.79318	0.00221
  9.0	 10.0	0.80518	0.00209
 10.0	 11.0	0.82013	0.00200
 11.0	 12.0	0.82844	0.00191
 12.0	 13.0	0.84017	0.00184
 13.0	 14.0	0.84700	0.00178
 14.0	 15.0	0.85150	0.00171
 15.0	 16.0	0.85265	0.00168
 16.0	 17.0	0.86068	0.00162
 17.0	 18.0	0.86191	0.00159
 18.0	 19.0	0.86504	0.00158
 19.0	 20.0	0.86762	0.00156
 20.0	 21.0	0.86847	0.00154
 21.0	 22.0	0.86952	0.00152
 22.0	 23.0	0.86921	0.00152
 23.0	 24.0	0.86872	0.00152
 24.0	 25.0	0.86865	0.00152
 25.0	 26.0	0.86397	0.00155
 26.0	 27.0	0.86359	0.00156
 27.0	 28.0	0.86223	0.00155
 28.0	 29.0	0.86318	0.00156
 29.0	 30.0	0.85760	0.00162
 30.0	 31.0	0.85481	0.00162
 31.0	 32.0	0.85127	0.00165
 32.0	 33.0	0.84590	0.00170
 33.0	 34.0	0.84520	0.00172
 34.0	 35.0	0.84059	0.00175
 35.0	 36.0	0.83412	0.00179
 36.0	 37.0	0.82775	0.00186
 37.0	 38.0	0.82356	0.00189
 38.0	 39.0	0.81640	0.00192
 39.0	 40.0	0.81058	0.00197
 40.0	 41.0	0.80100	0.00203
 41.0	 42.0	0.79116	0.00210
 42.0	 43.0	0.78279	0.00216
 43.0	 44.0	0.77709	0.00222
 44.0	 45.0	0.76503	0.00230
 45.0	 46.0	0.75706	0.00237
 46.0	 47.0	0.74635	0.00245
 47.0	 48.0	0.73569	0.00251
 48.0	 49.0	0.72413	0.00262
 49.0	 50.0	0.70742	0.00268
 50.0	 51.0	0.69886	0.00279
 51.0	 52.0	0.67807	0.00290
 52.0	 53.0	0.66691	0.00301
 53.0	 54.0	0.65328	0.00312
 54.0	 55.0	0.63473	0.00318
 55.0	 56.0	0.62214	0.00334
 56.0	 57.0	0.60503	0.00343
 57.0	 58.0	0.58469	0.00359
 58.0	 59.0	0.56344	0.00376
 59.0	 60.0	0.55029	0.00391
 60.0	 61.0	0.52685	0.00402
 61.0	 62.0	0.50510	0.00424
 62.0	 63.0	0.49020	0.00450
 63.0	 64.0	0.46545	0.00472
 64.0	 65.0	0.44486	0.00483
 65.0	 66.0	0.42350	0.00520
 66.0	 67.0	0.41104	0.00540
 67.0	 68.0	0.38703	0.00568
 68.0	 69.0	0.36460	0.00607
 69.0	 70.0	0.35093	0.00642
 70.0	 71.0	0.31453	0.00660
 71.0	 72.0	0.29852	0.00699
 72.0	 73.0	0.29030	0.00806
 73.0	 74.0	0.25015	0.00832
 74.0	 75.0	0.23197	0.00866
 75.0	 76.0	0.22714	0.00914
 76.0	 77.0	0.20568	0.00976
 77.0	 78.0	0.18300	0.01028
 78.0	 79.0	0.16770	0.01094
 79.0	 80.0	0.16371	0.01220
 80.0	 81.0	0.16110	0.01500
 81.0	 82.0	0.11674	0.01274
 82.0	 83.0	0.14270	0.01807
 83.0	 84.0	0.09936	0.01973
 84.0	 85.0	0.06230	0.01596
 85.0	 86.0	0.06208	0.01918
 86.0	 87.0	0.06465	0.02700
 87.0	 88.0	0.03239	0.02506
 88.0	 89.0	0.02578	0.07588
 89.0	 90.0	0.04344	0.02409
 90.0	 91.0	0.00745	0.03885
 91.0	 92.0	0.13593	0.20781
 92.0	 93.0	0.06069	0.07541
 93.0	 94.0	0.24564	1.00800
 94.0	 95.0	0.03740	0.04582
 95.0	 96.0	0.15492	0.20683
 96.0	 97.0	0.01680	0.20254
 97.0	 98.0	0.06296	0.16990
 98.0	 99.0	0.16790	2.40123
 99.0	100.0	0.45446	0.69159
