  0.0	  5.0	0.58290	0.00175
  5.0	 10.0	0.76759	0.00108
 10.0	 15.0	0.83751	0.00083
 15.0	 20.0	0.86160	0.00072
 20.0	 25.0	0.86891	0.00068
 25.0	 30.0	0.86212	0.00070
 30.0	 35.0	0.84758	0.00076
 35.0	 40.0	0.82253	0.00084
 40.0	 45.0	0.78353	0.00097
 45.0	 50.0	0.73430	0.00113
 50.0	 55.0	0.66669	0.00134
 55.0	 60.0	0.58568	0.00161
 60.0	 65.0	0.48738	0.00199
 65.0	 70.0	0.38836	0.00255
 70.0	 75.0	0.27848	0.00340
 75.0	 80.0	0.19088	0.00461
 80.0	 85.0	0.11864	0.00689
 85.0	 90.0	0.03634	0.01452
 90.0	 95.0	0.04154	0.02822
 95.0	100.0	0.17514	0.63333
