  0.0	  2.0	0.49605	0.00334
  2.0	  4.0	0.61091	0.00261
  4.0	  6.0	0.69681	0.00209
  6.0	  8.0	0.76061	0.00176
  8.0	 10.0	0.79919	0.00152
 10.0	 12.0	0.82429	0.00138
 12.0	 14.0	0.84359	0.00128
 14.0	 16.0	0.85207	0.00120
 16.0	 18.0	0.86131	0.00114
 18.0	 20.0	0.86634	0.00111
 20.0	 22.0	0.86900	0.00108
 22.0	 24.0	0.86896	0.00107
 24.0	 26.0	0.86632	0.00109
 26.0	 28.0	0.86291	0.00110
 28.0	 30.0	0.86039	0.00113
 30.0	 32.0	0.85305	0.00116
 32.0	 34.0	0.84555	0.00121
 34.0	 36.0	0.83735	0.00125
 36.0	 38.0	0.82566	0.00132
 38.0	 40.0	0.81349	0.00138
 40.0	 42.0	0.79614	0.00146
 42.0	 44.0	0.77995	0.00155
 44.0	 46.0	0.76105	0.00165
 46.0	 48.0	0.74103	0.00175
 48.0	 50.0	0.71583	0.00187
 50.0	 52.0	0.68852	0.00201
 52.0	 54.0	0.66010	0.00217
 54.0	 56.0	0.62845	0.00231
 56.0	 58.0	0.59496	0.00248
 58.0	 60.0	0.55695	0.00271
 60.0	 62.0	0.51612	0.00292
 62.0	 64.0	0.47792	0.00326
 64.0	 66.0	0.43437	0.00354
 66.0	 68.0	0.39920	0.00391
 68.0	 70.0	0.35777	0.00441
 70.0	 72.0	0.30663	0.00480
 72.0	 74.0	0.27065	0.00579
 74.0	 76.0	0.22950	0.00629
 76.0	 78.0	0.19458	0.00708
 78.0	 80.0	0.16568	0.00814
 80.0	 82.0	0.13817	0.00970
 82.0	 84.0	0.12326	0.01304
 84.0	 86.0	0.06232	0.01229
 86.0	 88.0	0.04742	0.01752
 88.0	 90.0	0.04066	0.02402
 90.0	 92.0	0.03582	0.03491
 92.0	 94.0	0.03572	0.16378
 94.0	 96.0	0.02928	0.03829
 96.0	 98.0	0.04345	0.08008
 98.0	100.0	0.03801	1.25064
