  0.0	  1.0	0.50481	0.00432
  1.0	  2.0	0.51181	0.00413
  2.0	  3.0	0.52412	0.00407
  3.0	  4.0	0.52746	0.00403
  4.0	  5.0	0.53063	0.00396
  5.0	  6.0	0.52833	0.00392
  6.0	  7.0	0.52245	0.00386
  7.0	  8.0	0.52194	0.00383
  8.0	  9.0	0.52525	0.00383
  9.0	 10.0	0.52135	0.00389
 10.0	 11.0	0.52891	0.00391
 11.0	 12.0	0.51823	0.00386
 12.0	 13.0	0.52149	0.00392
 13.0	 14.0	0.51553	0.00392
 14.0	 15.0	0.51157	0.00392
 15.0	 16.0	0.50312	0.00395
 16.0	 17.0	0.50630	0.00398
 17.0	 18.0	0.50649	0.00398
 18.0	 19.0	0.49720	0.00399
 19.0	 20.0	0.49694	0.00403
 20.0	 21.0	0.49491	0.00414
 21.0	 22.0	0.48933	0.00407
 22.0	 23.0	0.47394	0.00412
 23.0	 24.0	0.48630	0.00426
 24.0	 25.0	0.47524	0.00432
 25.0	 26.0	0.46700	0.00431
 26.0	 27.0	0.46170	0.00438
 27.0	 28.0	0.44802	0.00437
 28.0	 29.0	0.45354	0.00455
 29.0	 30.0	0.44094	0.00444
 30.0	 31.0	0.44759	0.00459
 31.0	 32.0	0.43210	0.00463
 32.0	 33.0	0.41958	0.00469
 33.0	 34.0	0.41093	0.00479
 34.0	 35.0	0.40815	0.00496
 35.0	 36.0	0.39729	0.00498
 36.0	 37.0	0.39783	0.00511
 37.0	 38.0	0.37646	0.00517
 38.0	 39.0	0.37700	0.00528
 39.0	 40.0	0.36926	0.00532
 40.0	 41.0	0.35796	0.00556
 41.0	 42.0	0.35103	0.00570
 42.0	 43.0	0.34469	0.00583
 43.0	 44.0	0.33453	0.00610
 44.0	 45.0	0.32022	0.00617
 45.0	 46.0	0.30865	0.00623
 46.0	 47.0	0.30162	0.00643
 47.0	 48.0	0.29260	0.00677
 48.0	 49.0	0.29015	0.00714
 49.0	 50.0	0.26591	0.00696
 50.0	 51.0	0.26675	0.00760
 51.0	 52.0	0.24907	0.00786
 52.0	 53.0	0.23550	0.00820
 53.0	 54.0	0.22561	0.00863
 54.0	 55.0	0.21058	0.00890
 55.0	 56.0	0.22013	0.01024
 56.0	 57.0	0.21539	0.01011
 57.0	 58.0	0.18103	0.01011
 58.0	 59.0	0.16634	0.01056
 59.0	 60.0	0.17730	0.01287
 60.0	 61.0	0.14655	0.01237
 61.0	 62.0	0.11922	0.01370
 62.0	 63.0	0.12825	0.01417
 63.0	 64.0	0.08041	0.01423
 64.0	 65.0	0.13057	0.01735
 65.0	 66.0	0.19803	0.04044
 66.0	 67.0	0.13309	0.02860
 67.0	 68.0	0.11644	0.02440
 68.0	 69.0	0.07716	0.03779
 69.0	 70.0	0.01755	0.14635
 70.0	 71.0	0.06746	0.03629
 71.0	 72.0	0.27544	1.10445
 72.0	 73.0	0.01400	0.20359
 73.0	 74.0	0.02948	0.02362
 74.0	 75.0	0.05126	0.03798
 75.0	 76.0	0.05434	0.06896
 76.0	 77.0	0.02931	0.09546
 77.0	 78.0	0.10829	0.74888
 78.0	 79.0	0.04930	0.08959
 79.0	 80.0	0.00821	0.21303
 80.0	 81.0	0.02521	0.03979
 81.0	 82.0	0.02624	0.03471
 82.0	 83.0	0.05884	0.04312
 83.0	 84.0	0.14520	0.47997
 84.0	 85.0	0.06133	0.11071
 85.0	 86.0	0.01366	0.09058
 86.0	 87.0	0.02564	0.05765
 87.0	 88.0	0.02444	0.08418
 88.0	 89.0	0.02249	0.05374
 89.0	 90.0	0.01206	0.13654
 90.0	 91.0	0.03471	0.02800
 91.0	 92.0	0.04996	0.04621
 92.0	 93.0	0.09777	0.13303
 93.0	 94.0	0.08257	0.09238
 94.0	 95.0	0.06938	0.43574
 95.0	 96.0	0.06939	0.07124
 96.0	 97.0	0.16477	0.23152
 97.0	 98.0	0.04219	0.17842
 98.0	 99.0	0.21643	0.13516
 99.0	100.0	0.27308	0.46157
