  0.0	  5.0	0.51987	0.00183
  5.0	 10.0	0.52387	0.00173
 10.0	 15.0	0.51917	0.00175
 15.0	 20.0	0.50203	0.00178
 20.0	 25.0	0.48395	0.00187
 25.0	 30.0	0.45428	0.00197
 30.0	 35.0	0.42392	0.00211
 35.0	 40.0	0.38374	0.00231
 40.0	 45.0	0.34197	0.00262
 45.0	 50.0	0.29205	0.00299
 50.0	 55.0	0.23832	0.00366
 55.0	 60.0	0.19282	0.00476
 60.0	 65.0	0.12210	0.00622
 65.0	 70.0	0.11964	0.01423
 70.0	 75.0	0.03744	0.01659
 75.0	 80.0	0.04146	0.06428
 80.0	 85.0	0.05158	0.06009
 85.0	 90.0	0.01458	0.03137
 90.0	 95.0	0.02396	0.06519
 95.0	100.0	0.14912	0.13946
