  0.0	  2.0	0.50831	0.00298
  2.0	  4.0	0.52580	0.00286
  4.0	  6.0	0.52947	0.00279
  6.0	  8.0	0.52220	0.00272
  8.0	 10.0	0.52331	0.00273
 10.0	 12.0	0.52355	0.00275
 12.0	 14.0	0.51852	0.00277
 14.0	 16.0	0.50735	0.00278
 16.0	 18.0	0.50639	0.00281
 18.0	 20.0	0.49707	0.00284
 20.0	 22.0	0.49210	0.00290
 22.0	 24.0	0.48004	0.00296
 24.0	 26.0	0.47115	0.00305
 26.0	 28.0	0.45488	0.00309
 28.0	 30.0	0.44720	0.00318
 30.0	 32.0	0.43991	0.00326
 32.0	 34.0	0.41531	0.00335
 34.0	 36.0	0.40272	0.00351
 36.0	 38.0	0.38723	0.00364
 38.0	 40.0	0.37315	0.00375
 40.0	 42.0	0.35454	0.00398
 42.0	 44.0	0.33968	0.00421
 44.0	 46.0	0.31452	0.00439
 46.0	 48.0	0.29715	0.00466
 48.0	 50.0	0.27805	0.00498
 50.0	 52.0	0.25808	0.00547
 52.0	 54.0	0.23060	0.00594
 54.0	 56.0	0.21490	0.00672
 56.0	 58.0	0.19851	0.00715
 58.0	 60.0	0.17128	0.00817
 60.0	 62.0	0.13371	0.00912
 62.0	 64.0	0.10550	0.00983
 64.0	 66.0	0.15425	0.01653
 66.0	 68.0	0.12477	0.01863
 68.0	 70.0	0.05842	0.03134
 70.0	 72.0	0.09737	0.04778
 72.0	 74.0	0.01334	0.02781
 74.0	 76.0	0.02973	0.04662
 76.0	 78.0	0.02725	0.13393
 78.0	 80.0	0.29145	7.83603
 80.0	 82.0	0.00980	0.27200
 82.0	 84.0	0.07468	0.05306
 84.0	 86.0	0.05640	0.19513
 86.0	 88.0	0.02060	0.03228
 88.0	 90.0	0.01398	0.05467
 90.0	 92.0	0.07517	0.06271
 92.0	 94.0	0.09065	0.07523
 94.0	 96.0	0.04533	0.06183
 96.0	 98.0	0.23228	0.74938
 98.0	100.0	0.18320	0.13467
