  0.0	  2.0	0.50547	0.00340
  2.0	  4.0	0.61639	0.00264
  4.0	  6.0	0.70538	0.00212
  6.0	  8.0	0.76171	0.00176
  8.0	 10.0	0.80271	0.00153
 10.0	 12.0	0.82769	0.00139
 12.0	 14.0	0.84368	0.00128
 14.0	 16.0	0.85472	0.00120
 16.0	 18.0	0.86281	0.00114
 18.0	 20.0	0.86720	0.00111
 20.0	 22.0	0.86989	0.00108
 22.0	 24.0	0.86971	0.00108
 24.0	 26.0	0.86742	0.00109
 26.0	 28.0	0.86448	0.00110
 28.0	 30.0	0.85958	0.00112
 30.0	 32.0	0.85507	0.00116
 32.0	 34.0	0.84865	0.00121
 34.0	 36.0	0.83711	0.00125
 36.0	 38.0	0.82474	0.00132
 38.0	 40.0	0.81491	0.00138
 40.0	 42.0	0.79861	0.00146
 42.0	 44.0	0.78238	0.00155
 44.0	 46.0	0.76251	0.00165
 46.0	 48.0	0.74401	0.00176
 48.0	 50.0	0.71782	0.00188
 50.0	 52.0	0.68893	0.00201
 52.0	 54.0	0.66098	0.00217
 54.0	 56.0	0.62663	0.00230
 56.0	 58.0	0.59822	0.00249
 58.0	 60.0	0.55987	0.00272
 60.0	 62.0	0.51963	0.00294
 62.0	 64.0	0.47914	0.00327
 64.0	 66.0	0.44086	0.00359
 66.0	 68.0	0.40306	0.00395
 68.0	 70.0	0.35940	0.00443
 70.0	 72.0	0.31427	0.00492
 72.0	 74.0	0.26086	0.00558
 74.0	 76.0	0.22699	0.00622
 76.0	 78.0	0.19968	0.00726
 78.0	 80.0	0.18124	0.00890
 80.0	 82.0	0.14003	0.00983
 82.0	 84.0	0.10146	0.01073
 84.0	 86.0	0.08861	0.01748
 86.0	 88.0	0.06501	0.02401
 88.0	 90.0	0.04996	0.02951
 90.0	 92.0	0.04017	0.03914
 92.0	 94.0	0.00917	0.04207
 94.0	 96.0	0.07569	0.09896
 96.0	 98.0	0.07808	0.14390
 98.0	100.0	0.21854	7.19143
