  0.0	  5.0	0.59081	0.00177
  5.0	 10.0	0.77078	0.00109
 10.0	 15.0	0.83896	0.00083
 15.0	 20.0	0.86351	0.00072
 20.0	 25.0	0.86959	0.00068
 25.0	 30.0	0.86284	0.00070
 30.0	 35.0	0.84921	0.00076
 35.0	 40.0	0.82305	0.00084
 40.0	 45.0	0.78611	0.00097
 45.0	 50.0	0.73623	0.00113
 50.0	 55.0	0.66799	0.00134
 55.0	 60.0	0.58645	0.00161
 60.0	 65.0	0.49144	0.00200
 65.0	 70.0	0.39086	0.00257
 70.0	 75.0	0.27799	0.00339
 75.0	 80.0	0.19739	0.00477
 80.0	 85.0	0.11947	0.00694
 85.0	 90.0	0.04714	0.01884
 90.0	 95.0	0.03480	0.02364
 95.0	100.0	0.02710	0.09801
