  0.0	  1.0	0.47848	0.00516
  1.0	  2.0	0.53092	0.00451
  2.0	  3.0	0.59064	0.00400
  3.0	  4.0	0.64106	0.00348
  4.0	  5.0	0.68853	0.00314
  5.0	  6.0	0.72186	0.00285
  6.0	  7.0	0.74980	0.00258
  7.0	  8.0	0.77342	0.00240
  8.0	  9.0	0.79625	0.00222
  9.0	 10.0	0.80914	0.00210
 10.0	 11.0	0.82140	0.00200
 11.0	 12.0	0.83396	0.00192
 12.0	 13.0	0.84119	0.00185
 13.0	 14.0	0.84616	0.00178
 14.0	 15.0	0.85186	0.00171
 15.0	 16.0	0.85756	0.00169
 16.0	 17.0	0.86330	0.00163
 17.0	 18.0	0.86232	0.00159
 18.0	 19.0	0.86676	0.00158
 19.0	 20.0	0.86763	0.00156
 20.0	 21.0	0.86908	0.00154
 21.0	 22.0	0.87069	0.00152
 22.0	 23.0	0.86936	0.00152
 23.0	 24.0	0.87007	0.00152
 24.0	 25.0	0.86875	0.00152
 25.0	 26.0	0.86607	0.00156
 26.0	 27.0	0.86483	0.00156
 27.0	 28.0	0.86414	0.00155
 28.0	 29.0	0.86247	0.00156
 29.0	 30.0	0.85668	0.00162
 30.0	 31.0	0.85764	0.00162
 31.0	 32.0	0.85247	0.00166
 32.0	 33.0	0.84963	0.00170
 33.0	 34.0	0.84766	0.00173
 34.0	 35.0	0.83850	0.00175
 35.0	 36.0	0.83573	0.00179
 36.0	 37.0	0.82663	0.00185
 37.0	 38.0	0.82284	0.00188
 38.0	 39.0	0.81776	0.00193
 39.0	 40.0	0.81204	0.00198
 40.0	 41.0	0.80363	0.00204
 41.0	 42.0	0.79347	0.00211
 42.0	 43.0	0.78642	0.00217
 43.0	 44.0	0.77831	0.00222
 44.0	 45.0	0.76814	0.00231
 45.0	 46.0	0.75684	0.00236
 46.0	 47.0	0.74996	0.00246
 47.0	 48.0	0.73802	0.00251
 48.0	 49.0	0.72213	0.00261
 49.0	 50.0	0.71347	0.00271
 50.0	 51.0	0.69839	0.00279
 51.0	 52.0	0.67936	0.00291
 52.0	 53.0	0.66817	0.00301
 53.0	 54.0	0.65377	0.00312
 54.0	 55.0	0.63880	0.00320
 55.0	 56.0	0.61433	0.00330
 56.0	 57.0	0.61059	0.00346
 57.0	 58.0	0.58560	0.00359
 58.0	 59.0	0.56633	0.00377
 59.0	 60.0	0.55326	0.00393
 60.0	 61.0	0.52887	0.00404
 61.0	 62.0	0.51017	0.00428
 62.0	 63.0	0.48915	0.00449
 63.0	 64.0	0.46904	0.00476
 64.0	 65.0	0.45614	0.00496
 65.0	 66.0	0.42492	0.00522
 66.0	 67.0	0.41839	0.00550
 67.0	 68.0	0.38732	0.00568
 68.0	 69.0	0.36893	0.00615
 69.0	 70.0	0.34975	0.00640
 70.0	 71.0	0.32410	0.00680
 71.0	 72.0	0.30414	0.00712
 72.0	 73.0	0.26998	0.00749
 73.0	 74.0	0.25140	0.00837
 74.0	 75.0	0.23107	0.00862
 75.0	 76.0	0.22293	0.00898
 76.0	 77.0	0.20470	0.00971
 77.0	 78.0	0.19470	0.01093
 78.0	 79.0	0.19464	0.01269
 79.0	 80.0	0.16760	0.01249
 80.0	 81.0	0.13739	0.01279
 81.0	 82.0	0.14182	0.01548
 82.0	 83.0	0.11670	0.01478
 83.0	 84.0	0.08239	0.01636
 84.0	 85.0	0.09846	0.02522
 85.0	 86.0	0.07890	0.02438
 86.0	 87.0	0.06273	0.02620
 87.0	 88.0	0.06250	0.04836
 88.0	 89.0	0.02063	0.06072
 89.0	 90.0	0.08410	0.04665
 90.0	 91.0	0.04626	0.24118
 91.0	 92.0	0.02547	0.03894
 92.0	 93.0	0.03129	0.03888
 93.0	 94.0	0.01310	0.05374
 94.0	 95.0	0.20019	0.24530
 95.0	 96.0	0.04203	0.05611
 96.0	 97.0	0.02515	0.30323
 97.0	 98.0	0.16495	0.44510
 98.0	 99.0	0.02414	0.34522
 99.0	100.0	0.24800	0.37740
