  0.0	  2.0	0.50837	0.00298
  2.0	  4.0	0.52430	0.00286
  4.0	  6.0	0.53045	0.00279
  6.0	  8.0	0.53660	0.00280
  8.0	 10.0	0.52802	0.00275
 10.0	 12.0	0.52469	0.00276
 12.0	 14.0	0.51550	0.00276
 14.0	 16.0	0.51147	0.00281
 16.0	 18.0	0.50684	0.00282
 18.0	 20.0	0.50432	0.00288
 20.0	 22.0	0.49376	0.00291
 22.0	 24.0	0.48004	0.00296
 24.0	 26.0	0.46932	0.00304
 26.0	 28.0	0.45856	0.00312
 28.0	 30.0	0.44867	0.00319
 30.0	 32.0	0.43942	0.00326
 32.0	 34.0	0.42285	0.00341
 34.0	 36.0	0.40450	0.00353
 36.0	 38.0	0.39262	0.00369
 38.0	 40.0	0.37583	0.00377
 40.0	 42.0	0.35641	0.00400
 42.0	 44.0	0.33475	0.00415
 44.0	 46.0	0.32249	0.00450
 46.0	 48.0	0.30555	0.00480
 48.0	 50.0	0.28117	0.00504
 50.0	 52.0	0.26122	0.00553
 52.0	 54.0	0.22769	0.00587
 54.0	 56.0	0.20195	0.00631
 56.0	 58.0	0.20129	0.00725
 58.0	 60.0	0.16406	0.00783
 60.0	 62.0	0.13387	0.00913
 62.0	 64.0	0.13819	0.01288
 64.0	 66.0	0.09995	0.01071
 66.0	 68.0	0.07849	0.01172
 68.0	 70.0	0.03248	0.01743
 70.0	 72.0	0.03779	0.01854
 72.0	 74.0	0.13196	0.27505
 74.0	 76.0	0.02037	0.03194
 76.0	 78.0	0.00771	0.03788
 78.0	 80.0	0.01077	0.28963
 80.0	 82.0	0.00336	0.09318
 82.0	 84.0	0.06445	0.04579
 84.0	 86.0	0.00701	0.02424
 86.0	 88.0	0.05559	0.08711
 88.0	 90.0	0.03076	0.12026
 90.0	 92.0	0.05919	0.04938
 92.0	 94.0	0.03684	0.03057
 94.0	 96.0	0.05510	0.07516
 96.0	 98.0	0.04426	0.14280
 98.0	100.0	0.34218	0.25154
