  0.0	  5.0	0.51856	0.00183
  5.0	 10.0	0.53259	0.00176
 10.0	 15.0	0.51859	0.00175
 15.0	 20.0	0.50657	0.00180
 20.0	 25.0	0.48409	0.00187
 25.0	 30.0	0.45615	0.00198
 30.0	 35.0	0.42666	0.00213
 35.0	 40.0	0.38776	0.00234
 40.0	 45.0	0.34082	0.00261
 45.0	 50.0	0.30003	0.00307
 50.0	 55.0	0.23906	0.00368
 55.0	 60.0	0.18444	0.00455
 60.0	 65.0	0.13174	0.00671
 65.0	 70.0	0.06483	0.00771
 70.0	 75.0	0.04383	0.01942
 75.0	 80.0	0.03467	0.05375
 80.0	 85.0	0.04048	0.04716
 85.0	 90.0	0.02571	0.05530
 90.0	 95.0	0.01413	0.03843
 95.0	100.0	0.05918	0.05534
