  0.0	  1.0	0.50061	0.00428
  1.0	  2.0	0.51596	0.00416
  2.0	  3.0	0.52402	0.00407
  3.0	  4.0	0.52458	0.00401
  4.0	  5.0	0.52711	0.00394
  5.0	  6.0	0.53380	0.00396
  6.0	  7.0	0.53743	0.00397
  7.0	  8.0	0.53577	0.00394
  8.0	  9.0	0.53409	0.00389
  9.0	 10.0	0.52190	0.00389
 10.0	 11.0	0.52302	0.00387
 11.0	 12.0	0.52635	0.00392
 12.0	 13.0	0.51609	0.00388
 13.0	 14.0	0.51491	0.00392
 14.0	 15.0	0.51243	0.00393
 15.0	 16.0	0.51051	0.00401
 16.0	 17.0	0.51008	0.00401
 17.0	 18.0	0.50365	0.00396
 18.0	 19.0	0.50812	0.00408
 19.0	 20.0	0.50053	0.00406
 20.0	 21.0	0.49025	0.00410
 21.0	 22.0	0.49726	0.00414
 22.0	 23.0	0.48260	0.00420
 23.0	 24.0	0.47740	0.00418
 24.0	 25.0	0.47250	0.00430
 25.0	 26.0	0.46607	0.00430
 26.0	 27.0	0.46481	0.00441
 27.0	 28.0	0.45226	0.00441
 28.0	 29.0	0.44598	0.00448
 29.0	 30.0	0.45135	0.00455
 30.0	 31.0	0.44425	0.00456
 31.0	 32.0	0.43448	0.00465
 32.0	 33.0	0.42501	0.00475
 33.0	 34.0	0.42067	0.00491
 34.0	 35.0	0.40777	0.00495
 35.0	 36.0	0.40121	0.00503
 36.0	 37.0	0.39770	0.00511
 37.0	 38.0	0.38743	0.00532
 38.0	 39.0	0.37917	0.00531
 39.0	 40.0	0.37245	0.00536
 40.0	 41.0	0.36036	0.00559
 41.0	 42.0	0.35234	0.00573
 42.0	 43.0	0.34478	0.00583
 43.0	 44.0	0.32451	0.00592
 44.0	 45.0	0.32041	0.00618
 45.0	 46.0	0.32483	0.00656
 46.0	 47.0	0.31523	0.00672
 47.0	 48.0	0.29567	0.00685
 48.0	 49.0	0.27885	0.00686
 49.0	 50.0	0.28372	0.00742
 50.0	 51.0	0.26202	0.00747
 51.0	 52.0	0.26074	0.00823
 52.0	 53.0	0.23601	0.00822
 53.0	 54.0	0.21922	0.00838
 54.0	 55.0	0.21383	0.00904
 55.0	 56.0	0.18978	0.00882
 56.0	 57.0	0.20466	0.00960
 57.0	 58.0	0.19794	0.01106
 58.0	 59.0	0.18060	0.01147
 59.0	 60.0	0.14743	0.01070
 60.0	 61.0	0.14797	0.01249
 61.0	 62.0	0.11821	0.01358
 62.0	 63.0	0.15567	0.01720
 63.0	 64.0	0.11497	0.02035
 64.0	 65.0	0.11822	0.01571
 65.0	 66.0	0.07776	0.01588
 66.0	 67.0	0.07193	0.01546
 67.0	 68.0	0.08598	0.01802
 68.0	 69.0	0.04746	0.02325
 69.0	 70.0	0.00898	0.07492
 70.0	 71.0	0.05006	0.02693
 71.0	 72.0	0.01446	0.05797
 72.0	 73.0	0.00649	0.09436
 73.0	 74.0	0.12209	0.09783
 74.0	 75.0	0.05027	0.03724
 75.0	 76.0	0.02388	0.03031
 76.0	 77.0	0.02275	0.07407
 77.0	 78.0	0.00997	0.06898
 78.0	 79.0	0.12697	0.23076
 79.0	 80.0	0.00601	0.15588
 80.0	 81.0	0.04138	0.06531
 81.0	 82.0	0.04232	0.05598
 82.0	 83.0	0.07368	0.05400
 83.0	 84.0	0.03658	0.12091
 84.0	 85.0	0.01614	0.02914
 85.0	 86.0	0.01540	0.10212
 86.0	 87.0	0.10189	0.22907
 87.0	 88.0	0.01849	0.06368
 88.0	 89.0	0.11894	0.28424
 89.0	 90.0	0.16563	1.87506
 90.0	 91.0	0.10327	0.08330
 91.0	 92.0	0.10867	0.10050
 92.0	 93.0	0.03780	0.05144
 93.0	 94.0	0.03483	0.03897
 94.0	 95.0	0.09641	0.60551
 95.0	 96.0	0.06403	0.06574
 96.0	 97.0	0.08334	0.11711
 97.0	 98.0	0.05112	0.21618
 98.0	 99.0	0.29563	0.18463
 99.0	100.0	0.18950	0.32030
