  0.0	  5.0	0.52543	0.00157
  5.0	 10.0	0.71384	0.00101
 10.0	 15.0	0.79436	0.00078
 15.0	 20.0	0.83052	0.00069
 20.0	 25.0	0.84400	0.00066
 25.0	 30.0	0.84125	0.00068
 30.0	 35.0	0.82654	0.00074
 35.0	 40.0	0.80234	0.00082
 40.0	 45.0	0.76673	0.00095
 45.0	 50.0	0.71722	0.00110
 50.0	 55.0	0.65540	0.00132
 55.0	 60.0	0.58089	0.00160
 60.0	 65.0	0.49288	0.00201
 65.0	 70.0	0.39319	0.00259
 70.0	 75.0	0.31000	0.00378
 75.0	 80.0	0.22175	0.00536
 80.0	 85.0	0.17200	0.00999
 85.0	 90.0	0.25046	0.10007
 90.0	 95.0	0.12636	0.08585
 95.0	100.0	0.02757	0.09970
