  0.0	  1.0	0.47027	0.00428
  1.0	  2.0	0.47792	0.00416
  2.0	  3.0	0.49499	0.00408
  3.0	  4.0	0.50059	0.00407
  4.0	  5.0	0.50741	0.00406
  5.0	  6.0	0.50715	0.00403
  6.0	  7.0	0.51361	0.00406
  7.0	  8.0	0.51331	0.00406
  8.0	  9.0	0.51640	0.00406
  9.0	 10.0	0.52019	0.00416
 10.0	 11.0	0.51429	0.00411
 11.0	 12.0	0.51441	0.00416
 12.0	 13.0	0.51055	0.00419
 13.0	 14.0	0.51621	0.00425
 14.0	 15.0	0.51771	0.00428
 15.0	 16.0	0.51171	0.00433
 16.0	 17.0	0.50159	0.00429
 17.0	 18.0	0.50543	0.00430
 18.0	 19.0	0.50532	0.00437
 19.0	 20.0	0.49908	0.00439
 20.0	 21.0	0.49495	0.00447
 21.0	 22.0	0.49121	0.00443
 22.0	 23.0	0.49140	0.00465
 23.0	 24.0	0.48269	0.00458
 24.0	 25.0	0.47766	0.00466
 25.0	 26.0	0.47428	0.00478
 26.0	 27.0	0.47785	0.00483
 27.0	 28.0	0.47102	0.00499
 28.0	 29.0	0.45431	0.00496
 29.0	 30.0	0.45749	0.00502
 30.0	 31.0	0.45193	0.00500
 31.0	 32.0	0.44221	0.00518
 32.0	 33.0	0.44273	0.00538
 33.0	 34.0	0.43077	0.00547
 34.0	 35.0	0.43094	0.00558
 35.0	 36.0	0.42122	0.00569
 36.0	 37.0	0.41565	0.00574
 37.0	 38.0	0.41300	0.00606
 38.0	 39.0	0.40297	0.00608
 39.0	 40.0	0.39290	0.00619
 40.0	 41.0	0.38694	0.00641
 41.0	 42.0	0.37188	0.00658
 42.0	 43.0	0.36220	0.00666
 43.0	 44.0	0.35575	0.00704
 44.0	 45.0	0.35092	0.00731
 45.0	 46.0	0.34417	0.00737
 46.0	 47.0	0.32097	0.00747
 47.0	 48.0	0.31866	0.00794
 48.0	 49.0	0.31449	0.00825
 49.0	 50.0	0.28908	0.00840
 50.0	 51.0	0.28388	0.00882
 51.0	 52.0	0.27195	0.00912
 52.0	 53.0	0.26099	0.01007
 53.0	 54.0	0.26726	0.01098
 54.0	 55.0	0.24741	0.01137
 55.0	 56.0	0.23147	0.01164
 56.0	 57.0	0.19907	0.01068
 57.0	 58.0	0.21382	0.01255
 58.0	 59.0	0.19729	0.01370
 59.0	 60.0	0.19701	0.01522
 60.0	 61.0	0.17053	0.01644
 61.0	 62.0	0.17914	0.02291
 62.0	 63.0	0.15244	0.01665
 63.0	 64.0	0.17834	0.03198
 64.0	 65.0	0.10862	0.01767
 65.0	 66.0	0.11839	0.01914
 66.0	 67.0	0.13909	0.02725
 67.0	 68.0	0.10472	0.02432
 68.0	 69.0	0.07479	0.04451
 69.0	 70.0	0.34683	3.17958
 70.0	 71.0	0.12185	0.05735
 71.0	 72.0	0.08483	0.04123
 72.0	 73.0	0.15631	0.92644
 73.0	 74.0	0.02825	0.04368
 74.0	 75.0	0.03902	0.05764
 75.0	 76.0	0.02430	0.11851
 76.0	 77.0	0.34229	8.11908
 77.0	 78.0	0.07012	0.12506
 78.0	 79.0	0.02907	0.02448
 79.0	 80.0	0.12895	1.02517
 80.0	 81.0	0.04038	0.06131
 81.0	 82.0	0.04698	0.04816
 82.0	 83.0	0.03259	0.05818
 83.0	 84.0	0.03555	0.04673
 84.0	 85.0	0.13373	0.11897
 85.0	 86.0	0.12810	4.45765
 86.0	 87.0	0.02306	0.03284
 87.0	 88.0	0.07802	0.18239
 88.0	 89.0	0.04355	0.07701
 89.0	 90.0	0.02169	0.03095
 90.0	 91.0	0.00264	0.14467
 91.0	 92.0	0.99433	38.32577
 92.0	 93.0	0.08574	0.06274
 93.0	 94.0	0.11481	0.15807
 94.0	 95.0	0.01776	0.16559
 95.0	 96.0	0.08400	0.07686
 96.0	 97.0	0.06764	0.10307
 97.0	 98.0	0.08442	0.26706
 98.0	 99.0	0.08166	0.34410
 99.0	100.0	0.15692	0.44298
