  0.0	  2.0	0.52078	0.00306
  2.0	  4.0	0.54049	0.00294
  4.0	  6.0	0.55769	0.00294
  6.0	  8.0	0.56534	0.00294
  8.0	 10.0	0.57218	0.00298
 10.0	 12.0	0.57323	0.00301
 12.0	 14.0	0.57607	0.00308
 14.0	 16.0	0.57238	0.00314
 16.0	 18.0	0.56448	0.00314
 18.0	 20.0	0.56095	0.00320
 20.0	 22.0	0.55157	0.00325
 22.0	 24.0	0.54934	0.00339
 24.0	 26.0	0.53404	0.00346
 26.0	 28.0	0.52968	0.00360
 28.0	 30.0	0.51752	0.00368
 30.0	 32.0	0.50589	0.00375
 32.0	 34.0	0.49657	0.00401
 34.0	 36.0	0.47539	0.00414
 36.0	 38.0	0.46126	0.00433
 38.0	 40.0	0.45308	0.00455
 40.0	 42.0	0.42692	0.00479
 42.0	 44.0	0.41032	0.00509
 44.0	 46.0	0.38787	0.00541
 46.0	 48.0	0.36373	0.00571
 48.0	 50.0	0.34700	0.00622
 50.0	 52.0	0.31367	0.00664
 52.0	 54.0	0.30622	0.00789
 54.0	 56.0	0.27609	0.00863
 56.0	 58.0	0.23806	0.00857
 58.0	 60.0	0.22597	0.01079
 60.0	 62.0	0.22097	0.01508
 62.0	 64.0	0.16443	0.01532
 64.0	 66.0	0.12541	0.01344
 66.0	 68.0	0.12105	0.01808
 68.0	 70.0	0.15182	0.08146
 70.0	 72.0	0.06275	0.03079
 72.0	 74.0	0.03486	0.07265
 74.0	 76.0	0.12457	0.19533
 76.0	 78.0	0.05242	0.25760
 78.0	 80.0	0.00312	0.08389
 80.0	 82.0	0.20116	5.58164
 82.0	 84.0	0.02796	0.01987
 84.0	 86.0	0.05732	0.19828
 86.0	 88.0	0.04174	0.06540
 88.0	 90.0	0.03051	0.11928
 90.0	 92.0	0.03431	0.02862
 92.0	 94.0	0.06187	0.05134
 94.0	 96.0	0.05836	0.07960
 96.0	 98.0	0.03011	0.09715
 98.0	100.0	0.12183	0.08956
