  0.0	  1.0	0.51130	0.00437
  1.0	  2.0	0.53007	0.00427
  2.0	  3.0	0.53696	0.00417
  3.0	  4.0	0.54400	0.00415
  4.0	  5.0	0.55661	0.00416
  5.0	  6.0	0.55875	0.00414
  6.0	  7.0	0.56297	0.00416
  7.0	  8.0	0.56770	0.00417
  8.0	  9.0	0.57200	0.00417
  9.0	 10.0	0.57240	0.00427
 10.0	 11.0	0.57108	0.00422
 11.0	 12.0	0.57538	0.00429
 12.0	 13.0	0.57631	0.00433
 13.0	 14.0	0.57584	0.00438
 14.0	 15.0	0.57498	0.00441
 15.0	 16.0	0.56976	0.00447
 16.0	 17.0	0.56428	0.00443
 17.0	 18.0	0.56469	0.00444
 18.0	 19.0	0.56092	0.00451
 19.0	 20.0	0.56097	0.00455
 20.0	 21.0	0.55141	0.00461
 21.0	 22.0	0.55170	0.00459
 22.0	 23.0	0.55688	0.00484
 23.0	 24.0	0.54181	0.00474
 24.0	 25.0	0.52957	0.00482
 25.0	 26.0	0.53865	0.00498
 26.0	 27.0	0.52589	0.00498
 27.0	 28.0	0.53365	0.00521
 28.0	 29.0	0.51526	0.00517
 29.0	 30.0	0.51976	0.00523
 30.0	 31.0	0.50513	0.00518
 31.0	 32.0	0.50677	0.00543
 32.0	 33.0	0.50177	0.00561
 33.0	 34.0	0.49126	0.00573
 34.0	 35.0	0.47566	0.00578
 35.0	 36.0	0.47517	0.00595
 36.0	 37.0	0.46359	0.00596
 37.0	 38.0	0.45901	0.00631
 38.0	 39.0	0.45255	0.00634
 39.0	 40.0	0.45366	0.00653
 40.0	 41.0	0.42955	0.00667
 41.0	 42.0	0.42423	0.00689
 42.0	 43.0	0.41301	0.00698
 43.0	 44.0	0.40768	0.00743
 44.0	 45.0	0.39822	0.00768
 45.0	 46.0	0.37737	0.00762
 46.0	 47.0	0.36809	0.00785
 47.0	 48.0	0.35935	0.00832
 48.0	 49.0	0.34986	0.00861
 49.0	 50.0	0.34389	0.00900
 50.0	 51.0	0.32643	0.00931
 51.0	 52.0	0.30051	0.00949
 52.0	 53.0	0.30948	0.01078
 53.0	 54.0	0.30305	0.01159
 54.0	 55.0	0.28607	0.01209
 55.0	 56.0	0.26542	0.01234
 56.0	 57.0	0.24318	0.01141
 57.0	 58.0	0.23274	0.01300
 58.0	 59.0	0.22990	0.01460
 59.0	 60.0	0.22094	0.01604
 60.0	 61.0	0.21374	0.01804
 61.0	 62.0	0.23283	0.02675
 62.0	 63.0	0.15098	0.01668
 63.0	 64.0	0.19091	0.03380
 64.0	 65.0	0.14679	0.01950
 65.0	 66.0	0.09860	0.02013
 66.0	 67.0	0.12572	0.02702
 67.0	 68.0	0.11580	0.02427
 68.0	 69.0	0.09887	0.04843
 69.0	 70.0	0.57514	4.79707
 70.0	 71.0	0.08813	0.04741
 71.0	 72.0	0.02279	0.09136
 72.0	 73.0	0.20312	2.95300
 73.0	 74.0	0.06436	0.05157
 74.0	 75.0	0.06674	0.04945
 75.0	 76.0	0.07316	0.09284
 76.0	 77.0	0.02728	0.08885
 77.0	 78.0	0.01895	0.13106
 78.0	 79.0	0.01545	0.02808
 79.0	 80.0	0.31249	8.11007
 80.0	 81.0	0.06102	0.09632
 81.0	 82.0	0.09170	0.12129
 82.0	 83.0	0.04250	0.03115
 83.0	 84.0	0.01142	0.03776
 84.0	 85.0	0.07536	0.13604
 85.0	 86.0	0.13307	0.88217
 86.0	 87.0	0.02642	0.05940
 87.0	 88.0	0.10363	0.35689
 88.0	 89.0	0.03058	0.07308
 89.0	 90.0	0.01196	0.13536
 90.0	 91.0	0.08040	0.06485
 91.0	 92.0	0.04680	0.04328
 92.0	 93.0	0.04468	0.06079
 93.0	 94.0	0.08740	0.09779
 94.0	 95.0	0.00774	0.04864
 95.0	 96.0	0.11408	0.11712
 96.0	 97.0	0.04938	0.06939
 97.0	 98.0	0.10210	0.43181
 98.0	 99.0	0.14343	0.08957
 99.0	100.0	0.18811	0.31794
