  0.0	  1.0	0.47295	0.00429
  1.0	  2.0	0.48214	0.00417
  2.0	  3.0	0.49545	0.00409
  3.0	  4.0	0.50330	0.00407
  4.0	  5.0	0.51266	0.00407
  5.0	  6.0	0.50970	0.00405
  6.0	  7.0	0.51833	0.00407
  7.0	  8.0	0.52094	0.00408
  8.0	  9.0	0.52010	0.00407
  9.0	 10.0	0.52600	0.00417
 10.0	 11.0	0.52296	0.00413
 11.0	 12.0	0.52050	0.00417
 12.0	 13.0	0.52246	0.00422
 13.0	 14.0	0.51985	0.00426
 14.0	 15.0	0.52040	0.00429
 15.0	 16.0	0.51911	0.00435
 16.0	 17.0	0.51415	0.00432
 17.0	 18.0	0.51224	0.00432
 18.0	 19.0	0.50631	0.00438
 19.0	 20.0	0.50412	0.00441
 20.0	 21.0	0.49623	0.00448
 21.0	 22.0	0.49617	0.00446
 22.0	 23.0	0.49948	0.00468
 23.0	 24.0	0.48737	0.00459
 24.0	 25.0	0.48677	0.00469
 25.0	 26.0	0.48745	0.00482
 26.0	 27.0	0.48290	0.00484
 27.0	 28.0	0.47726	0.00502
 28.0	 29.0	0.46594	0.00500
 29.0	 30.0	0.46620	0.00504
 30.0	 31.0	0.44866	0.00499
 31.0	 32.0	0.44592	0.00519
 32.0	 33.0	0.44659	0.00540
 33.0	 34.0	0.44942	0.00555
 34.0	 35.0	0.43382	0.00559
 35.0	 36.0	0.42607	0.00572
 36.0	 37.0	0.41162	0.00572
 37.0	 38.0	0.42237	0.00612
 38.0	 39.0	0.40642	0.00611
 39.0	 40.0	0.39431	0.00621
 40.0	 41.0	0.38543	0.00641
 41.0	 42.0	0.37535	0.00661
 42.0	 43.0	0.37187	0.00671
 43.0	 44.0	0.36394	0.00711
 44.0	 45.0	0.34962	0.00731
 45.0	 46.0	0.33422	0.00728
 46.0	 47.0	0.32443	0.00750
 47.0	 48.0	0.32727	0.00802
 48.0	 49.0	0.30297	0.00815
 49.0	 50.0	0.29814	0.00851
 50.0	 51.0	0.27273	0.00871
 51.0	 52.0	0.26964	0.00911
 52.0	 53.0	0.26306	0.01008
 53.0	 54.0	0.25210	0.01073
 54.0	 55.0	0.25269	0.01146
 55.0	 56.0	0.23252	0.01165
 56.0	 57.0	0.20599	0.01076
 57.0	 58.0	0.19877	0.01226
 58.0	 59.0	0.22101	0.01438
 59.0	 60.0	0.18181	0.01477
 60.0	 61.0	0.18834	0.01701
 61.0	 62.0	0.21875	0.02571
 62.0	 63.0	0.13442	0.01602
 63.0	 64.0	0.17752	0.03210
 64.0	 65.0	0.10062	0.01725
 65.0	 66.0	0.11536	0.01815
 66.0	 67.0	0.09833	0.02338
 67.0	 68.0	0.06369	0.02156
 68.0	 69.0	0.10606	0.05232
 69.0	 70.0	0.88415	10.08912
 70.0	 71.0	0.09391	0.04906
 71.0	 72.0	0.05989	0.04405
 72.0	 73.0	0.11875	0.50827
 73.0	 74.0	0.03016	0.07093
 74.0	 75.0	0.03154	0.04863
 75.0	 76.0	0.01024	0.06072
 76.0	 77.0	0.07519	1.13423
 77.0	 78.0	0.01837	0.05851
 78.0	 79.0	0.03202	0.02486
 79.0	 80.0	0.01571	0.07643
 80.0	 81.0	0.00238	0.17380
 81.0	 82.0	0.07216	0.10608
 82.0	 83.0	0.06506	0.05577
 83.0	 84.0	0.02740	0.02555
 84.0	 85.0	0.06519	0.17290
 85.0	 86.0	0.01451	0.04666
 86.0	 87.0	0.00395	0.48033
 87.0	 88.0	0.03953	0.05870
 88.0	 89.0	0.11324	0.21327
 89.0	 90.0	0.02241	0.04904
 90.0	 91.0	0.06020	0.05657
 91.0	 92.0	0.01507	0.05236
 92.0	 93.0	0.02539	0.03616
 93.0	 94.0	0.07925	0.08735
 94.0	 95.0	0.03720	0.08331
 95.0	 96.0	0.08501	0.12272
 96.0	 97.0	0.04682	0.17794
 97.0	 98.0	0.19333	0.77959
 98.0	 99.0	0.07631	0.12337
 99.0	100.0	0.13779	0.24877
