  0.0	  2.0	0.44678	0.00301
  2.0	  4.0	0.54622	0.00234
  4.0	  6.0	0.63783	0.00191
  6.0	  8.0	0.70347	0.00163
  8.0	 10.0	0.75118	0.00143
 10.0	 12.0	0.77848	0.00130
 12.0	 14.0	0.79935	0.00121
 14.0	 16.0	0.81804	0.00115
 16.0	 18.0	0.82891	0.00109
 18.0	 20.0	0.83713	0.00107
 20.0	 22.0	0.84198	0.00105
 22.0	 24.0	0.84502	0.00104
 24.0	 26.0	0.84380	0.00106
 26.0	 28.0	0.84382	0.00107
 28.0	 30.0	0.83850	0.00110
 30.0	 32.0	0.83391	0.00113
 32.0	 34.0	0.82293	0.00118
 34.0	 36.0	0.81581	0.00122
 36.0	 38.0	0.80580	0.00129
 38.0	 40.0	0.79357	0.00134
 40.0	 42.0	0.78075	0.00143
 42.0	 44.0	0.76298	0.00151
 44.0	 46.0	0.74279	0.00161
 46.0	 48.0	0.72293	0.00171
 48.0	 50.0	0.69981	0.00183
 50.0	 52.0	0.67547	0.00197
 52.0	 54.0	0.64600	0.00212
 54.0	 56.0	0.62574	0.00230
 56.0	 58.0	0.59142	0.00246
 58.0	 60.0	0.55025	0.00268
 60.0	 62.0	0.52500	0.00297
 62.0	 64.0	0.47818	0.00326
 64.0	 66.0	0.44303	0.00361
 66.0	 68.0	0.40247	0.00394
 68.0	 70.0	0.36216	0.00447
 70.0	 72.0	0.34052	0.00533
 72.0	 74.0	0.29264	0.00626
 74.0	 76.0	0.26729	0.00732
 76.0	 78.0	0.23313	0.00848
 78.0	 80.0	0.19000	0.00933
 80.0	 82.0	0.17767	0.01248
 82.0	 84.0	0.15877	0.01679
 84.0	 86.0	0.21401	0.04221
 86.0	 88.0	0.17403	0.06429
 88.0	 90.0	0.17196	0.10156
 90.0	 92.0	0.10692	0.10420
 92.0	 94.0	0.22621	1.03728
 94.0	 96.0	0.09025	0.11799
 96.0	 98.0	0.08119	0.14964
 98.0	100.0	0.01133	0.37270
