  0.0	  2.0	0.42922	0.00298
  2.0	  4.0	0.52344	0.00232
  4.0	  6.0	0.60815	0.00191
  6.0	  8.0	0.66446	0.00164
  8.0	 10.0	0.70930	0.00145
 10.0	 12.0	0.74044	0.00133
 12.0	 14.0	0.76187	0.00125
 14.0	 16.0	0.77953	0.00119
 16.0	 18.0	0.79228	0.00113
 18.0	 20.0	0.79949	0.00111
 20.0	 22.0	0.80432	0.00109
 22.0	 24.0	0.80603	0.00109
 24.0	 26.0	0.80679	0.00110
 26.0	 28.0	0.80680	0.00111
 28.0	 30.0	0.80050	0.00114
 30.0	 32.0	0.79459	0.00117
 32.0	 34.0	0.78614	0.00121
 34.0	 36.0	0.77556	0.00125
 36.0	 38.0	0.76517	0.00132
 38.0	 40.0	0.75118	0.00137
 40.0	 42.0	0.73916	0.00145
 42.0	 44.0	0.71888	0.00153
 44.0	 46.0	0.70092	0.00162
 46.0	 48.0	0.67746	0.00171
 48.0	 50.0	0.65476	0.00183
 50.0	 52.0	0.62686	0.00197
 52.0	 54.0	0.60296	0.00210
 54.0	 56.0	0.57526	0.00226
 56.0	 58.0	0.53873	0.00242
 58.0	 60.0	0.51051	0.00263
 60.0	 62.0	0.47873	0.00290
 62.0	 64.0	0.44113	0.00320
 64.0	 66.0	0.40591	0.00353
 66.0	 68.0	0.35974	0.00383
 68.0	 70.0	0.32654	0.00435
 70.0	 72.0	0.29960	0.00512
 72.0	 74.0	0.27281	0.00613
 74.0	 76.0	0.24554	0.00717
 76.0	 78.0	0.21507	0.00840
 78.0	 80.0	0.15744	0.00904
 80.0	 82.0	0.15204	0.01241
 82.0	 84.0	0.16887	0.01968
 84.0	 86.0	0.16909	0.04141
 86.0	 88.0	0.15362	0.04912
 88.0	 90.0	0.20357	0.20127
 90.0	 92.0	0.09329	0.17555
 92.0	 94.0	0.35764	0.49988
 94.0	 96.0	0.25605	0.63980
 96.0	 98.0	0.06083	0.18726
 98.0	100.0	0.17747	0.42474
