  0.0	  1.0	0.40655	0.00446
  1.0	  2.0	0.45064	0.00399
  2.0	  3.0	0.49742	0.00349
  3.0	  4.0	0.54816	0.00309
  4.0	  5.0	0.59349	0.00281
  5.0	  6.0	0.62246	0.00259
  6.0	  7.0	0.65067	0.00239
  7.0	  8.0	0.67798	0.00224
  8.0	  9.0	0.69871	0.00209
  9.0	 10.0	0.71981	0.00201
 10.0	 11.0	0.73576	0.00191
 11.0	 12.0	0.74509	0.00185
 12.0	 13.0	0.75768	0.00178
 13.0	 14.0	0.76606	0.00174
 14.0	 15.0	0.77495	0.00169
 15.0	 16.0	0.78409	0.00166
 16.0	 17.0	0.79041	0.00160
 17.0	 18.0	0.79411	0.00159
 18.0	 19.0	0.79833	0.00158
 19.0	 20.0	0.80065	0.00156
 20.0	 21.0	0.80146	0.00155
 21.0	 22.0	0.80715	0.00153
 22.0	 23.0	0.80561	0.00154
 23.0	 24.0	0.80645	0.00154
 24.0	 25.0	0.80859	0.00153
 25.0	 26.0	0.80496	0.00157
 26.0	 27.0	0.80770	0.00157
 27.0	 28.0	0.80591	0.00157
 28.0	 29.0	0.80244	0.00159
 29.0	 30.0	0.79855	0.00163
 30.0	 31.0	0.79596	0.00163
 31.0	 32.0	0.79321	0.00167
 32.0	 33.0	0.78994	0.00169
 33.0	 34.0	0.78230	0.00172
 34.0	 35.0	0.77944	0.00176
 35.0	 36.0	0.77168	0.00179
 36.0	 37.0	0.76756	0.00185
 37.0	 38.0	0.76276	0.00188
 38.0	 39.0	0.75593	0.00192
 39.0	 40.0	0.74639	0.00196
 40.0	 41.0	0.74093	0.00201
 41.0	 42.0	0.73735	0.00210
 42.0	 43.0	0.72265	0.00214
 43.0	 44.0	0.71507	0.00219
 44.0	 45.0	0.70411	0.00226
 45.0	 46.0	0.69772	0.00233
 46.0	 47.0	0.68224	0.00239
 47.0	 48.0	0.67265	0.00246
 48.0	 49.0	0.66358	0.00254
 49.0	 50.0	0.64581	0.00263
 50.0	 51.0	0.63635	0.00271
 51.0	 52.0	0.61725	0.00285
 52.0	 53.0	0.60973	0.00293
 53.0	 54.0	0.59618	0.00301
 54.0	 55.0	0.58142	0.00314
 55.0	 56.0	0.56906	0.00327
 56.0	 57.0	0.54569	0.00333
 57.0	 58.0	0.53168	0.00353
 58.0	 59.0	0.51760	0.00366
 59.0	 60.0	0.50323	0.00379
 60.0	 61.0	0.49004	0.00400
 61.0	 62.0	0.46708	0.00420
 62.0	 63.0	0.44459	0.00440
 63.0	 64.0	0.43778	0.00466
 64.0	 65.0	0.41224	0.00481
 65.0	 66.0	0.39944	0.00519
 66.0	 67.0	0.36963	0.00523
 67.0	 68.0	0.34965	0.00562
 68.0	 69.0	0.34019	0.00605
 69.0	 70.0	0.31256	0.00625
 70.0	 71.0	0.30936	0.00703
 71.0	 72.0	0.28936	0.00748
 72.0	 73.0	0.27479	0.00814
 73.0	 74.0	0.27139	0.00932
 74.0	 75.0	0.25387	0.01018
 75.0	 76.0	0.23732	0.01010
 76.0	 77.0	0.22073	0.01130
 77.0	 78.0	0.20925	0.01256
 78.0	 79.0	0.16891	0.01205
 79.0	 80.0	0.14425	0.01378
 80.0	 81.0	0.14504	0.01543
 81.0	 82.0	0.16106	0.02063
 82.0	 83.0	0.17710	0.02226
 83.0	 84.0	0.16138	0.03986
 84.0	 85.0	0.16539	0.04473
 85.0	 86.0	0.17875	0.08907
 86.0	 87.0	0.17152	0.07421
 87.0	 88.0	0.13351	0.06383
 88.0	 89.0	0.38510	1.48680
 89.0	 90.0	0.09501	0.12312
 90.0	 91.0	0.04782	0.25510
 91.0	 92.0	0.07882	0.07618
 92.0	 93.0	0.38131	0.53360
 93.0	 94.0	0.12398	0.08564
 94.0	 95.0	0.07776	0.16867
 95.0	 96.0	0.30858	0.39985
 96.0	 97.0	0.29860	2.59202
 97.0	 98.0	0.16606	0.12291
 98.0	 99.0	0.22981	0.54616
 99.0	100.0	0.37943	0.51487
