  0.0	  5.0	0.53599	0.00189
  5.0	 10.0	0.56675	0.00187
 10.0	 15.0	0.57468	0.00194
 15.0	 20.0	0.56414	0.00200
 20.0	 25.0	0.54629	0.00211
 25.0	 30.0	0.52667	0.00229
 30.0	 35.0	0.49620	0.00247
 35.0	 40.0	0.46084	0.00278
 40.0	 45.0	0.41466	0.00318
 45.0	 50.0	0.35989	0.00368
 50.0	 55.0	0.30493	0.00469
 55.0	 60.0	0.23887	0.00590
 60.0	 65.0	0.18522	0.00944
 65.0	 70.0	0.11279	0.01341
 70.0	 75.0	0.07886	0.03493
 75.0	 80.0	0.01437	0.02228
 80.0	 85.0	0.01636	0.01906
 85.0	 90.0	0.04336	0.09326
 90.0	 95.0	0.14031	0.38173
 95.0	100.0	0.05404	0.05054
