  0.0	  2.0	0.47759	0.00299
  2.0	  4.0	0.49939	0.00288
  4.0	  6.0	0.51118	0.00287
  6.0	  8.0	0.51963	0.00288
  8.0	 10.0	0.52301	0.00291
 10.0	 12.0	0.52174	0.00293
 12.0	 14.0	0.52116	0.00300
 14.0	 16.0	0.51975	0.00305
 16.0	 18.0	0.51319	0.00306
 18.0	 20.0	0.50522	0.00311
 20.0	 22.0	0.49621	0.00316
 22.0	 24.0	0.49340	0.00328
 24.0	 26.0	0.48710	0.00336
 26.0	 28.0	0.48006	0.00349
 28.0	 30.0	0.46608	0.00355
 30.0	 32.0	0.44728	0.00360
 32.0	 34.0	0.44798	0.00387
 34.0	 36.0	0.42998	0.00400
 36.0	 38.0	0.41684	0.00418
 38.0	 40.0	0.40041	0.00436
 40.0	 42.0	0.38050	0.00460
 42.0	 44.0	0.36792	0.00488
 44.0	 46.0	0.34199	0.00516
 46.0	 48.0	0.32574	0.00548
 48.0	 50.0	0.30056	0.00589
 50.0	 52.0	0.27118	0.00630
 52.0	 54.0	0.25785	0.00734
 54.0	 56.0	0.24275	0.00817
 56.0	 58.0	0.20231	0.00809
 58.0	 60.0	0.20297	0.01027
 60.0	 62.0	0.20074	0.01432
 62.0	 64.0	0.15010	0.01456
 64.0	 66.0	0.10812	0.01249
 66.0	 68.0	0.08119	0.01559
 68.0	 70.0	0.18455	0.09894
 70.0	 72.0	0.08030	0.03014
 72.0	 74.0	0.06680	0.05125
 74.0	 76.0	0.02178	0.12910
 76.0	 78.0	0.01360	0.12224
 78.0	 80.0	0.02711	0.02205
 80.0	 82.0	0.03395	0.07482
 82.0	 84.0	0.00129	0.68538
 84.0	 86.0	0.02374	0.04415
 86.0	 88.0	0.21273	5.59038
 88.0	 90.0	0.02945	0.09212
 90.0	 92.0	0.03175	0.05457
 92.0	 94.0	0.04268	0.03302
 94.0	 96.0	0.05575	0.06865
 96.0	 98.0	0.03819	0.26487
 98.0	100.0	0.04248	0.14820
