  0.0	  5.0	0.50635	0.00156
  5.0	 10.0	0.68071	0.00101
 10.0	 15.0	0.75871	0.00080
 15.0	 20.0	0.79527	0.00071
 20.0	 25.0	0.81089	0.00068
 25.0	 30.0	0.80685	0.00071
 30.0	 35.0	0.79283	0.00076
 35.0	 40.0	0.76415	0.00084
 40.0	 45.0	0.72807	0.00096
 45.0	 50.0	0.67595	0.00110
 50.0	 55.0	0.61298	0.00131
 55.0	 60.0	0.53500	0.00157
 60.0	 65.0	0.45145	0.00196
 65.0	 70.0	0.36167	0.00253
 70.0	 75.0	0.29077	0.00372
 75.0	 80.0	0.20021	0.00527
 80.0	 85.0	0.16058	0.01037
 85.0	 90.0	0.18938	0.05666
 90.0	 95.0	0.43356	2.11959
 95.0	100.0	0.42494	2.77728
