  0.0	  5.0	0.49045	0.00185
  5.0	 10.0	0.51411	0.00182
 10.0	 15.0	0.51460	0.00188
 15.0	 20.0	0.50464	0.00194
 20.0	 25.0	0.48760	0.00204
 25.0	 30.0	0.46707	0.00220
 30.0	 35.0	0.43979	0.00237
 35.0	 40.0	0.40927	0.00266
 40.0	 45.0	0.36576	0.00303
 45.0	 50.0	0.31793	0.00351
 50.0	 55.0	0.26635	0.00444
 55.0	 60.0	0.20748	0.00558
 60.0	 65.0	0.15575	0.00870
 65.0	 70.0	0.11112	0.01273
 70.0	 75.0	0.07394	0.03357
 75.0	 80.0	0.01265	0.02722
 80.0	 85.0	0.04097	0.03225
 85.0	 90.0	0.01218	0.03852
 90.0	 95.0	0.05250	0.05737
 95.0	100.0	0.05137	0.07347
