  0.0	  2.0	0.43151	0.00298
  2.0	  4.0	0.52871	0.00232
  4.0	  6.0	0.61041	0.00191
  6.0	  8.0	0.67195	0.00163
  8.0	 10.0	0.71357	0.00145
 10.0	 12.0	0.74214	0.00133
 12.0	 14.0	0.76509	0.00124
 14.0	 16.0	0.78016	0.00119
 16.0	 18.0	0.79383	0.00113
 18.0	 20.0	0.80343	0.00111
 20.0	 22.0	0.80997	0.00108
 22.0	 24.0	0.81177	0.00108
 24.0	 26.0	0.81045	0.00109
 26.0	 28.0	0.80849	0.00111
 28.0	 30.0	0.80364	0.00113
 30.0	 32.0	0.79763	0.00117
 32.0	 34.0	0.79136	0.00120
 34.0	 36.0	0.78275	0.00125
 36.0	 38.0	0.76785	0.00132
 38.0	 40.0	0.75262	0.00137
 40.0	 42.0	0.74242	0.00145
 42.0	 44.0	0.72329	0.00153
 44.0	 46.0	0.70485	0.00162
 46.0	 48.0	0.68083	0.00171
 48.0	 50.0	0.65797	0.00183
 50.0	 52.0	0.63571	0.00197
 52.0	 54.0	0.60218	0.00211
 54.0	 56.0	0.57874	0.00227
 56.0	 58.0	0.54291	0.00243
 58.0	 60.0	0.50856	0.00264
 60.0	 62.0	0.47637	0.00290
 62.0	 64.0	0.44407	0.00320
 64.0	 66.0	0.40562	0.00353
 66.0	 68.0	0.36646	0.00385
 68.0	 70.0	0.33698	0.00438
 70.0	 72.0	0.31237	0.00518
 72.0	 74.0	0.28181	0.00621
 74.0	 76.0	0.24594	0.00719
 76.0	 78.0	0.21391	0.00832
 78.0	 80.0	0.16876	0.00932
 80.0	 82.0	0.17148	0.01260
 82.0	 84.0	0.14741	0.01857
 84.0	 86.0	0.18197	0.03650
 86.0	 88.0	0.13569	0.04855
 88.0	 90.0	0.19487	0.21603
 90.0	 92.0	0.20959	0.33019
 92.0	 94.0	0.14330	0.10528
 94.0	 96.0	0.01220	0.52003
 96.0	 98.0	0.03577	0.07121
 98.0	100.0	0.32164	0.36619
