  0.0	  1.0	0.40853	0.00447
  1.0	  2.0	0.45325	0.00400
  2.0	  3.0	0.50006	0.00349
  3.0	  4.0	0.55583	0.00310
  4.0	  5.0	0.59170	0.00281
  5.0	  6.0	0.62859	0.00259
  6.0	  7.0	0.66115	0.00239
  7.0	  8.0	0.68257	0.00224
  8.0	  9.0	0.70211	0.00209
  9.0	 10.0	0.72493	0.00201
 10.0	 11.0	0.73430	0.00192
 11.0	 12.0	0.74992	0.00184
 12.0	 13.0	0.76084	0.00177
 13.0	 14.0	0.76934	0.00174
 14.0	 15.0	0.77856	0.00169
 15.0	 16.0	0.78175	0.00167
 16.0	 17.0	0.78914	0.00161
 17.0	 18.0	0.79844	0.00159
 18.0	 19.0	0.80036	0.00158
 19.0	 20.0	0.80647	0.00155
 20.0	 21.0	0.80820	0.00154
 21.0	 22.0	0.81172	0.00152
 22.0	 23.0	0.81254	0.00153
 23.0	 24.0	0.81100	0.00153
 24.0	 25.0	0.81096	0.00153
 25.0	 26.0	0.80994	0.00156
 26.0	 27.0	0.80710	0.00157
 27.0	 28.0	0.80987	0.00157
 28.0	 29.0	0.80490	0.00158
 29.0	 30.0	0.80238	0.00162
 30.0	 31.0	0.79988	0.00163
 31.0	 32.0	0.79537	0.00167
 32.0	 33.0	0.79611	0.00169
 33.0	 34.0	0.78655	0.00172
 34.0	 35.0	0.78609	0.00175
 35.0	 36.0	0.77942	0.00178
 36.0	 37.0	0.77000	0.00185
 37.0	 38.0	0.76569	0.00187
 38.0	 39.0	0.75649	0.00192
 39.0	 40.0	0.74873	0.00196
 40.0	 41.0	0.74824	0.00201
 41.0	 42.0	0.73645	0.00210
 42.0	 43.0	0.72546	0.00214
 43.0	 44.0	0.72111	0.00218
 44.0	 45.0	0.70835	0.00226
 45.0	 46.0	0.70134	0.00233
 46.0	 47.0	0.68512	0.00239
 47.0	 48.0	0.67652	0.00246
 48.0	 49.0	0.66229	0.00255
 49.0	 50.0	0.65362	0.00263
 50.0	 51.0	0.64143	0.00271
 51.0	 52.0	0.62998	0.00285
 52.0	 53.0	0.61068	0.00294
 53.0	 54.0	0.59364	0.00302
 54.0	 55.0	0.58762	0.00315
 55.0	 56.0	0.56978	0.00327
 56.0	 57.0	0.54496	0.00333
 57.0	 58.0	0.54098	0.00353
 58.0	 59.0	0.51594	0.00366
 59.0	 60.0	0.50098	0.00380
 60.0	 61.0	0.48421	0.00400
 61.0	 62.0	0.46836	0.00420
 62.0	 63.0	0.45251	0.00442
 63.0	 64.0	0.43557	0.00464
 64.0	 65.0	0.41297	0.00481
 65.0	 66.0	0.39809	0.00519
 66.0	 67.0	0.37312	0.00523
 67.0	 68.0	0.35981	0.00567
 68.0	 69.0	0.34077	0.00605
 69.0	 70.0	0.33321	0.00633
 70.0	 71.0	0.32407	0.00713
 71.0	 72.0	0.30009	0.00755
 72.0	 73.0	0.28520	0.00824
 73.0	 74.0	0.27892	0.00945
 74.0	 75.0	0.26402	0.01033
 75.0	 76.0	0.22798	0.01001
 76.0	 77.0	0.22125	0.01139
 77.0	 78.0	0.20625	0.01219
 78.0	 79.0	0.17976	0.01253
 79.0	 80.0	0.15619	0.01403
 80.0	 81.0	0.16417	0.01626
 81.0	 82.0	0.18019	0.01984
 82.0	 83.0	0.10927	0.01886
 83.0	 84.0	0.22032	0.05486
 84.0	 85.0	0.16810	0.04809
 85.0	 86.0	0.19149	0.05684
 86.0	 87.0	0.10830	0.03657
 87.0	 88.0	0.58913	5.58330
 88.0	 89.0	0.25242	0.51927
 89.0	 90.0	0.15017	0.21044
 90.0	 91.0	0.06054	0.48010
 91.0	 92.0	0.28977	0.71071
 92.0	 93.0	0.55866	1.89723
 93.0	 94.0	0.08779	0.06410
 94.0	 95.0	0.08735	0.09831
 95.0	 96.0	0.11493	0.11476
 96.0	 97.0	0.05811	0.06991
 97.0	 98.0	0.17481	0.22729
 98.0	 99.0	0.56549	1.73106
 99.0	100.0	0.15354	0.27653
