  0.0	  5.0	0.49349	0.00185
  5.0	 10.0	0.51899	0.00183
 10.0	 15.0	0.52123	0.00188
 15.0	 20.0	0.51122	0.00195
 20.0	 25.0	0.49318	0.00205
 25.0	 30.0	0.47602	0.00221
 30.0	 35.0	0.44480	0.00238
 35.0	 40.0	0.41225	0.00267
 40.0	 45.0	0.36945	0.00305
 45.0	 50.0	0.31765	0.00351
 50.0	 55.0	0.26197	0.00441
 55.0	 60.0	0.20841	0.00558
 60.0	 65.0	0.16172	0.00884
 65.0	 70.0	0.10737	0.01258
 70.0	 75.0	0.07734	0.03365
 75.0	 80.0	0.01367	0.02116
 80.0	 85.0	0.01831	0.02505
 85.0	 90.0	0.01477	0.11349
 90.0	 95.0	0.08158	0.13630
 95.0	100.0	0.02852	0.08358
