  0.0	  5.0	0.50376	0.00156
  5.0	 10.0	0.67482	0.00101
 10.0	 15.0	0.75601	0.00080
 15.0	 20.0	0.79354	0.00071
 20.0	 25.0	0.80586	0.00069
 25.0	 30.0	0.80392	0.00071
 30.0	 35.0	0.78821	0.00076
 35.0	 40.0	0.76092	0.00084
 40.0	 45.0	0.72416	0.00096
 45.0	 50.0	0.67259	0.00110
 50.0	 55.0	0.60845	0.00131
 55.0	 60.0	0.53390	0.00157
 60.0	 65.0	0.45117	0.00196
 65.0	 70.0	0.35539	0.00252
 70.0	 75.0	0.27994	0.00367
 75.0	 80.0	0.19876	0.00525
 80.0	 85.0	0.15718	0.01033
 85.0	 90.0	0.16988	0.04658
 90.0	 95.0	0.49293	2.20187
 95.0	100.0	0.52446	3.42716
