  0.0	  1.0	0.41551	0.00448
  1.0	  2.0	0.47605	0.00404
  2.0	  3.0	0.51794	0.00351
  3.0	  4.0	0.57303	0.00311
  4.0	  5.0	0.61990	0.00283
  5.0	  6.0	0.65528	0.00259
  6.0	  7.0	0.69040	0.00238
  7.0	  8.0	0.71629	0.00222
  8.0	  9.0	0.74122	0.00206
  9.0	 10.0	0.76107	0.00198
 10.0	 11.0	0.77249	0.00188
 11.0	 12.0	0.78443	0.00181
 12.0	 13.0	0.79349	0.00174
 13.0	 14.0	0.80519	0.00169
 14.0	 15.0	0.81562	0.00164
 15.0	 16.0	0.82046	0.00161
 16.0	 17.0	0.82580	0.00156
 17.0	 18.0	0.83198	0.00154
 18.0	 19.0	0.83529	0.00153
 19.0	 20.0	0.83896	0.00151
 20.0	 21.0	0.84026	0.00149
 21.0	 22.0	0.84368	0.00147
 22.0	 23.0	0.84611	0.00148
 23.0	 24.0	0.84392	0.00148
 24.0	 25.0	0.84599	0.00148
 25.0	 26.0	0.84160	0.00151
 26.0	 27.0	0.84274	0.00152
 27.0	 28.0	0.84490	0.00151
 28.0	 29.0	0.84057	0.00152
 29.0	 30.0	0.83643	0.00158
 30.0	 31.0	0.83564	0.00158
 31.0	 32.0	0.83216	0.00162
 32.0	 33.0	0.82511	0.00165
 33.0	 34.0	0.82071	0.00167
 34.0	 35.0	0.81887	0.00171
 35.0	 36.0	0.81276	0.00174
 36.0	 37.0	0.80843	0.00181
 37.0	 38.0	0.80316	0.00184
 38.0	 39.0	0.79719	0.00188
 39.0	 40.0	0.78993	0.00192
 40.0	 41.0	0.78277	0.00198
 41.0	 42.0	0.77870	0.00207
 42.0	 43.0	0.76630	0.00211
 43.0	 44.0	0.75965	0.00217
 44.0	 45.0	0.74561	0.00224
 45.0	 46.0	0.73996	0.00231
 46.0	 47.0	0.72625	0.00238
 47.0	 48.0	0.71961	0.00245
 48.0	 49.0	0.70467	0.00255
 49.0	 50.0	0.69490	0.00264
 50.0	 51.0	0.68237	0.00272
 51.0	 52.0	0.66853	0.00286
 52.0	 53.0	0.65591	0.00296
 53.0	 54.0	0.63605	0.00304
 54.0	 55.0	0.63300	0.00317
 55.0	 56.0	0.61841	0.00332
 56.0	 57.0	0.59784	0.00339
 57.0	 58.0	0.58496	0.00359
 58.0	 59.0	0.55830	0.00372
 59.0	 60.0	0.54198	0.00385
 60.0	 61.0	0.53678	0.00410
 61.0	 62.0	0.51288	0.00430
 62.0	 63.0	0.49025	0.00450
 63.0	 64.0	0.46591	0.00473
 64.0	 65.0	0.45360	0.00493
 65.0	 66.0	0.43210	0.00531
 66.0	 67.0	0.40762	0.00536
 67.0	 68.0	0.39748	0.00583
 68.0	 69.0	0.37188	0.00620
 69.0	 70.0	0.35231	0.00644
 70.0	 71.0	0.34779	0.00730
 71.0	 72.0	0.33309	0.00780
 72.0	 73.0	0.30059	0.00834
 73.0	 74.0	0.28465	0.00947
 74.0	 75.0	0.27939	0.01043
 75.0	 76.0	0.25532	0.01028
 76.0	 77.0	0.24334	0.01154
 77.0	 78.0	0.22248	0.01249
 78.0	 79.0	0.19325	0.01260
 79.0	 80.0	0.18667	0.01391
 80.0	 81.0	0.16938	0.01577
 81.0	 82.0	0.18678	0.02038
 82.0	 83.0	0.14529	0.01840
 83.0	 84.0	0.18479	0.03669
 84.0	 85.0	0.20695	0.05301
 85.0	 86.0	0.22209	0.06862
 86.0	 87.0	0.14264	0.05957
 87.0	 88.0	0.22224	0.17198
 88.0	 89.0	0.32507	0.95675
 89.0	 90.0	0.12639	0.07010
 90.0	 91.0	0.14999	0.78195
 91.0	 92.0	0.05082	0.07769
 92.0	 93.0	0.10379	0.12897
 93.0	 94.0	0.04229	0.17355
 94.0	 95.0	0.06370	0.07805
 95.0	 96.0	0.07078	0.09449
 96.0	 97.0	0.21926	2.64350
 97.0	 98.0	0.05020	0.13548
 98.0	 99.0	0.04491	0.64236
 99.0	100.0	0.13122	0.19969
