  0.0	  2.0	0.47416	0.00298
  2.0	  4.0	0.49781	0.00288
  4.0	  6.0	0.50728	0.00286
  6.0	  8.0	0.51346	0.00287
  8.0	 10.0	0.51827	0.00290
 10.0	 12.0	0.51435	0.00292
 12.0	 14.0	0.51336	0.00298
 14.0	 16.0	0.51472	0.00304
 16.0	 18.0	0.50352	0.00304
 18.0	 20.0	0.50220	0.00310
 20.0	 22.0	0.49308	0.00315
 22.0	 24.0	0.48704	0.00326
 24.0	 26.0	0.47598	0.00334
 26.0	 28.0	0.47442	0.00347
 28.0	 30.0	0.45590	0.00353
 30.0	 32.0	0.44711	0.00360
 32.0	 34.0	0.43688	0.00383
 34.0	 36.0	0.42609	0.00398
 36.0	 38.0	0.41429	0.00417
 38.0	 40.0	0.39799	0.00434
 40.0	 42.0	0.37954	0.00459
 42.0	 44.0	0.35896	0.00484
 44.0	 46.0	0.34757	0.00519
 46.0	 48.0	0.31977	0.00544
 48.0	 50.0	0.30198	0.00588
 50.0	 52.0	0.27801	0.00634
 52.0	 54.0	0.26393	0.00742
 54.0	 56.0	0.23953	0.00813
 56.0	 58.0	0.20587	0.00813
 58.0	 60.0	0.19705	0.01019
 60.0	 62.0	0.17354	0.01337
 62.0	 64.0	0.16011	0.01499
 64.0	 66.0	0.11400	0.01296
 66.0	 68.0	0.12450	0.01779
 68.0	 70.0	0.10456	0.05948
 70.0	 72.0	0.10256	0.03403
 72.0	 74.0	0.01655	0.04047
 74.0	 76.0	0.06667	0.11046
 76.0	 78.0	0.02997	0.30321
 78.0	 80.0	0.03604	0.02458
 80.0	 82.0	0.03637	0.22092
 82.0	 84.0	0.03384	0.03598
 84.0	 86.0	0.08085	0.10252
 86.0	 88.0	0.00826	0.06644
 88.0	 90.0	0.04057	0.05468
 90.0	 92.0	0.04406	0.03215
 92.0	 94.0	0.01986	0.06425
 94.0	 96.0	0.12342	0.40332
 96.0	 98.0	0.03544	0.14727
 98.0	100.0	0.04243	0.17284
