  0.0	  2.0	0.63868	0.00334
  2.0	  4.0	0.74264	0.00253
  4.0	  6.0	0.81127	0.00199
  6.0	  8.0	0.85572	0.00165
  8.0	 10.0	0.88575	0.00143
 10.0	 12.0	0.90434	0.00129
 12.0	 14.0	0.91602	0.00118
 14.0	 16.0	0.92258	0.00110
 16.0	 18.0	0.92628	0.00105
 18.0	 20.0	0.93281	0.00102
 20.0	 22.0	0.93240	0.00099
 22.0	 24.0	0.93456	0.00099
 24.0	 26.0	0.93302	0.00098
 26.0	 28.0	0.93147	0.00099
 28.0	 30.0	0.92915	0.00101
 30.0	 32.0	0.92444	0.00105
 32.0	 34.0	0.91983	0.00108
 34.0	 36.0	0.91620	0.00112
 36.0	 38.0	0.90623	0.00118
 38.0	 40.0	0.89847	0.00124
 40.0	 42.0	0.88839	0.00132
 42.0	 44.0	0.87725	0.00139
 44.0	 46.0	0.86561	0.00150
 46.0	 48.0	0.84958	0.00160
 48.0	 50.0	0.83239	0.00173
 50.0	 52.0	0.81111	0.00186
 52.0	 54.0	0.79467	0.00204
 54.0	 56.0	0.76567	0.00221
 56.0	 58.0	0.73554	0.00242
 58.0	 60.0	0.70846	0.00268
 60.0	 62.0	0.67167	0.00294
 62.0	 64.0	0.62791	0.00323
 64.0	 66.0	0.59028	0.00363
 66.0	 68.0	0.54444	0.00404
 68.0	 70.0	0.49624	0.00457
 70.0	 72.0	0.45423	0.00524
 72.0	 74.0	0.41411	0.00620
 74.0	 76.0	0.36741	0.00727
 76.0	 78.0	0.32354	0.00838
 78.0	 80.0	0.27115	0.00928
 80.0	 82.0	0.23342	0.01101
 82.0	 84.0	0.18907	0.01149
 84.0	 86.0	0.17000	0.01484
 86.0	 88.0	0.11043	0.01400
 88.0	 90.0	0.14130	0.02440
 90.0	 92.0	0.08073	0.02783
 92.0	 94.0	0.07371	0.02958
 94.0	 96.0	0.08040	0.08144
 96.0	 98.0	0.13115	0.13968
 98.0	100.0	0.21269	0.18115
