  0.0	  5.0	0.71436	0.00170
  5.0	 10.0	0.86161	0.00101
 10.0	 15.0	0.91212	0.00077
 15.0	 20.0	0.92865	0.00066
 20.0	 25.0	0.93343	0.00063
 25.0	 30.0	0.93081	0.00063
 30.0	 35.0	0.92108	0.00068
 35.0	 40.0	0.90498	0.00076
 40.0	 45.0	0.88010	0.00087
 45.0	 50.0	0.84519	0.00103
 50.0	 55.0	0.79684	0.00126
 55.0	 60.0	0.72947	0.00157
 60.0	 65.0	0.64095	0.00200
 65.0	 70.0	0.53270	0.00263
 70.0	 75.0	0.42550	0.00374
 75.0	 80.0	0.30900	0.00531
 80.0	 85.0	0.20292	0.00715
 85.0	 90.0	0.14266	0.01145
 90.0	 95.0	0.08490	0.01868
 95.0	100.0	0.06286	0.13268
