  0.0	  1.0	0.61546	0.00507
  1.0	  2.0	0.66134	0.00443
  2.0	  3.0	0.72321	0.00388
  3.0	  4.0	0.76198	0.00332
  4.0	  5.0	0.79789	0.00298
  5.0	  6.0	0.82458	0.00267
  6.0	  7.0	0.84647	0.00244
  7.0	  8.0	0.86493	0.00224
  8.0	  9.0	0.88004	0.00208
  9.0	 10.0	0.89143	0.00196
 10.0	 11.0	0.90078	0.00187
 11.0	 12.0	0.90789	0.00178
 12.0	 13.0	0.91373	0.00170
 13.0	 14.0	0.91834	0.00164
 14.0	 15.0	0.92007	0.00158
 15.0	 16.0	0.92508	0.00153
 16.0	 17.0	0.92473	0.00149
 17.0	 18.0	0.92782	0.00146
 18.0	 19.0	0.93246	0.00145
 19.0	 20.0	0.93317	0.00143
 20.0	 21.0	0.93184	0.00141
 21.0	 22.0	0.93296	0.00140
 22.0	 23.0	0.93541	0.00140
 23.0	 24.0	0.93370	0.00140
 24.0	 25.0	0.93323	0.00139
 25.0	 26.0	0.93281	0.00139
 26.0	 27.0	0.93132	0.00140
 27.0	 28.0	0.93162	0.00141
 28.0	 29.0	0.92940	0.00142
 29.0	 30.0	0.92891	0.00144
 30.0	 31.0	0.92692	0.00147
 31.0	 32.0	0.92193	0.00150
 32.0	 33.0	0.92055	0.00151
 33.0	 34.0	0.91911	0.00154
 34.0	 35.0	0.91688	0.00156
 35.0	 36.0	0.91553	0.00162
 36.0	 37.0	0.90945	0.00165
 37.0	 38.0	0.90299	0.00168
 38.0	 39.0	0.90196	0.00174
 39.0	 40.0	0.89495	0.00178
 40.0	 41.0	0.89111	0.00183
 41.0	 42.0	0.88565	0.00190
 42.0	 43.0	0.88084	0.00193
 43.0	 44.0	0.87364	0.00199
 44.0	 45.0	0.86932	0.00209
 45.0	 46.0	0.86189	0.00215
 46.0	 47.0	0.85253	0.00222
 47.0	 48.0	0.84665	0.00231
 48.0	 49.0	0.83822	0.00241
 49.0	 50.0	0.82653	0.00248
 50.0	 51.0	0.81732	0.00258
 51.0	 52.0	0.80485	0.00268
 52.0	 53.0	0.79927	0.00281
 53.0	 54.0	0.79007	0.00296
 54.0	 55.0	0.77259	0.00306
 55.0	 56.0	0.75873	0.00319
 56.0	 57.0	0.74301	0.00334
 57.0	 58.0	0.72792	0.00350
 58.0	 59.0	0.71441	0.00369
 59.0	 60.0	0.70249	0.00391
 60.0	 61.0	0.68035	0.00406
 61.0	 62.0	0.66292	0.00427
 62.0	 63.0	0.63992	0.00448
 63.0	 64.0	0.61564	0.00466
 64.0	 65.0	0.60291	0.00495
 65.0	 66.0	0.57736	0.00533
 66.0	 67.0	0.56145	0.00561
 67.0	 68.0	0.52684	0.00581
 68.0	 69.0	0.50947	0.00633
 69.0	 70.0	0.48269	0.00660
 70.0	 71.0	0.46813	0.00722
 71.0	 72.0	0.43986	0.00761
 72.0	 73.0	0.41638	0.00805
 73.0	 74.0	0.41308	0.00968
 74.0	 75.0	0.38865	0.01035
 75.0	 76.0	0.34608	0.01022
 76.0	 77.0	0.34275	0.01234
 77.0	 78.0	0.30438	0.01137
 78.0	 79.0	0.26659	0.01138
 79.0	 80.0	0.27930	0.01580
 80.0	 81.0	0.24740	0.01543
 81.0	 82.0	0.21613	0.01575
 82.0	 83.0	0.20549	0.01613
 83.0	 84.0	0.16974	0.01637
 84.0	 85.0	0.15010	0.01595
 85.0	 86.0	0.20535	0.03337
 86.0	 87.0	0.14372	0.02173
 87.0	 88.0	0.07007	0.02172
 88.0	 89.0	0.18044	0.05752
 89.0	 90.0	0.11664	0.02540
 90.0	 91.0	0.03783	0.02803
 91.0	 92.0	0.16421	0.07983
 92.0	 93.0	0.08275	0.03473
 93.0	 94.0	0.04847	0.07224
 94.0	 95.0	0.11757	0.07085
 95.0	 96.0	0.27099	1.56000
 96.0	 97.0	0.28211	1.89321
 97.0	 98.0	0.06849	0.13079
 98.0	 99.0	0.19884	0.34887
 99.0	100.0	0.04436	1.56561
