  0.0	  5.0	0.66255	0.00175
  5.0	 10.0	0.67885	0.00166
 10.0	 15.0	0.67543	0.00167
 15.0	 20.0	0.65634	0.00170
 20.0	 25.0	0.63727	0.00177
 25.0	 30.0	0.60947	0.00186
 30.0	 35.0	0.57658	0.00201
 35.0	 40.0	0.53104	0.00221
 40.0	 45.0	0.47828	0.00248
 45.0	 50.0	0.41897	0.00288
 50.0	 55.0	0.34912	0.00347
 55.0	 60.0	0.27408	0.00441
 60.0	 65.0	0.20055	0.00571
 65.0	 70.0	0.11801	0.00820
 70.0	 75.0	0.09464	0.01918
 75.0	 80.0	0.00469	0.08307
 80.0	 85.0	0.00485	0.22821
 85.0	 90.0	0.02042	0.03990
 90.0	 95.0	0.41024	11.04677
 95.0	100.0	0.06451	0.06399
