  0.0	  2.0	0.65426	0.00289
  2.0	  4.0	0.66839	0.00275
  4.0	  6.0	0.67321	0.00265
  6.0	  8.0	0.67970	0.00263
  8.0	 10.0	0.67807	0.00259
 10.0	 12.0	0.67577	0.00262
 12.0	 14.0	0.67450	0.00265
 14.0	 16.0	0.67038	0.00267
 16.0	 18.0	0.66019	0.00268
 18.0	 20.0	0.64854	0.00269
 20.0	 22.0	0.64303	0.00275
 22.0	 24.0	0.63535	0.00281
 24.0	 26.0	0.62502	0.00287
 26.0	 28.0	0.61519	0.00293
 28.0	 30.0	0.59802	0.00301
 30.0	 32.0	0.58880	0.00310
 32.0	 34.0	0.57318	0.00322
 34.0	 36.0	0.55588	0.00332
 36.0	 38.0	0.53376	0.00344
 38.0	 40.0	0.51684	0.00362
 40.0	 42.0	0.49889	0.00379
 42.0	 44.0	0.46757	0.00394
 44.0	 46.0	0.45221	0.00423
 46.0	 48.0	0.42394	0.00448
 48.0	 50.0	0.39886	0.00478
 50.0	 52.0	0.37040	0.00509
 52.0	 54.0	0.34221	0.00565
 54.0	 56.0	0.31406	0.00635
 56.0	 58.0	0.27461	0.00650
 58.0	 60.0	0.25360	0.00788
 60.0	 62.0	0.22231	0.00835
 62.0	 64.0	0.18858	0.00957
 64.0	 66.0	0.15778	0.01007
 66.0	 68.0	0.13543	0.01291
 68.0	 70.0	0.08363	0.01520
 70.0	 72.0	0.10900	0.02450
 72.0	 74.0	0.08872	0.02150
 74.0	 76.0	0.03642	0.05124
 76.0	 78.0	0.01649	0.02027
 78.0	 80.0	0.03404	0.02922
 80.0	 82.0	0.16679	1.95918
 82.0	 84.0	0.09001	0.12976
 84.0	 86.0	0.03154	0.02747
 86.0	 88.0	0.02217	0.30897
 88.0	 90.0	0.02052	0.02789
 90.0	 92.0	0.07907	0.03842
 92.0	 94.0	0.01429	0.05090
 94.0	 96.0	0.11063	0.22380
 96.0	 98.0	0.22382	0.29004
 98.0	100.0	0.55586	0.93643
