  0.0	  1.0	0.65056	0.00411
  1.0	  2.0	0.65796	0.00405
  2.0	  3.0	0.66495	0.00392
  3.0	  4.0	0.67181	0.00385
  4.0	  5.0	0.66766	0.00371
  5.0	  6.0	0.67879	0.00377
  6.0	  7.0	0.67863	0.00373
  7.0	  8.0	0.68076	0.00371
  8.0	  9.0	0.67575	0.00363
  9.0	 10.0	0.68044	0.00370
 10.0	 11.0	0.67787	0.00369
 11.0	 12.0	0.67368	0.00371
 12.0	 13.0	0.67655	0.00374
 13.0	 14.0	0.67244	0.00376
 14.0	 15.0	0.67660	0.00376
 15.0	 16.0	0.66410	0.00378
 16.0	 17.0	0.66429	0.00379
 17.0	 18.0	0.65609	0.00379
 18.0	 19.0	0.65021	0.00378
 19.0	 20.0	0.64688	0.00383
 20.0	 21.0	0.65047	0.00393
 21.0	 22.0	0.63564	0.00386
 22.0	 23.0	0.63761	0.00395
 23.0	 24.0	0.63308	0.00400
 24.0	 25.0	0.62953	0.00407
 25.0	 26.0	0.62051	0.00404
 26.0	 27.0	0.62007	0.00412
 27.0	 28.0	0.61028	0.00416
 28.0	 29.0	0.60088	0.00425
 29.0	 30.0	0.59516	0.00427
 30.0	 31.0	0.59218	0.00436
 31.0	 32.0	0.58538	0.00440
 32.0	 33.0	0.57830	0.00451
 33.0	 34.0	0.56796	0.00460
 34.0	 35.0	0.55847	0.00464
 35.0	 36.0	0.55327	0.00476
 36.0	 37.0	0.53483	0.00476
 37.0	 38.0	0.53273	0.00497
 38.0	 39.0	0.52882	0.00509
 39.0	 40.0	0.50462	0.00515
 40.0	 41.0	0.51084	0.00534
 41.0	 42.0	0.48665	0.00539
 42.0	 43.0	0.47212	0.00544
 43.0	 44.0	0.46295	0.00572
 44.0	 45.0	0.45706	0.00588
 45.0	 46.0	0.44731	0.00609
 46.0	 47.0	0.42699	0.00619
 47.0	 48.0	0.42094	0.00648
 48.0	 49.0	0.40919	0.00675
 49.0	 50.0	0.38838	0.00676
 50.0	 51.0	0.38962	0.00736
 51.0	 52.0	0.35104	0.00704
 52.0	 53.0	0.35337	0.00789
 53.0	 54.0	0.33068	0.00809
 54.0	 55.0	0.31731	0.00870
 55.0	 56.0	0.31082	0.00929
 56.0	 57.0	0.28545	0.00916
 57.0	 58.0	0.26342	0.00921
 58.0	 59.0	0.27318	0.01107
 59.0	 60.0	0.23288	0.01121
 60.0	 61.0	0.22635	0.01202
 61.0	 62.0	0.21830	0.01160
 62.0	 63.0	0.19411	0.01334
 63.0	 64.0	0.18268	0.01375
 64.0	 65.0	0.17669	0.01358
 65.0	 66.0	0.13680	0.01499
 66.0	 67.0	0.15889	0.01990
 67.0	 68.0	0.11030	0.01729
 68.0	 69.0	0.10614	0.02460
 69.0	 70.0	0.06213	0.01958
 70.0	 71.0	0.12332	0.04321
 71.0	 72.0	0.09570	0.02907
 72.0	 73.0	0.08055	0.02685
 73.0	 74.0	0.09538	0.03610
 74.0	 75.0	0.03322	0.03209
 75.0	 76.0	0.05818	0.14964
 76.0	 77.0	0.03045	0.01847
 77.0	 78.0	0.02665	0.04607
 78.0	 79.0	0.06009	0.15378
 79.0	 80.0	0.02056	0.03067
 80.0	 81.0	0.05137	1.96391
 81.0	 82.0	0.17849	1.19323
 82.0	 83.0	0.10672	0.08482
 83.0	 84.0	0.12492	0.36737
 84.0	 85.0	0.02049	0.03884
 85.0	 86.0	0.04929	0.05511
 86.0	 87.0	0.03108	0.15660
 87.0	 88.0	0.00958	0.08545
 88.0	 89.0	0.03607	0.05182
 89.0	 90.0	0.01761	0.03750
 90.0	 91.0	0.01573	0.28568
 91.0	 92.0	0.10808	0.04208
 92.0	 93.0	0.00669	0.08428
 93.0	 94.0	0.15852	0.50975
 94.0	 95.0	0.05787	0.06171
 95.0	 96.0	0.00624	0.10597
 96.0	 97.0	0.10104	0.08812
 97.0	 98.0	0.15988	0.13502
 98.0	 99.0	0.36412	0.89059
 99.0	100.0	0.98956	3.09447
