  0.0	  5.0	0.58963	0.00131
  5.0	 10.0	0.76861	0.00081
 10.0	 15.0	0.83690	0.00062
 15.0	 20.0	0.86180	0.00054
 20.0	 25.0	0.86835	0.00052
 25.0	 30.0	0.86292	0.00052
 30.0	 35.0	0.84743	0.00057
 35.0	 40.0	0.82184	0.00063
 40.0	 45.0	0.78343	0.00072
 45.0	 50.0	0.73284	0.00085
 50.0	 55.0	0.66651	0.00100
 55.0	 60.0	0.58468	0.00121
 60.0	 65.0	0.49087	0.00149
 65.0	 70.0	0.38584	0.00190
 70.0	 75.0	0.28268	0.00252
 75.0	 80.0	0.19445	0.00365
 80.0	 85.0	0.11213	0.00533
 85.0	 90.0	0.07410	0.00859
 90.0	 95.0	0.07913	0.02435
 95.0	100.0	0.02436	0.17927
