  0.0	  1.0	0.47585	0.00374
  1.0	  2.0	0.53336	0.00339
  2.0	  3.0	0.59099	0.00294
  3.0	  4.0	0.63960	0.00259
  4.0	  5.0	0.68493	0.00234
  5.0	  6.0	0.72087	0.00212
  6.0	  7.0	0.74892	0.00194
  7.0	  8.0	0.77183	0.00179
  8.0	  9.0	0.79179	0.00167
  9.0	 10.0	0.80642	0.00157
 10.0	 11.0	0.81744	0.00150
 11.0	 12.0	0.83073	0.00143
 12.0	 13.0	0.83935	0.00136
 13.0	 14.0	0.84502	0.00132
 14.0	 15.0	0.85149	0.00128
 15.0	 16.0	0.85504	0.00125
 16.0	 17.0	0.86057	0.00122
 17.0	 18.0	0.86318	0.00120
 18.0	 19.0	0.86341	0.00118
 19.0	 20.0	0.86675	0.00115
 20.0	 21.0	0.86699	0.00117
 21.0	 22.0	0.86897	0.00115
 22.0	 23.0	0.86940	0.00115
 23.0	 24.0	0.86880	0.00115
 24.0	 25.0	0.86760	0.00114
 25.0	 26.0	0.86658	0.00115
 26.0	 27.0	0.86594	0.00115
 27.0	 28.0	0.86200	0.00117
 28.0	 29.0	0.86090	0.00118
 29.0	 30.0	0.85915	0.00120
 30.0	 31.0	0.85351	0.00122
 31.0	 32.0	0.85133	0.00124
 32.0	 33.0	0.84796	0.00126
 33.0	 34.0	0.84323	0.00128
 34.0	 35.0	0.84108	0.00131
 35.0	 36.0	0.83291	0.00134
 36.0	 37.0	0.82924	0.00137
 37.0	 38.0	0.82239	0.00141
 38.0	 39.0	0.81547	0.00144
 39.0	 40.0	0.80897	0.00148
 40.0	 41.0	0.80215	0.00152
 41.0	 42.0	0.79024	0.00157
 42.0	 43.0	0.78348	0.00161
 43.0	 44.0	0.77565	0.00167
 44.0	 45.0	0.76513	0.00171
 45.0	 46.0	0.75550	0.00178
 46.0	 47.0	0.74346	0.00183
 47.0	 48.0	0.73789	0.00188
 48.0	 49.0	0.72051	0.00196
 49.0	 50.0	0.70590	0.00201
 50.0	 51.0	0.69298	0.00208
 51.0	 52.0	0.68154	0.00216
 52.0	 53.0	0.66648	0.00224
 53.0	 54.0	0.65166	0.00230
 54.0	 55.0	0.63843	0.00240
 55.0	 56.0	0.61827	0.00250
 56.0	 57.0	0.60404	0.00259
 57.0	 58.0	0.58621	0.00270
 58.0	 59.0	0.56482	0.00279
 59.0	 60.0	0.54707	0.00293
 60.0	 61.0	0.52618	0.00302
 61.0	 62.0	0.51019	0.00318
 62.0	 63.0	0.48954	0.00334
 63.0	 64.0	0.47197	0.00352
 64.0	 65.0	0.45301	0.00365
 65.0	 66.0	0.42862	0.00385
 66.0	 67.0	0.40105	0.00399
 67.0	 68.0	0.38325	0.00426
 68.0	 69.0	0.36420	0.00451
 69.0	 70.0	0.34674	0.00480
 70.0	 71.0	0.32125	0.00501
 71.0	 72.0	0.30598	0.00537
 72.0	 73.0	0.27433	0.00553
 73.0	 74.0	0.25798	0.00610
 74.0	 75.0	0.24740	0.00645
 75.0	 76.0	0.22793	0.00713
 76.0	 77.0	0.20961	0.00778
 77.0	 78.0	0.19602	0.00827
 78.0	 79.0	0.17770	0.00856
 79.0	 80.0	0.15161	0.00975
 80.0	 81.0	0.14252	0.01056
 81.0	 82.0	0.13459	0.01155
 82.0	 83.0	0.09280	0.01176
 83.0	 84.0	0.10172	0.01610
 84.0	 85.0	0.07848	0.01169
 85.0	 86.0	0.09515	0.01744
 86.0	 87.0	0.09266	0.01820
 87.0	 88.0	0.08336	0.02057
 88.0	 89.0	0.04430	0.02574
 89.0	 90.0	0.01774	0.02635
 90.0	 91.0	0.10579	0.03718
 91.0	 92.0	0.22900	0.58621
 92.0	 93.0	0.06529	0.07738
 93.0	 94.0	0.02878	0.03467
 94.0	 95.0	0.06472	0.05991
 95.0	 96.0	0.12864	0.17239
 96.0	 97.0	0.05441	0.06462
 97.0	 98.0	0.19923	0.58048
 98.0	 99.0	0.51889	1.66909
 99.0	100.0	0.31837	0.72422
