  0.0	  2.0	0.50535	0.00251
  2.0	  4.0	0.61579	0.00195
  4.0	  6.0	0.70314	0.00158
  6.0	  8.0	0.76047	0.00132
  8.0	 10.0	0.79914	0.00115
 10.0	 12.0	0.82413	0.00104
 12.0	 14.0	0.84218	0.00095
 14.0	 16.0	0.85327	0.00089
 16.0	 18.0	0.86188	0.00086
 18.0	 20.0	0.86509	0.00082
 20.0	 22.0	0.86798	0.00082
 22.0	 24.0	0.86910	0.00081
 24.0	 26.0	0.86709	0.00081
 26.0	 28.0	0.86397	0.00082
 28.0	 30.0	0.86002	0.00084
 30.0	 32.0	0.85242	0.00087
 32.0	 34.0	0.84561	0.00090
 34.0	 36.0	0.83702	0.00094
 36.0	 38.0	0.82583	0.00098
 38.0	 40.0	0.81223	0.00103
 40.0	 42.0	0.79624	0.00109
 42.0	 44.0	0.77958	0.00116
 44.0	 46.0	0.76033	0.00123
 46.0	 48.0	0.74067	0.00131
 48.0	 50.0	0.71324	0.00141
 50.0	 52.0	0.68728	0.00150
 52.0	 54.0	0.65912	0.00161
 54.0	 56.0	0.62843	0.00173
 56.0	 58.0	0.59523	0.00187
 58.0	 60.0	0.55604	0.00202
 60.0	 62.0	0.51824	0.00219
 62.0	 64.0	0.48084	0.00242
 64.0	 66.0	0.44098	0.00265
 66.0	 68.0	0.39226	0.00291
 68.0	 70.0	0.35555	0.00329
 70.0	 72.0	0.31371	0.00366
 72.0	 74.0	0.26625	0.00410
 74.0	 76.0	0.23773	0.00478
 76.0	 78.0	0.20300	0.00567
 78.0	 80.0	0.16535	0.00642
 80.0	 82.0	0.13878	0.00778
 82.0	 84.0	0.09602	0.00944
 84.0	 86.0	0.08677	0.00977
 86.0	 88.0	0.08877	0.01354
 88.0	 90.0	0.03667	0.01499
 90.0	 92.0	0.11932	0.04498
 92.0	 94.0	0.01451	0.10810
 94.0	 96.0	0.01690	0.20537
 96.0	 98.0	0.04715	0.07300
 98.0	100.0	0.41718	0.91630
