  0.0	  1.0	0.50531	0.00317
  1.0	  2.0	0.51015	0.00310
  2.0	  3.0	0.51557	0.00304
  3.0	  4.0	0.52257	0.00299
  4.0	  5.0	0.53024	0.00296
  5.0	  6.0	0.52558	0.00295
  6.0	  7.0	0.52747	0.00291
  7.0	  8.0	0.52149	0.00288
  8.0	  9.0	0.52529	0.00289
  9.0	 10.0	0.51959	0.00288
 10.0	 11.0	0.52266	0.00291
 11.0	 12.0	0.52534	0.00291
 12.0	 13.0	0.52421	0.00293
 13.0	 14.0	0.51588	0.00293
 14.0	 15.0	0.51157	0.00292
 15.0	 16.0	0.51106	0.00295
 16.0	 17.0	0.50490	0.00296
 17.0	 18.0	0.49617	0.00299
 18.0	 19.0	0.49906	0.00302
 19.0	 20.0	0.49577	0.00306
 20.0	 21.0	0.48838	0.00303
 21.0	 22.0	0.48856	0.00309
 22.0	 23.0	0.47638	0.00306
 23.0	 24.0	0.47319	0.00313
 24.0	 25.0	0.46706	0.00319
 25.0	 26.0	0.47032	0.00321
 26.0	 27.0	0.46210	0.00326
 27.0	 28.0	0.45634	0.00327
 28.0	 29.0	0.44776	0.00331
 29.0	 30.0	0.44875	0.00342
 30.0	 31.0	0.43508	0.00341
 31.0	 32.0	0.43148	0.00350
 32.0	 33.0	0.42519	0.00352
 33.0	 34.0	0.41803	0.00363
 34.0	 35.0	0.41267	0.00367
 35.0	 36.0	0.39981	0.00370
 36.0	 37.0	0.39539	0.00382
 37.0	 38.0	0.38022	0.00385
 38.0	 39.0	0.38175	0.00397
 39.0	 40.0	0.37552	0.00413
 40.0	 41.0	0.35883	0.00409
 41.0	 42.0	0.34942	0.00429
 42.0	 43.0	0.34019	0.00433
 43.0	 44.0	0.32211	0.00441
 44.0	 45.0	0.32611	0.00460
 45.0	 46.0	0.31654	0.00482
 46.0	 47.0	0.30437	0.00497
 47.0	 48.0	0.28947	0.00509
 48.0	 49.0	0.28130	0.00521
 49.0	 50.0	0.27258	0.00548
 50.0	 51.0	0.26498	0.00577
 51.0	 52.0	0.24583	0.00591
 52.0	 53.0	0.24128	0.00616
 53.0	 54.0	0.22536	0.00640
 54.0	 55.0	0.21160	0.00681
 55.0	 56.0	0.20664	0.00684
 56.0	 57.0	0.20443	0.00773
 57.0	 58.0	0.18331	0.00774
 58.0	 59.0	0.17230	0.00880
 59.0	 60.0	0.17341	0.00893
 60.0	 61.0	0.17737	0.01115
 61.0	 62.0	0.14156	0.01008
 62.0	 63.0	0.13548	0.01119
 63.0	 64.0	0.14242	0.01467
 64.0	 65.0	0.11333	0.01230
 65.0	 66.0	0.10688	0.01358
 66.0	 67.0	0.07359	0.01401
 67.0	 68.0	0.07749	0.01965
 68.0	 69.0	0.08241	0.01895
 69.0	 70.0	0.03244	0.04401
 70.0	 71.0	0.05649	0.02767
 71.0	 72.0	0.07353	0.02474
 72.0	 73.0	0.01746	0.03048
 73.0	 74.0	0.02054	0.05044
 74.0	 75.0	0.04496	0.06192
 75.0	 76.0	0.05760	0.10952
 76.0	 77.0	0.09991	0.06322
 77.0	 78.0	0.06490	0.14640
 78.0	 79.0	0.07004	0.08049
 79.0	 80.0	0.05121	0.05029
 80.0	 81.0	0.03699	0.04555
 81.0	 82.0	0.03292	0.04996
 82.0	 83.0	0.01317	0.08844
 83.0	 84.0	0.09739	0.45247
 84.0	 85.0	0.01311	0.03000
 85.0	 86.0	0.01924	0.12982
 86.0	 87.0	0.01729	0.03505
 87.0	 88.0	0.04580	0.07899
 88.0	 89.0	0.04981	0.06957
 89.0	 90.0	0.01512	0.04364
 90.0	 91.0	0.07142	1.31121
 91.0	 92.0	0.02312	0.08059
 92.0	 93.0	0.01822	0.33791
 93.0	 94.0	0.20520	2.04478
 94.0	 95.0	0.04000	0.13435
 95.0	 96.0	0.06280	0.08574
 96.0	 97.0	0.18946	0.60103
 97.0	 98.0	0.01177	0.54917
 98.0	 99.0	0.21612	0.24250
 99.0	100.0	0.44129	0.59575
