  0.0	  5.0	0.51685	0.00136
  5.0	 10.0	0.52387	0.00130
 10.0	 15.0	0.51994	0.00131
 15.0	 20.0	0.50142	0.00134
 20.0	 25.0	0.47876	0.00139
 25.0	 30.0	0.45713	0.00147
 30.0	 35.0	0.42458	0.00159
 35.0	 40.0	0.38661	0.00174
 40.0	 45.0	0.33960	0.00194
 45.0	 50.0	0.29326	0.00228
 50.0	 55.0	0.23848	0.00276
 55.0	 60.0	0.18862	0.00353
 60.0	 65.0	0.14261	0.00520
 65.0	 70.0	0.08009	0.00759
 70.0	 75.0	0.04517	0.01255
 75.0	 80.0	0.05979	0.04818
 80.0	 85.0	0.01017	0.01642
 85.0	 90.0	0.02830	0.02961
 90.0	 95.0	0.01863	0.05349
 95.0	100.0	0.04378	0.09808
