  0.0	  2.0	0.50775	0.00222
  2.0	  4.0	0.51909	0.00213
  4.0	  6.0	0.52791	0.00209
  6.0	  8.0	0.52447	0.00205
  8.0	 10.0	0.52244	0.00204
 10.0	 12.0	0.52400	0.00206
 12.0	 14.0	0.52006	0.00207
 14.0	 16.0	0.51131	0.00207
 16.0	 18.0	0.50054	0.00210
 18.0	 20.0	0.49742	0.00215
 20.0	 22.0	0.48846	0.00217
 22.0	 24.0	0.47479	0.00219
 24.0	 26.0	0.46868	0.00226
 26.0	 28.0	0.45923	0.00231
 28.0	 30.0	0.44822	0.00238
 30.0	 32.0	0.43331	0.00244
 32.0	 34.0	0.42163	0.00253
 34.0	 36.0	0.40629	0.00260
 36.0	 38.0	0.38785	0.00271
 38.0	 40.0	0.37866	0.00286
 40.0	 42.0	0.35421	0.00296
 42.0	 44.0	0.33127	0.00309
 44.0	 46.0	0.32136	0.00333
 46.0	 48.0	0.29698	0.00356
 48.0	 50.0	0.27697	0.00378
 50.0	 52.0	0.25556	0.00413
 52.0	 54.0	0.23345	0.00444
 54.0	 56.0	0.20921	0.00482
 56.0	 58.0	0.19402	0.00547
 58.0	 60.0	0.17288	0.00627
 60.0	 62.0	0.15940	0.00749
 62.0	 64.0	0.13839	0.00892
 64.0	 66.0	0.11071	0.00907
 66.0	 68.0	0.07721	0.01142
 68.0	 70.0	0.06544	0.01552
 70.0	 72.0	0.06597	0.01842
 72.0	 74.0	0.01556	0.03137
 74.0	 76.0	0.11938	0.40309
 76.0	 78.0	0.10631	0.11652
 78.0	 80.0	0.00090	0.10857
 80.0	 82.0	0.02186	0.03667
 82.0	 84.0	0.01035	0.11385
 84.0	 86.0	0.00814	0.03809
 86.0	 88.0	0.00818	0.11734
 88.0	 90.0	0.09639	1.71299
 90.0	 92.0	0.02573	0.06581
 92.0	 94.0	0.09686	0.81930
 94.0	 96.0	0.05148	0.07190
 96.0	 98.0	0.09663	0.20291
 98.0	100.0	0.31979	0.44243
