  0.0	  1.0	0.48435	0.00381
  1.0	  2.0	0.52818	0.00335
  2.0	  3.0	0.59049	0.00294
  3.0	  4.0	0.64196	0.00260
  4.0	  5.0	0.68276	0.00233
  5.0	  6.0	0.71932	0.00212
  6.0	  7.0	0.74952	0.00194
  7.0	  8.0	0.77518	0.00180
  8.0	  9.0	0.79151	0.00167
  9.0	 10.0	0.80863	0.00157
 10.0	 11.0	0.82123	0.00150
 11.0	 12.0	0.83049	0.00143
 12.0	 13.0	0.84099	0.00136
 13.0	 14.0	0.84872	0.00133
 14.0	 15.0	0.85280	0.00128
 15.0	 16.0	0.85812	0.00125
 16.0	 17.0	0.85982	0.00122
 17.0	 18.0	0.86187	0.00120
 18.0	 19.0	0.86679	0.00119
 19.0	 20.0	0.87031	0.00116
 20.0	 21.0	0.86902	0.00117
 21.0	 22.0	0.86971	0.00115
 22.0	 23.0	0.86830	0.00115
 23.0	 24.0	0.87007	0.00115
 24.0	 25.0	0.86929	0.00114
 25.0	 26.0	0.86859	0.00115
 26.0	 27.0	0.86742	0.00115
 27.0	 28.0	0.86544	0.00118
 28.0	 29.0	0.86141	0.00118
 29.0	 30.0	0.85896	0.00120
 30.0	 31.0	0.85543	0.00123
 31.0	 32.0	0.85233	0.00124
 32.0	 33.0	0.84935	0.00126
 33.0	 34.0	0.84607	0.00129
 34.0	 35.0	0.84025	0.00131
 35.0	 36.0	0.83643	0.00134
 36.0	 37.0	0.83096	0.00137
 37.0	 38.0	0.82357	0.00141
 38.0	 39.0	0.82014	0.00145
 39.0	 40.0	0.81124	0.00149
 40.0	 41.0	0.80340	0.00152
 41.0	 42.0	0.79483	0.00158
 42.0	 43.0	0.78809	0.00162
 43.0	 44.0	0.77342	0.00166
 44.0	 45.0	0.76920	0.00172
 45.0	 46.0	0.75828	0.00178
 46.0	 47.0	0.74703	0.00184
 47.0	 48.0	0.73759	0.00188
 48.0	 49.0	0.72381	0.00197
 49.0	 50.0	0.71076	0.00203
 50.0	 51.0	0.69972	0.00210
 51.0	 52.0	0.68475	0.00217
 52.0	 53.0	0.66912	0.00225
 53.0	 54.0	0.66017	0.00233
 54.0	 55.0	0.63760	0.00240
 55.0	 56.0	0.62014	0.00251
 56.0	 57.0	0.60521	0.00260
 57.0	 58.0	0.58976	0.00272
 58.0	 59.0	0.57132	0.00282
 59.0	 60.0	0.55294	0.00296
 60.0	 61.0	0.53141	0.00305
 61.0	 62.0	0.51126	0.00318
 62.0	 63.0	0.48641	0.00332
 63.0	 64.0	0.47039	0.00351
 64.0	 65.0	0.45590	0.00367
 65.0	 66.0	0.43106	0.00387
 66.0	 67.0	0.41008	0.00408
 67.0	 68.0	0.38854	0.00432
 68.0	 69.0	0.36735	0.00454
 69.0	 70.0	0.34561	0.00479
 70.0	 71.0	0.31831	0.00496
 71.0	 72.0	0.30440	0.00534
 72.0	 73.0	0.28970	0.00584
 73.0	 74.0	0.26572	0.00629
 74.0	 75.0	0.24262	0.00633
 75.0	 76.0	0.20835	0.00652
 76.0	 77.0	0.19206	0.00713
 77.0	 78.0	0.18963	0.00800
 78.0	 79.0	0.17509	0.00843
 79.0	 80.0	0.13601	0.00875
 80.0	 81.0	0.13126	0.00973
 81.0	 82.0	0.13234	0.01136
 82.0	 83.0	0.10505	0.01332
 83.0	 84.0	0.09068	0.01435
 84.0	 85.0	0.12401	0.01848
 85.0	 86.0	0.07260	0.01331
 86.0	 87.0	0.09569	0.01880
 87.0	 88.0	0.07361	0.01817
 88.0	 89.0	0.04867	0.02828
 89.0	 90.0	0.15472	0.22975
 90.0	 91.0	0.05864	0.02061
 91.0	 92.0	0.01860	0.04761
 92.0	 93.0	0.02216	0.02626
 93.0	 94.0	0.07803	0.09401
 94.0	 95.0	0.04120	0.03813
 95.0	 96.0	0.03213	0.04306
 96.0	 97.0	0.08346	0.09913
 97.0	 98.0	0.12341	0.35958
 98.0	 99.0	0.05899	0.18973
 99.0	100.0	0.08642	0.19659
