  0.0	  2.0	0.50667	0.00252
  2.0	  4.0	0.61679	0.00195
  4.0	  6.0	0.70129	0.00157
  6.0	  8.0	0.76247	0.00132
  8.0	 10.0	0.80013	0.00115
 10.0	 12.0	0.82589	0.00104
 12.0	 14.0	0.84485	0.00095
 14.0	 16.0	0.85546	0.00090
 16.0	 18.0	0.86085	0.00086
 18.0	 20.0	0.86856	0.00083
 20.0	 22.0	0.86937	0.00082
 22.0	 24.0	0.86918	0.00081
 24.0	 26.0	0.86894	0.00081
 26.0	 28.0	0.86643	0.00082
 28.0	 30.0	0.86019	0.00084
 30.0	 32.0	0.85389	0.00087
 32.0	 34.0	0.84772	0.00090
 34.0	 36.0	0.83835	0.00094
 36.0	 38.0	0.82728	0.00098
 38.0	 40.0	0.81571	0.00104
 40.0	 42.0	0.79914	0.00110
 42.0	 44.0	0.78078	0.00116
 44.0	 46.0	0.76376	0.00124
 46.0	 48.0	0.74231	0.00131
 48.0	 50.0	0.71731	0.00141
 50.0	 52.0	0.69227	0.00151
 52.0	 54.0	0.66467	0.00162
 54.0	 56.0	0.62893	0.00174
 56.0	 58.0	0.59757	0.00188
 58.0	 60.0	0.56223	0.00204
 60.0	 62.0	0.52143	0.00220
 62.0	 64.0	0.47847	0.00241
 64.0	 66.0	0.44365	0.00266
 66.0	 68.0	0.39948	0.00297
 68.0	 70.0	0.35662	0.00330
 70.0	 72.0	0.31142	0.00364
 72.0	 74.0	0.27797	0.00428
 74.0	 76.0	0.22562	0.00454
 76.0	 78.0	0.19070	0.00532
 78.0	 80.0	0.15610	0.00606
 80.0	 82.0	0.13158	0.00738
 82.0	 84.0	0.09887	0.00972
 84.0	 86.0	0.09602	0.01082
 86.0	 88.0	0.08514	0.01299
 88.0	 90.0	0.06653	0.02720
 90.0	 92.0	0.04434	0.01671
 92.0	 94.0	0.01038	0.07729
 94.0	 96.0	0.00799	0.09713
 96.0	 98.0	0.09102	0.14092
 98.0	100.0	0.06005	0.13189
