  0.0	  5.0	0.58998	0.00131
  5.0	 10.0	0.76952	0.00081
 10.0	 15.0	0.83893	0.00062
 15.0	 20.0	0.86339	0.00054
 20.0	 25.0	0.86928	0.00052
 25.0	 30.0	0.86438	0.00052
 30.0	 35.0	0.84870	0.00057
 35.0	 40.0	0.82451	0.00063
 40.0	 45.0	0.78588	0.00072
 45.0	 50.0	0.73567	0.00085
 50.0	 55.0	0.67060	0.00101
 55.0	 60.0	0.58839	0.00121
 60.0	 65.0	0.49182	0.00149
 65.0	 70.0	0.38973	0.00192
 70.0	 75.0	0.28528	0.00254
 75.0	 80.0	0.18162	0.00341
 80.0	 85.0	0.11773	0.00560
 85.0	 90.0	0.07570	0.00877
 90.0	 95.0	0.03939	0.01212
 95.0	100.0	0.01132	0.08331
