  0.0	  5.0	0.52069	0.00137
  5.0	 10.0	0.52888	0.00131
 10.0	 15.0	0.52066	0.00131
 15.0	 20.0	0.50539	0.00135
 20.0	 25.0	0.48881	0.00141
 25.0	 30.0	0.46002	0.00148
 30.0	 35.0	0.42684	0.00159
 35.0	 40.0	0.38877	0.00175
 40.0	 45.0	0.34672	0.00198
 45.0	 50.0	0.29336	0.00228
 50.0	 55.0	0.23563	0.00273
 55.0	 60.0	0.18505	0.00346
 60.0	 65.0	0.12720	0.00464
 65.0	 70.0	0.07008	0.00665
 70.0	 75.0	0.05507	0.01530
 75.0	 80.0	0.02327	0.01875
 80.0	 85.0	0.03522	0.05683
 85.0	 90.0	0.01984	0.02075
 90.0	 95.0	0.01783	0.05121
 95.0	100.0	0.03354	0.07515
