  0.0	  2.0	0.51253	0.00224
  2.0	  4.0	0.52515	0.00216
  4.0	  6.0	0.52627	0.00208
  6.0	  8.0	0.53052	0.00207
  8.0	 10.0	0.52936	0.00207
 10.0	 12.0	0.52310	0.00205
 12.0	 14.0	0.51900	0.00207
 14.0	 16.0	0.51697	0.00210
 16.0	 18.0	0.50644	0.00213
 18.0	 20.0	0.49954	0.00216
 20.0	 22.0	0.49498	0.00219
 22.0	 24.0	0.48962	0.00226
 24.0	 26.0	0.47396	0.00229
 26.0	 28.0	0.46330	0.00233
 28.0	 30.0	0.44986	0.00239
 30.0	 32.0	0.43582	0.00246
 32.0	 34.0	0.42592	0.00256
 34.0	 36.0	0.40966	0.00263
 36.0	 38.0	0.39358	0.00275
 38.0	 40.0	0.37337	0.00282
 40.0	 42.0	0.35988	0.00301
 42.0	 44.0	0.34331	0.00320
 44.0	 46.0	0.32118	0.00333
 46.0	 48.0	0.29840	0.00357
 48.0	 50.0	0.27599	0.00376
 50.0	 52.0	0.25152	0.00406
 52.0	 54.0	0.23037	0.00438
 54.0	 56.0	0.21619	0.00498
 56.0	 58.0	0.18865	0.00532
 58.0	 60.0	0.16109	0.00584
 60.0	 62.0	0.14193	0.00667
 62.0	 64.0	0.11605	0.00748
 64.0	 66.0	0.10484	0.00859
 66.0	 68.0	0.07448	0.01102
 68.0	 70.0	0.05099	0.01210
 70.0	 72.0	0.04923	0.01375
 72.0	 74.0	0.11839	0.23863
 74.0	 76.0	0.01262	0.04262
 76.0	 78.0	0.02738	0.03001
 78.0	 80.0	0.19692	23.80623
 80.0	 82.0	0.06627	0.11114
 82.0	 84.0	0.00620	0.06821
 84.0	 86.0	0.07469	0.34952
 86.0	 88.0	0.00661	0.09488
 88.0	 90.0	0.00293	0.05200
 90.0	 92.0	0.08333	0.21311
 92.0	 94.0	0.01321	0.11173
 94.0	 96.0	0.06714	0.09377
 96.0	 98.0	0.04770	0.10016
 98.0	100.0	0.07600	0.10515
