  0.0	  1.0	0.51203	0.00321
  1.0	  2.0	0.51306	0.00312
  2.0	  3.0	0.52316	0.00308
  3.0	  4.0	0.52713	0.00302
  4.0	  5.0	0.52797	0.00295
  5.0	  6.0	0.52458	0.00295
  6.0	  7.0	0.53032	0.00293
  7.0	  8.0	0.53070	0.00293
  8.0	  9.0	0.52985	0.00291
  9.0	 10.0	0.52888	0.00293
 10.0	 11.0	0.52429	0.00292
 11.0	 12.0	0.52191	0.00289
 12.0	 13.0	0.52037	0.00291
 13.0	 14.0	0.51760	0.00294
 14.0	 15.0	0.51911	0.00296
 15.0	 16.0	0.51483	0.00297
 16.0	 17.0	0.50916	0.00298
 17.0	 18.0	0.50371	0.00303
 18.0	 19.0	0.49958	0.00303
 19.0	 20.0	0.49952	0.00308
 20.0	 21.0	0.49658	0.00308
 21.0	 22.0	0.49336	0.00313
 22.0	 23.0	0.49453	0.00317
 23.0	 24.0	0.48465	0.00321
 24.0	 25.0	0.47461	0.00324
 25.0	 26.0	0.47331	0.00323
 26.0	 27.0	0.46551	0.00328
 27.0	 28.0	0.46107	0.00331
 28.0	 29.0	0.45601	0.00337
 29.0	 30.0	0.44366	0.00338
 30.0	 31.0	0.44385	0.00348
 31.0	 32.0	0.42773	0.00347
 32.0	 33.0	0.43120	0.00357
 33.0	 34.0	0.42054	0.00366
 34.0	 35.0	0.41035	0.00365
 35.0	 36.0	0.40900	0.00378
 36.0	 37.0	0.39641	0.00383
 37.0	 38.0	0.39070	0.00395
 38.0	 39.0	0.38297	0.00398
 39.0	 40.0	0.36361	0.00400
 40.0	 41.0	0.37152	0.00424
 41.0	 42.0	0.34799	0.00427
 42.0	 43.0	0.34446	0.00438
 43.0	 44.0	0.34233	0.00469
 44.0	 45.0	0.32623	0.00460
 45.0	 46.0	0.31605	0.00481
 46.0	 47.0	0.30247	0.00494
 47.0	 48.0	0.29430	0.00517
 48.0	 49.0	0.28144	0.00522
 49.0	 50.0	0.27043	0.00544
 50.0	 51.0	0.25365	0.00552
 51.0	 52.0	0.24953	0.00600
 52.0	 53.0	0.23493	0.00600
 53.0	 54.0	0.22571	0.00641
 54.0	 55.0	0.21197	0.00682
 55.0	 56.0	0.22071	0.00730
 56.0	 57.0	0.19085	0.00722
 57.0	 58.0	0.18639	0.00787
 58.0	 59.0	0.15908	0.00812
 59.0	 60.0	0.16313	0.00840
 60.0	 61.0	0.13719	0.00862
 61.0	 62.0	0.14775	0.01052
 62.0	 63.0	0.13271	0.01096
 63.0	 64.0	0.09927	0.01023
 64.0	 65.0	0.11767	0.01277
 65.0	 66.0	0.09244	0.01174
 66.0	 67.0	0.09652	0.01837
 67.0	 68.0	0.05669	0.01438
 68.0	 69.0	0.07226	0.01661
 69.0	 70.0	0.02251	0.03055
 70.0	 71.0	0.05034	0.02466
 71.0	 72.0	0.04966	0.01671
 72.0	 73.0	0.03882	0.06775
 73.0	 74.0	0.14642	0.35964
 74.0	 75.0	0.05016	0.06908
 75.0	 76.0	0.01365	0.02596
 76.0	 77.0	0.03098	0.01960
 77.0	 78.0	0.04199	0.09471
 78.0	 79.0	0.02749	0.03159
 79.0	 80.0	0.02996	0.02942
 80.0	 81.0	0.03068	0.03778
 81.0	 82.0	0.05358	0.08130
 82.0	 83.0	0.06928	0.46533
 83.0	 84.0	0.01125	0.05226
 84.0	 85.0	0.11269	0.25784
 85.0	 86.0	0.14185	0.95729
 86.0	 87.0	0.03394	0.06879
 87.0	 88.0	0.01639	0.02826
 88.0	 89.0	0.02062	0.02879
 89.0	 90.0	0.03450	0.09954
 90.0	 91.0	0.01346	0.24707
 91.0	 92.0	0.15059	0.52495
 92.0	 93.0	0.00776	0.14390
 93.0	 94.0	0.01351	0.13463
 94.0	 95.0	0.07435	0.24973
 95.0	 96.0	0.06799	0.09282
 96.0	 97.0	0.03520	0.11168
 97.0	 98.0	0.01062	0.49571
 98.0	 99.0	0.09681	0.10864
 99.0	100.0	0.12760	0.17227
