  0.0	  2.0	0.52298	0.00228
  2.0	  4.0	0.54346	0.00223
  4.0	  6.0	0.56025	0.00222
  6.0	  8.0	0.56975	0.00222
  8.0	 10.0	0.57362	0.00224
 10.0	 12.0	0.57588	0.00226
 12.0	 14.0	0.57329	0.00228
 14.0	 16.0	0.57065	0.00231
 16.0	 18.0	0.56701	0.00238
 18.0	 20.0	0.55660	0.00241
 20.0	 22.0	0.55351	0.00245
 22.0	 24.0	0.54717	0.00252
 24.0	 26.0	0.53563	0.00258
 26.0	 28.0	0.52837	0.00266
 28.0	 30.0	0.51797	0.00275
 30.0	 32.0	0.50927	0.00287
 32.0	 34.0	0.48868	0.00293
 34.0	 36.0	0.47993	0.00308
 36.0	 38.0	0.46292	0.00324
 38.0	 40.0	0.44532	0.00337
 40.0	 42.0	0.42730	0.00357
 42.0	 44.0	0.40619	0.00379
 44.0	 46.0	0.38497	0.00399
 46.0	 48.0	0.36329	0.00435
 48.0	 50.0	0.34797	0.00475
 50.0	 52.0	0.32148	0.00519
 52.0	 54.0	0.30387	0.00578
 54.0	 56.0	0.26844	0.00619
 56.0	 58.0	0.24637	0.00695
 58.0	 60.0	0.22477	0.00815
 60.0	 62.0	0.18512	0.00870
 62.0	 64.0	0.16448	0.01060
 64.0	 66.0	0.16386	0.01343
 66.0	 68.0	0.15275	0.02260
 68.0	 70.0	0.15348	0.03641
 70.0	 72.0	0.09837	0.02747
 72.0	 74.0	0.02282	0.04600
 74.0	 76.0	0.01629	0.05501
 76.0	 78.0	0.02395	0.02625
 78.0	 80.0	0.00626	0.75722
 80.0	 82.0	0.02040	0.03421
 82.0	 84.0	0.08268	0.90913
 84.0	 86.0	0.01991	0.09317
 86.0	 88.0	0.31460	4.51424
 88.0	 90.0	0.01648	0.29293
 90.0	 92.0	0.01518	0.03881
 92.0	 94.0	0.01020	0.08624
 94.0	 96.0	0.03063	0.04277
 96.0	 98.0	0.03779	0.07936
 98.0	100.0	0.11032	0.15263
