  0.0	  5.0	0.50272	0.00116
  5.0	 10.0	0.67559	0.00076
 10.0	 15.0	0.75698	0.00060
 15.0	 20.0	0.79188	0.00054
 20.0	 25.0	0.80499	0.00052
 25.0	 30.0	0.80385	0.00053
 30.0	 35.0	0.78834	0.00057
 35.0	 40.0	0.76158	0.00063
 40.0	 45.0	0.72393	0.00072
 45.0	 50.0	0.67290	0.00083
 50.0	 55.0	0.61000	0.00098
 55.0	 60.0	0.53031	0.00117
 60.0	 65.0	0.44753	0.00146
 65.0	 70.0	0.35944	0.00190
 70.0	 75.0	0.27792	0.00266
 75.0	 80.0	0.21002	0.00417
 80.0	 85.0	0.15550	0.00798
 85.0	 90.0	0.11831	0.01839
 90.0	 95.0	0.11260	0.06592
 95.0	100.0	0.37554	47.04369
