  0.0	  5.0	0.49380	0.00139
  5.0	 10.0	0.52102	0.00138
 10.0	 15.0	0.51974	0.00140
 15.0	 20.0	0.51112	0.00146
 20.0	 25.0	0.49581	0.00154
 25.0	 30.0	0.47358	0.00164
 30.0	 35.0	0.44495	0.00179
 35.0	 40.0	0.40620	0.00198
 40.0	 45.0	0.36339	0.00225
 45.0	 50.0	0.31845	0.00267
 50.0	 55.0	0.26741	0.00336
 55.0	 60.0	0.20862	0.00425
 60.0	 65.0	0.16393	0.00611
 65.0	 70.0	0.11337	0.01220
 70.0	 75.0	0.05777	0.01622
 75.0	 80.0	0.01485	0.02217
 80.0	 85.0	0.06135	0.14233
 85.0	 90.0	0.04815	0.03893
 90.0	 95.0	0.23911	1.68128
 95.0	100.0	0.01953	0.06644
