  0.0	  2.0	0.47858	0.00223
  2.0	  4.0	0.49691	0.00218
  4.0	  6.0	0.50966	0.00216
  6.0	  8.0	0.51487	0.00216
  8.0	 10.0	0.51875	0.00218
 10.0	 12.0	0.51714	0.00219
 12.0	 14.0	0.51620	0.00222
 14.0	 16.0	0.51298	0.00224
 16.0	 18.0	0.50864	0.00231
 18.0	 20.0	0.50079	0.00233
 20.0	 22.0	0.49380	0.00237
 22.0	 24.0	0.48811	0.00243
 24.0	 26.0	0.47911	0.00250
 26.0	 28.0	0.47072	0.00256
 28.0	 30.0	0.45958	0.00264
 30.0	 32.0	0.45246	0.00276
 32.0	 34.0	0.43708	0.00282
 34.0	 36.0	0.42589	0.00295
 36.0	 38.0	0.41017	0.00310
 38.0	 40.0	0.39095	0.00321
 40.0	 42.0	0.37830	0.00342
 42.0	 44.0	0.35459	0.00361
 44.0	 46.0	0.34123	0.00381
 46.0	 48.0	0.32415	0.00416
 48.0	 50.0	0.30557	0.00450
 50.0	 52.0	0.28377	0.00494
 52.0	 54.0	0.26623	0.00547
 54.0	 56.0	0.23677	0.00588
 56.0	 58.0	0.21575	0.00659
 58.0	 60.0	0.19097	0.00759
 60.0	 62.0	0.17140	0.00841
 62.0	 64.0	0.15061	0.01027
 64.0	 66.0	0.13173	0.01209
 66.0	 68.0	0.12626	0.02012
 68.0	 70.0	0.09662	0.02761
 70.0	 72.0	0.08606	0.02612
 72.0	 74.0	0.07990	0.03903
 74.0	 76.0	0.02427	0.03230
 76.0	 78.0	0.03570	0.02104
 78.0	 80.0	0.12439	1.08555
 80.0	 82.0	0.00615	0.14553
 82.0	 84.0	0.04574	0.08480
 84.0	 86.0	0.23838	1.23847
 86.0	 88.0	0.04263	0.07829
 88.0	 90.0	0.03914	0.03072
 90.0	 92.0	0.02504	0.02270
 92.0	 94.0	0.02174	0.04992
 94.0	 96.0	0.14689	0.39421
 96.0	 98.0	0.10429	0.45286
 98.0	100.0	0.09272	0.12631
