  0.0	  2.0	0.42591	0.00219
  2.0	  4.0	0.52702	0.00173
  4.0	  6.0	0.60571	0.00143
  6.0	  8.0	0.66508	0.00123
  8.0	 10.0	0.71030	0.00109
 10.0	 12.0	0.74112	0.00100
 12.0	 14.0	0.76296	0.00093
 14.0	 16.0	0.77991	0.00088
 16.0	 18.0	0.79026	0.00085
 18.0	 20.0	0.79759	0.00083
 20.0	 22.0	0.80333	0.00082
 22.0	 24.0	0.80618	0.00082
 24.0	 26.0	0.80596	0.00082
 26.0	 28.0	0.80493	0.00083
 28.0	 30.0	0.80167	0.00085
 30.0	 32.0	0.79441	0.00088
 32.0	 34.0	0.78631	0.00091
 34.0	 36.0	0.77797	0.00094
 36.0	 38.0	0.76567	0.00098
 38.0	 40.0	0.75031	0.00103
 40.0	 42.0	0.73623	0.00109
 42.0	 44.0	0.72116	0.00115
 44.0	 46.0	0.70009	0.00121
 46.0	 48.0	0.67750	0.00129
 48.0	 50.0	0.65652	0.00138
 50.0	 52.0	0.62878	0.00147
 52.0	 54.0	0.60498	0.00157
 54.0	 56.0	0.57190	0.00169
 56.0	 58.0	0.53846	0.00182
 58.0	 60.0	0.50490	0.00197
 60.0	 62.0	0.47414	0.00216
 62.0	 64.0	0.43780	0.00237
 64.0	 66.0	0.40145	0.00259
 66.0	 68.0	0.37030	0.00294
 68.0	 70.0	0.32999	0.00329
 70.0	 72.0	0.30383	0.00381
 72.0	 74.0	0.26622	0.00442
 74.0	 76.0	0.23820	0.00518
 76.0	 78.0	0.21747	0.00632
 78.0	 80.0	0.19003	0.00785
 80.0	 82.0	0.16213	0.01001
 82.0	 84.0	0.16274	0.01578
 84.0	 86.0	0.13528	0.01877
 86.0	 88.0	0.05922	0.02524
 88.0	 90.0	0.38768	0.73578
 90.0	 92.0	0.09046	0.05465
 92.0	 94.0	0.11088	0.08126
 94.0	 96.0	0.03336	0.11116
 96.0	 98.0	0.08924	0.17237
 98.0	100.0	0.08045	0.12048
