  0.0	  1.0	0.51405	0.00323
  1.0	  2.0	0.53190	0.00323
  2.0	  3.0	0.53899	0.00317
  3.0	  4.0	0.54789	0.00314
  4.0	  5.0	0.55855	0.00312
  5.0	  6.0	0.56197	0.00316
  6.0	  7.0	0.56722	0.00313
  7.0	  8.0	0.57228	0.00316
  8.0	  9.0	0.57468	0.00316
  9.0	 10.0	0.57255	0.00318
 10.0	 11.0	0.57601	0.00320
 11.0	 12.0	0.57574	0.00319
 12.0	 13.0	0.57270	0.00320
 13.0	 14.0	0.57389	0.00326
 14.0	 15.0	0.57186	0.00326
 15.0	 16.0	0.56944	0.00328
 16.0	 17.0	0.56949	0.00334
 17.0	 18.0	0.56453	0.00340
 18.0	 19.0	0.56403	0.00342
 19.0	 20.0	0.54918	0.00339
 20.0	 21.0	0.55976	0.00347
 21.0	 22.0	0.54726	0.00347
 22.0	 23.0	0.55042	0.00353
 23.0	 24.0	0.54388	0.00360
 24.0	 25.0	0.53669	0.00366
 25.0	 26.0	0.53458	0.00364
 26.0	 27.0	0.52937	0.00373
 27.0	 28.0	0.52738	0.00378
 28.0	 29.0	0.52277	0.00387
 29.0	 30.0	0.51312	0.00391
 30.0	 31.0	0.50785	0.00398
 31.0	 32.0	0.51077	0.00414
 32.0	 33.0	0.49435	0.00410
 33.0	 34.0	0.48290	0.00420
 34.0	 35.0	0.48366	0.00430
 35.0	 36.0	0.47613	0.00440
 36.0	 37.0	0.46436	0.00449
 37.0	 38.0	0.46151	0.00467
 38.0	 39.0	0.44807	0.00465
 39.0	 40.0	0.44256	0.00487
 40.0	 41.0	0.42854	0.00489
 41.0	 42.0	0.42619	0.00523
 42.0	 43.0	0.41567	0.00529
 43.0	 44.0	0.39642	0.00543
 44.0	 45.0	0.39615	0.00559
 45.0	 46.0	0.37354	0.00569
 46.0	 47.0	0.36907	0.00603
 47.0	 48.0	0.35743	0.00628
 48.0	 49.0	0.35650	0.00661
 49.0	 50.0	0.33925	0.00682
 50.0	 51.0	0.33098	0.00721
 51.0	 52.0	0.31165	0.00749
 52.0	 53.0	0.31062	0.00793
 53.0	 54.0	0.29693	0.00844
 54.0	 55.0	0.27791	0.00894
 55.0	 56.0	0.25901	0.00857
 56.0	 57.0	0.24884	0.00941
 57.0	 58.0	0.24387	0.01030
 58.0	 59.0	0.23071	0.01178
 59.0	 60.0	0.21890	0.01127
 60.0	 61.0	0.18883	0.01187
 61.0	 62.0	0.18031	0.01284
 62.0	 63.0	0.16827	0.01389
 63.0	 64.0	0.15959	0.01644
 64.0	 65.0	0.15157	0.01646
 65.0	 66.0	0.17875	0.02271
 66.0	 67.0	0.12848	0.02446
 67.0	 68.0	0.18253	0.04630
 68.0	 69.0	0.11387	0.02618
 69.0	 70.0	0.32986	0.44760
 70.0	 71.0	0.07550	0.03699
 71.0	 72.0	0.11849	0.03987
 72.0	 73.0	0.06409	0.11186
 73.0	 74.0	0.01991	0.04891
 74.0	 75.0	0.02235	0.03079
 75.0	 76.0	0.04948	0.09408
 76.0	 77.0	0.05899	0.03733
 77.0	 78.0	0.01223	0.02759
 78.0	 79.0	0.03653	0.04198
 79.0	 80.0	0.04866	0.04779
 80.0	 81.0	0.04562	0.05617
 81.0	 82.0	0.02433	0.03691
 82.0	 83.0	0.01138	0.07647
 83.0	 84.0	0.01970	0.09153
 84.0	 85.0	0.03615	0.08271
 85.0	 86.0	0.00806	0.05439
 86.0	 87.0	0.08027	0.16269
 87.0	 88.0	0.08426	0.14533
 88.0	 89.0	0.07608	0.10625
 89.0	 90.0	0.05197	0.14994
 90.0	 91.0	0.00534	0.09801
 91.0	 92.0	0.01735	0.06047
 92.0	 93.0	0.01370	0.25414
 93.0	 94.0	0.01272	0.12676
 94.0	 95.0	0.01792	0.06020
 95.0	 96.0	0.04819	0.06579
 96.0	 97.0	0.03549	0.11258
 97.0	 98.0	0.28946	13.50786
 98.0	 99.0	0.12900	0.14475
 99.0	100.0	0.23863	0.32216
