  0.0	  2.0	0.48102	0.00224
  2.0	  4.0	0.49928	0.00218
  4.0	  6.0	0.51139	0.00217
  6.0	  8.0	0.52032	0.00217
  8.0	 10.0	0.52476	0.00218
 10.0	 12.0	0.52085	0.00220
 12.0	 14.0	0.51755	0.00222
 14.0	 16.0	0.51795	0.00225
 16.0	 18.0	0.51421	0.00231
 18.0	 20.0	0.50658	0.00234
 20.0	 22.0	0.50205	0.00239
 22.0	 24.0	0.49274	0.00244
 24.0	 26.0	0.48690	0.00251
 26.0	 28.0	0.47732	0.00257
 28.0	 30.0	0.46422	0.00265
 30.0	 32.0	0.45876	0.00277
 32.0	 34.0	0.43960	0.00283
 34.0	 36.0	0.42277	0.00295
 36.0	 38.0	0.41192	0.00311
 38.0	 40.0	0.39428	0.00322
 40.0	 42.0	0.38053	0.00343
 42.0	 44.0	0.35675	0.00361
 44.0	 46.0	0.33895	0.00380
 46.0	 48.0	0.32171	0.00415
 48.0	 50.0	0.30542	0.00451
 50.0	 52.0	0.28902	0.00498
 52.0	 54.0	0.25749	0.00541
 54.0	 56.0	0.22979	0.00583
 56.0	 58.0	0.21253	0.00655
 58.0	 60.0	0.19994	0.00773
 60.0	 62.0	0.17540	0.00849
 62.0	 64.0	0.15968	0.01044
 64.0	 66.0	0.13384	0.01223
 66.0	 68.0	0.13932	0.02132
 68.0	 70.0	0.08287	0.02432
 70.0	 72.0	0.08096	0.02475
 72.0	 74.0	0.08351	0.03993
 74.0	 76.0	0.01469	0.04850
 76.0	 78.0	0.00581	0.02413
 78.0	 80.0	0.05295	0.12321
 80.0	 82.0	0.03657	0.02808
 82.0	 84.0	0.03547	0.29359
 84.0	 86.0	0.02110	0.07433
 86.0	 88.0	0.06578	0.05680
 88.0	 90.0	0.01017	0.09183
 90.0	 92.0	0.14419	0.34140
 92.0	 94.0	0.03702	0.04818
 94.0	 96.0	0.03432	0.04625
 96.0	 98.0	0.07491	0.08148
 98.0	100.0	0.32478	0.58215
