  0.0	  1.0	0.47446	0.00316
  1.0	  2.0	0.48757	0.00317
  2.0	  3.0	0.49398	0.00311
  3.0	  4.0	0.50451	0.00307
  4.0	  5.0	0.50790	0.00304
  5.0	  6.0	0.51491	0.00308
  6.0	  7.0	0.51818	0.00306
  7.0	  8.0	0.52247	0.00309
  8.0	  9.0	0.52557	0.00308
  9.0	 10.0	0.52395	0.00310
 10.0	 11.0	0.52390	0.00312
 11.0	 12.0	0.51781	0.00310
 12.0	 13.0	0.51865	0.00311
 13.0	 14.0	0.51644	0.00317
 14.0	 15.0	0.52192	0.00318
 15.0	 16.0	0.51396	0.00319
 16.0	 17.0	0.51627	0.00324
 17.0	 18.0	0.51215	0.00330
 18.0	 19.0	0.50998	0.00332
 19.0	 20.0	0.50319	0.00331
 20.0	 21.0	0.50496	0.00337
 21.0	 22.0	0.49913	0.00338
 22.0	 23.0	0.49363	0.00342
 23.0	 24.0	0.49184	0.00349
 24.0	 25.0	0.48938	0.00356
 25.0	 26.0	0.48441	0.00353
 26.0	 27.0	0.48279	0.00362
 27.0	 28.0	0.47179	0.00365
 28.0	 29.0	0.46688	0.00373
 29.0	 30.0	0.46154	0.00378
 30.0	 31.0	0.45962	0.00385
 31.0	 32.0	0.45791	0.00399
 32.0	 33.0	0.44103	0.00394
 33.0	 34.0	0.43816	0.00407
 34.0	 35.0	0.42734	0.00413
 35.0	 36.0	0.41811	0.00421
 36.0	 37.0	0.41434	0.00432
 37.0	 38.0	0.40950	0.00448
 38.0	 39.0	0.40028	0.00447
 39.0	 40.0	0.38815	0.00465
 40.0	 41.0	0.38604	0.00471
 41.0	 42.0	0.37490	0.00499
 42.0	 43.0	0.36099	0.00502
 43.0	 44.0	0.35238	0.00520
 44.0	 45.0	0.34090	0.00529
 45.0	 46.0	0.33701	0.00548
 46.0	 47.0	0.32459	0.00575
 47.0	 48.0	0.31878	0.00602
 48.0	 49.0	0.30898	0.00625
 49.0	 50.0	0.30182	0.00651
 50.0	 51.0	0.30351	0.00696
 51.0	 52.0	0.27398	0.00714
 52.0	 53.0	0.26450	0.00745
 53.0	 54.0	0.25023	0.00787
 54.0	 55.0	0.24066	0.00844
 55.0	 56.0	0.21900	0.00807
 56.0	 57.0	0.22120	0.00899
 57.0	 58.0	0.20342	0.00958
 58.0	 59.0	0.22168	0.01155
 59.0	 60.0	0.17844	0.01038
 60.0	 61.0	0.16968	0.01127
 61.0	 62.0	0.18181	0.01289
 62.0	 63.0	0.15831	0.01354
 63.0	 64.0	0.16161	0.01635
 64.0	 65.0	0.14834	0.01634
 65.0	 66.0	0.11765	0.01846
 66.0	 67.0	0.12970	0.02439
 67.0	 68.0	0.15374	0.04060
 68.0	 69.0	0.06844	0.02170
 69.0	 70.0	0.15615	0.21599
 70.0	 71.0	0.10265	0.04477
 71.0	 72.0	0.06056	0.02842
 72.0	 73.0	0.12287	0.18082
 73.0	 74.0	0.06741	0.03477
 74.0	 75.0	0.03119	0.04917
 75.0	 76.0	0.01263	0.09487
 76.0	 77.0	0.02197	0.03470
 77.0	 78.0	0.02347	0.03074
 78.0	 79.0	0.02036	0.05409
 79.0	 80.0	0.02642	0.05172
 80.0	 81.0	0.00665	0.10559
 81.0	 82.0	0.09512	0.07693
 82.0	 83.0	0.03734	0.09219
 83.0	 84.0	0.04447	0.08495
 84.0	 85.0	0.02649	0.03529
 85.0	 86.0	0.04641	0.03357
 86.0	 87.0	0.05334	0.11436
 87.0	 88.0	0.10838	0.07623
 88.0	 89.0	0.07129	0.06990
 89.0	 90.0	0.04696	0.06065
 90.0	 91.0	0.05269	0.06155
 91.0	 92.0	0.05995	0.06053
 92.0	 93.0	0.09931	0.28315
 93.0	 94.0	0.01745	0.04468
 94.0	 95.0	0.04218	0.06159
 95.0	 96.0	0.01917	0.09297
 96.0	 97.0	0.09210	0.29648
 97.0	 98.0	0.05945	0.13443
 98.0	 99.0	0.12796	0.34675
 99.0	100.0	0.50915	0.45858
