  0.0	  2.0	0.43149	0.00220
  2.0	  4.0	0.52853	0.00173
  4.0	  6.0	0.60851	0.00143
  6.0	  8.0	0.66891	0.00123
  8.0	 10.0	0.71506	0.00109
 10.0	 12.0	0.74422	0.00100
 12.0	 14.0	0.76737	0.00093
 14.0	 16.0	0.78254	0.00088
 16.0	 18.0	0.79322	0.00085
 18.0	 20.0	0.80376	0.00083
 20.0	 22.0	0.80709	0.00082
 22.0	 24.0	0.80826	0.00082
 24.0	 26.0	0.80943	0.00082
 26.0	 28.0	0.80772	0.00083
 28.0	 30.0	0.80483	0.00085
 30.0	 32.0	0.79665	0.00088
 32.0	 34.0	0.79169	0.00090
 34.0	 36.0	0.78257	0.00094
 36.0	 38.0	0.76868	0.00098
 38.0	 40.0	0.75535	0.00103
 40.0	 42.0	0.74012	0.00109
 42.0	 44.0	0.72510	0.00115
 44.0	 46.0	0.70339	0.00121
 46.0	 48.0	0.68263	0.00129
 48.0	 50.0	0.65815	0.00138
 50.0	 52.0	0.63251	0.00147
 52.0	 54.0	0.60557	0.00157
 54.0	 56.0	0.57494	0.00169
 56.0	 58.0	0.53951	0.00182
 58.0	 60.0	0.51072	0.00198
 60.0	 62.0	0.47628	0.00217
 62.0	 64.0	0.44167	0.00238
 64.0	 66.0	0.40398	0.00260
 66.0	 68.0	0.37138	0.00295
 68.0	 70.0	0.33325	0.00330
 70.0	 72.0	0.30457	0.00381
 72.0	 74.0	0.27633	0.00447
 74.0	 76.0	0.23970	0.00521
 76.0	 78.0	0.20806	0.00618
 78.0	 80.0	0.18848	0.00793
 80.0	 82.0	0.15936	0.01000
 82.0	 84.0	0.17064	0.01702
 84.0	 86.0	0.10993	0.01764
 86.0	 88.0	0.13614	0.02210
 88.0	 90.0	0.43238	1.06442
 90.0	 92.0	0.06391	0.03182
 92.0	 94.0	0.18351	0.22018
 94.0	 96.0	0.04720	0.27977
 96.0	 98.0	0.10131	0.08789
 98.0	100.0	0.05918	0.09805
