  0.0	  1.0	0.40345	0.00329
  1.0	  2.0	0.44731	0.00294
  2.0	  3.0	0.50347	0.00259
  3.0	  4.0	0.54951	0.00232
  4.0	  5.0	0.58772	0.00211
  5.0	  6.0	0.62316	0.00193
  6.0	  7.0	0.64950	0.00179
  7.0	  8.0	0.68033	0.00167
  8.0	  9.0	0.70119	0.00158
  9.0	 10.0	0.71929	0.00150
 10.0	 11.0	0.73596	0.00144
 11.0	 12.0	0.74621	0.00138
 12.0	 13.0	0.75702	0.00134
 13.0	 14.0	0.76889	0.00130
 14.0	 15.0	0.77615	0.00126
 15.0	 16.0	0.78367	0.00124
 16.0	 17.0	0.78709	0.00121
 17.0	 18.0	0.79342	0.00119
 18.0	 19.0	0.79610	0.00119
 19.0	 20.0	0.79907	0.00116
 20.0	 21.0	0.80334	0.00117
 21.0	 22.0	0.80333	0.00116
 22.0	 23.0	0.80732	0.00115
 23.0	 24.0	0.80505	0.00116
 24.0	 25.0	0.80592	0.00116
 25.0	 26.0	0.80601	0.00116
 26.0	 27.0	0.80492	0.00117
 27.0	 28.0	0.80495	0.00118
 28.0	 29.0	0.80250	0.00120
 29.0	 30.0	0.80084	0.00121
 30.0	 31.0	0.79562	0.00123
 31.0	 32.0	0.79320	0.00125
 32.0	 33.0	0.78925	0.00127
 33.0	 34.0	0.78333	0.00129
 34.0	 35.0	0.78022	0.00131
 35.0	 36.0	0.77570	0.00135
 36.0	 37.0	0.76895	0.00137
 37.0	 38.0	0.76236	0.00141
 38.0	 39.0	0.75488	0.00143
 39.0	 40.0	0.74569	0.00148
 40.0	 41.0	0.74096	0.00151
 41.0	 42.0	0.73144	0.00157
 42.0	 43.0	0.72567	0.00160
 43.0	 44.0	0.71661	0.00165
 44.0	 45.0	0.70446	0.00169
 45.0	 46.0	0.69569	0.00174
 46.0	 47.0	0.68316	0.00180
 47.0	 48.0	0.67183	0.00184
 48.0	 49.0	0.66108	0.00191
 49.0	 50.0	0.65195	0.00198
 50.0	 51.0	0.63512	0.00204
 51.0	 52.0	0.62237	0.00211
 52.0	 53.0	0.61036	0.00219
 53.0	 54.0	0.59953	0.00225
 54.0	 55.0	0.58119	0.00234
 55.0	 56.0	0.56247	0.00244
 56.0	 57.0	0.54696	0.00252
 57.0	 58.0	0.52975	0.00262
 58.0	 59.0	0.51160	0.00273
 59.0	 60.0	0.49805	0.00285
 60.0	 61.0	0.48442	0.00300
 61.0	 62.0	0.46364	0.00312
 62.0	 63.0	0.44935	0.00330
 63.0	 64.0	0.42597	0.00342
 64.0	 65.0	0.41047	0.00355
 65.0	 66.0	0.39223	0.00378
 66.0	 67.0	0.38594	0.00407
 67.0	 68.0	0.35402	0.00426
 68.0	 69.0	0.33770	0.00452
 69.0	 70.0	0.32212	0.00479
 70.0	 71.0	0.31398	0.00527
 71.0	 72.0	0.29330	0.00550
 72.0	 73.0	0.27537	0.00601
 73.0	 74.0	0.25674	0.00650
 74.0	 75.0	0.24478	0.00691
 75.0	 76.0	0.23179	0.00783
 76.0	 77.0	0.22504	0.00884
 77.0	 78.0	0.20967	0.00904
 78.0	 79.0	0.18740	0.00987
 79.0	 80.0	0.19498	0.01292
 80.0	 81.0	0.15746	0.01377
 81.0	 82.0	0.16667	0.01466
 82.0	 83.0	0.20412	0.02622
 83.0	 84.0	0.11843	0.02012
 84.0	 85.0	0.12725	0.02413
 85.0	 86.0	0.14367	0.03090
 86.0	 87.0	0.07951	0.02669
 87.0	 88.0	0.01126	0.19547
 88.0	 89.0	0.21022	0.10181
 89.0	 90.0	0.05797	0.15274
 90.0	 91.0	0.04795	0.05386
 91.0	 92.0	0.27066	0.69973
 92.0	 93.0	0.09856	0.09635
 93.0	 94.0	0.13168	0.15644
 94.0	 95.0	0.03102	0.07540
 95.0	 96.0	0.06836	1.52087
 96.0	 97.0	0.08278	0.17303
 97.0	 98.0	0.03574	0.10418
 98.0	 99.0	0.09803	0.10757
 99.0	100.0	0.56266	1.23527
