  0.0	  5.0	0.49132	0.00139
  5.0	 10.0	0.51629	0.00137
 10.0	 15.0	0.51715	0.00140
 15.0	 20.0	0.50514	0.00146
 20.0	 25.0	0.48961	0.00153
 25.0	 30.0	0.46695	0.00163
 30.0	 35.0	0.44180	0.00178
 35.0	 40.0	0.40505	0.00197
 40.0	 45.0	0.36219	0.00225
 45.0	 50.0	0.31983	0.00267
 50.0	 55.0	0.27063	0.00337
 55.0	 60.0	0.20728	0.00424
 60.0	 65.0	0.15810	0.00602
 65.0	 70.0	0.11420	0.01225
 70.0	 75.0	0.07112	0.01735
 75.0	 80.0	0.04928	0.02307
 80.0	 85.0	0.03419	0.17774
 85.0	 90.0	0.02388	0.02103
 90.0	 95.0	0.02094	0.02668
 95.0	100.0	0.03315	0.04155
