  0.0	  1.0	0.41002	0.00331
  1.0	  2.0	0.45198	0.00295
  2.0	  3.0	0.50277	0.00259
  3.0	  4.0	0.55306	0.00232
  4.0	  5.0	0.59151	0.00211
  5.0	  6.0	0.62502	0.00193
  6.0	  7.0	0.65785	0.00179
  7.0	  8.0	0.67977	0.00168
  8.0	  9.0	0.70666	0.00158
  9.0	 10.0	0.72334	0.00150
 10.0	 11.0	0.73668	0.00145
 11.0	 12.0	0.75165	0.00138
 12.0	 13.0	0.76232	0.00133
 13.0	 14.0	0.77242	0.00129
 14.0	 15.0	0.77842	0.00126
 15.0	 16.0	0.78665	0.00123
 16.0	 17.0	0.79001	0.00121
 17.0	 18.0	0.79641	0.00119
 18.0	 19.0	0.80293	0.00118
 19.0	 20.0	0.80458	0.00116
 20.0	 21.0	0.80523	0.00116
 21.0	 22.0	0.80894	0.00115
 22.0	 23.0	0.80890	0.00115
 23.0	 24.0	0.80762	0.00115
 24.0	 25.0	0.81045	0.00115
 25.0	 26.0	0.80842	0.00116
 26.0	 27.0	0.80767	0.00116
 27.0	 28.0	0.80777	0.00118
 28.0	 29.0	0.80610	0.00119
 29.0	 30.0	0.80357	0.00120
 30.0	 31.0	0.80116	0.00122
 31.0	 32.0	0.79210	0.00125
 32.0	 33.0	0.79239	0.00126
 33.0	 34.0	0.79098	0.00129
 34.0	 35.0	0.78499	0.00130
 35.0	 36.0	0.78012	0.00134
 36.0	 37.0	0.77151	0.00137
 37.0	 38.0	0.76582	0.00141
 38.0	 39.0	0.75845	0.00143
 39.0	 40.0	0.75223	0.00147
 40.0	 41.0	0.74372	0.00151
 41.0	 42.0	0.73647	0.00157
 42.0	 43.0	0.72784	0.00159
 43.0	 44.0	0.72235	0.00165
 44.0	 45.0	0.70859	0.00169
 45.0	 46.0	0.69815	0.00174
 46.0	 47.0	0.69046	0.00180
 47.0	 48.0	0.67478	0.00184
 48.0	 49.0	0.66279	0.00191
 49.0	 50.0	0.65347	0.00198
 50.0	 51.0	0.64081	0.00204
 51.0	 52.0	0.62410	0.00211
 52.0	 53.0	0.61559	0.00219
 53.0	 54.0	0.59534	0.00225
 54.0	 55.0	0.58105	0.00234
 55.0	 56.0	0.56877	0.00244
 56.0	 57.0	0.54648	0.00252
 57.0	 58.0	0.53238	0.00262
 58.0	 59.0	0.52051	0.00274
 59.0	 60.0	0.50068	0.00286
 60.0	 61.0	0.48591	0.00300
 61.0	 62.0	0.46647	0.00313
 62.0	 63.0	0.44906	0.00330
 63.0	 64.0	0.43415	0.00344
 64.0	 65.0	0.41745	0.00357
 65.0	 66.0	0.39005	0.00378
 66.0	 67.0	0.37980	0.00405
 67.0	 68.0	0.36272	0.00429
 68.0	 69.0	0.34480	0.00455
 69.0	 70.0	0.32137	0.00478
 70.0	 71.0	0.31991	0.00531
 71.0	 72.0	0.28862	0.00548
 72.0	 73.0	0.28637	0.00609
 73.0	 74.0	0.26588	0.00657
 74.0	 75.0	0.24483	0.00693
 75.0	 76.0	0.23502	0.00790
 76.0	 77.0	0.21435	0.00857
 77.0	 78.0	0.20157	0.00893
 78.0	 79.0	0.18589	0.00980
 79.0	 80.0	0.19263	0.01334
 80.0	 81.0	0.18299	0.01438
 81.0	 82.0	0.13439	0.01391
 82.0	 83.0	0.18798	0.02491
 83.0	 84.0	0.15080	0.02355
 84.0	 85.0	0.13336	0.02692
 85.0	 86.0	0.08655	0.02319
 86.0	 87.0	0.13069	0.02843
 87.0	 88.0	0.14297	0.03527
 88.0	 89.0	0.21338	0.25708
 89.0	 90.0	0.21930	0.15485
 90.0	 91.0	0.03004	0.05913
 91.0	 92.0	0.11234	0.06043
 92.0	 93.0	0.12310	0.38521
 93.0	 94.0	0.11979	0.07846
 94.0	 95.0	0.10542	0.08890
 95.0	 96.0	0.05917	0.07047
 96.0	 97.0	0.10958	0.10930
 97.0	 98.0	0.09072	0.23259
 98.0	 99.0	0.05601	0.10102
 99.0	100.0	0.19029	0.46168
