  0.0	  2.0	0.44566	0.00222
  2.0	  4.0	0.55002	0.00174
  4.0	  6.0	0.63877	0.00143
  6.0	  8.0	0.70242	0.00122
  8.0	 10.0	0.75001	0.00108
 10.0	 12.0	0.77996	0.00098
 12.0	 14.0	0.80250	0.00090
 14.0	 16.0	0.81772	0.00086
 16.0	 18.0	0.82761	0.00082
 18.0	 20.0	0.83771	0.00080
 20.0	 22.0	0.84005	0.00079
 22.0	 24.0	0.84162	0.00079
 24.0	 26.0	0.84358	0.00079
 26.0	 28.0	0.84190	0.00080
 28.0	 30.0	0.83846	0.00082
 30.0	 32.0	0.83296	0.00085
 32.0	 34.0	0.82531	0.00088
 34.0	 36.0	0.81730	0.00091
 36.0	 38.0	0.80722	0.00096
 38.0	 40.0	0.79165	0.00101
 40.0	 42.0	0.78087	0.00107
 42.0	 44.0	0.76396	0.00114
 44.0	 46.0	0.74390	0.00121
 46.0	 48.0	0.72324	0.00128
 48.0	 50.0	0.69955	0.00138
 50.0	 52.0	0.67655	0.00147
 52.0	 54.0	0.64884	0.00158
 54.0	 56.0	0.61933	0.00171
 56.0	 58.0	0.58675	0.00184
 58.0	 60.0	0.55268	0.00201
 60.0	 62.0	0.52466	0.00222
 62.0	 64.0	0.48371	0.00244
 64.0	 66.0	0.44351	0.00266
 66.0	 68.0	0.40741	0.00302
 68.0	 70.0	0.36590	0.00338
 70.0	 72.0	0.33676	0.00393
 72.0	 74.0	0.29593	0.00456
 74.0	 76.0	0.26827	0.00540
 76.0	 78.0	0.22539	0.00629
 78.0	 80.0	0.20963	0.00814
 80.0	 82.0	0.17052	0.00956
 82.0	 84.0	0.15611	0.01535
 84.0	 86.0	0.15914	0.01793
 86.0	 88.0	0.11196	0.01708
 88.0	 90.0	0.12101	0.04947
 90.0	 92.0	0.06826	0.02573
 92.0	 94.0	0.36603	2.72650
 94.0	 96.0	0.49364	5.99738
 96.0	 98.0	0.05656	0.08757
 98.0	100.0	0.08219	0.18052
