  0.0	  5.0	0.52645	0.00117
  5.0	 10.0	0.71333	0.00075
 10.0	 15.0	0.79620	0.00059
 15.0	 20.0	0.83014	0.00052
 20.0	 25.0	0.84144	0.00050
 25.0	 30.0	0.84081	0.00051
 30.0	 35.0	0.82710	0.00055
 35.0	 40.0	0.80272	0.00062
 40.0	 45.0	0.76811	0.00071
 45.0	 50.0	0.71670	0.00083
 50.0	 55.0	0.65598	0.00098
 55.0	 60.0	0.57837	0.00119
 60.0	 65.0	0.49485	0.00150
 65.0	 70.0	0.39681	0.00195
 70.0	 75.0	0.30917	0.00275
 75.0	 80.0	0.22660	0.00425
 80.0	 85.0	0.16028	0.00762
 85.0	 90.0	0.12766	0.01479
 90.0	 95.0	0.08912	0.02742
 95.0	100.0	0.31497	2.31751
