  0.0	  5.0	0.53843	0.00142
  5.0	 10.0	0.56975	0.00141
 10.0	 15.0	0.57404	0.00144
 15.0	 20.0	0.56336	0.00150
 20.0	 25.0	0.54764	0.00159
 25.0	 30.0	0.52549	0.00169
 30.0	 35.0	0.49601	0.00185
 35.0	 40.0	0.45867	0.00206
 40.0	 45.0	0.41280	0.00236
 45.0	 50.0	0.35924	0.00279
 50.0	 55.0	0.30609	0.00355
 55.0	 60.0	0.24053	0.00450
 60.0	 65.0	0.17069	0.00622
 65.0	 70.0	0.15679	0.01487
 70.0	 75.0	0.05879	0.01633
 75.0	 80.0	0.02662	0.02145
 80.0	 85.0	0.04318	0.06967
 85.0	 90.0	0.05616	0.05875
 90.0	 95.0	0.02632	0.07558
 95.0	100.0	0.04302	0.09639
