  0.0	  1.0	0.47386	0.00316
  1.0	  2.0	0.48329	0.00316
  2.0	  3.0	0.49507	0.00311
  3.0	  4.0	0.49873	0.00306
  4.0	  5.0	0.50514	0.00303
  5.0	  6.0	0.51422	0.00308
  6.0	  7.0	0.51294	0.00305
  7.0	  8.0	0.51681	0.00307
  8.0	  9.0	0.51992	0.00307
  9.0	 10.0	0.51757	0.00309
 10.0	 11.0	0.52044	0.00311
 11.0	 12.0	0.51386	0.00309
 12.0	 13.0	0.51542	0.00311
 13.0	 14.0	0.51700	0.00317
 14.0	 15.0	0.51912	0.00317
 15.0	 16.0	0.50681	0.00318
 16.0	 17.0	0.50838	0.00323
 17.0	 18.0	0.50892	0.00329
 18.0	 19.0	0.50465	0.00330
 19.0	 20.0	0.49692	0.00330
 20.0	 21.0	0.49743	0.00336
 21.0	 22.0	0.49015	0.00335
 22.0	 23.0	0.49115	0.00341
 23.0	 24.0	0.48505	0.00347
 24.0	 25.0	0.48428	0.00355
 25.0	 26.0	0.47395	0.00351
 26.0	 27.0	0.47406	0.00360
 27.0	 28.0	0.46734	0.00364
 28.0	 29.0	0.46118	0.00371
 29.0	 30.0	0.45798	0.00377
 30.0	 31.0	0.45131	0.00383
 31.0	 32.0	0.45369	0.00397
 32.0	 33.0	0.44289	0.00394
 33.0	 34.0	0.43112	0.00404
 34.0	 35.0	0.42953	0.00413
 35.0	 36.0	0.42217	0.00422
 36.0	 37.0	0.41017	0.00431
 37.0	 38.0	0.41023	0.00447
 38.0	 39.0	0.39941	0.00447
 39.0	 40.0	0.38228	0.00462
 40.0	 41.0	0.37942	0.00469
 41.0	 42.0	0.37733	0.00500
 42.0	 43.0	0.36396	0.00504
 43.0	 44.0	0.34495	0.00516
 44.0	 45.0	0.34395	0.00530
 45.0	 46.0	0.33849	0.00549
 46.0	 47.0	0.32696	0.00576
 47.0	 48.0	0.32136	0.00602
 48.0	 49.0	0.31242	0.00627
 49.0	 50.0	0.29858	0.00647
 50.0	 51.0	0.28997	0.00683
 51.0	 52.0	0.27742	0.00715
 52.0	 53.0	0.27081	0.00750
 53.0	 54.0	0.26156	0.00800
 54.0	 55.0	0.25201	0.00857
 55.0	 56.0	0.22150	0.00809
 56.0	 57.0	0.22378	0.00902
 57.0	 58.0	0.20734	0.00965
 58.0	 59.0	0.21039	0.01128
 59.0	 60.0	0.17176	0.01023
 60.0	 61.0	0.17200	0.01133
 61.0	 62.0	0.17098	0.01255
 62.0	 63.0	0.15553	0.01360
 63.0	 64.0	0.14563	0.01565
 64.0	 65.0	0.14302	0.01606
 65.0	 66.0	0.11777	0.01856
 66.0	 67.0	0.13269	0.02485
 67.0	 68.0	0.11350	0.03454
 68.0	 69.0	0.07348	0.02540
 69.0	 70.0	0.19581	0.25888
 70.0	 71.0	0.06146	0.04742
 71.0	 72.0	0.09486	0.03452
 72.0	 73.0	0.14313	0.18287
 73.0	 74.0	0.04808	0.04404
 74.0	 75.0	0.03175	0.03111
 75.0	 76.0	0.05572	0.08878
 76.0	 77.0	0.05628	0.03423
 77.0	 78.0	0.01007	0.03922
 78.0	 79.0	0.03130	0.08307
 79.0	 80.0	0.01558	0.04604
 80.0	 81.0	0.01188	0.07558
 81.0	 82.0	0.02021	0.09401
 82.0	 83.0	0.04276	0.08692
 83.0	 84.0	0.06766	0.59109
 84.0	 85.0	0.05209	0.05575
 85.0	 86.0	0.07539	0.05881
 86.0	 87.0	0.10503	0.15847
 87.0	 88.0	0.04237	0.26387
 88.0	 89.0	0.04862	0.06080
 89.0	 90.0	0.01964	0.06755
 90.0	 91.0	0.00092	0.14536
 91.0	 92.0	0.04509	0.03207
 92.0	 93.0	0.02830	0.07163
 93.0	 94.0	0.03321	0.15889
 94.0	 95.0	0.05862	0.09519
 95.0	 96.0	0.04596	0.05979
 96.0	 97.0	0.11617	0.10092
 97.0	 98.0	0.12115	0.07879
 98.0	 99.0	0.10022	0.35151
 99.0	100.0	0.16979	0.14899
