  0.0	  1.0	0.42236	0.00332
  1.0	  2.0	0.46786	0.00297
  2.0	  3.0	0.52342	0.00260
  3.0	  4.0	0.57536	0.00233
  4.0	  5.0	0.61943	0.00212
  5.0	  6.0	0.65752	0.00193
  6.0	  7.0	0.68898	0.00179
  7.0	  8.0	0.71560	0.00166
  8.0	  9.0	0.73980	0.00156
  9.0	 10.0	0.76008	0.00148
 10.0	 11.0	0.77373	0.00142
 11.0	 12.0	0.78611	0.00135
 12.0	 13.0	0.79847	0.00129
 13.0	 14.0	0.80653	0.00126
 14.0	 15.0	0.81544	0.00122
 15.0	 16.0	0.82000	0.00120
 16.0	 17.0	0.82543	0.00117
 17.0	 18.0	0.82979	0.00116
 18.0	 19.0	0.83538	0.00114
 19.0	 20.0	0.84002	0.00112
 20.0	 21.0	0.83871	0.00113
 21.0	 22.0	0.84138	0.00111
 22.0	 23.0	0.84280	0.00111
 23.0	 24.0	0.84044	0.00112
 24.0	 25.0	0.84386	0.00111
 25.0	 26.0	0.84331	0.00112
 26.0	 27.0	0.84321	0.00112
 27.0	 28.0	0.84059	0.00114
 28.0	 29.0	0.84023	0.00115
 29.0	 30.0	0.83669	0.00117
 30.0	 31.0	0.83441	0.00119
 31.0	 32.0	0.83149	0.00121
 32.0	 33.0	0.82673	0.00123
 33.0	 34.0	0.82387	0.00126
 34.0	 35.0	0.81892	0.00127
 35.0	 36.0	0.81566	0.00131
 36.0	 37.0	0.81022	0.00134
 37.0	 38.0	0.80420	0.00138
 38.0	 39.0	0.79463	0.00141
 39.0	 40.0	0.78865	0.00145
 40.0	 41.0	0.78515	0.00148
 41.0	 42.0	0.77652	0.00155
 42.0	 43.0	0.76719	0.00158
 43.0	 44.0	0.76073	0.00164
 44.0	 45.0	0.75054	0.00168
 45.0	 46.0	0.73721	0.00173
 46.0	 47.0	0.72881	0.00180
 47.0	 48.0	0.71766	0.00183
 48.0	 49.0	0.70322	0.00191
 49.0	 50.0	0.69587	0.00199
 50.0	 51.0	0.68440	0.00205
 51.0	 52.0	0.66861	0.00212
 52.0	 53.0	0.65530	0.00221
 53.0	 54.0	0.64228	0.00227
 54.0	 55.0	0.62779	0.00236
 55.0	 56.0	0.61077	0.00247
 56.0	 57.0	0.59496	0.00255
 57.0	 58.0	0.57835	0.00266
 58.0	 59.0	0.56287	0.00278
 59.0	 60.0	0.54226	0.00291
 60.0	 61.0	0.53565	0.00307
 61.0	 62.0	0.51345	0.00320
 62.0	 63.0	0.49629	0.00338
 63.0	 64.0	0.47083	0.00351
 64.0	 65.0	0.45378	0.00365
 65.0	 66.0	0.43300	0.00389
 66.0	 67.0	0.41922	0.00417
 67.0	 68.0	0.39521	0.00440
 68.0	 69.0	0.37663	0.00466
 69.0	 70.0	0.35490	0.00492
 70.0	 71.0	0.35109	0.00547
 71.0	 72.0	0.32194	0.00565
 72.0	 73.0	0.30910	0.00623
 73.0	 74.0	0.28215	0.00667
 74.0	 75.0	0.27607	0.00720
 75.0	 76.0	0.26070	0.00816
 76.0	 77.0	0.23936	0.00889
 77.0	 78.0	0.21093	0.00890
 78.0	 79.0	0.21007	0.01012
 79.0	 80.0	0.21140	0.01359
 80.0	 81.0	0.18688	0.01385
 81.0	 82.0	0.15366	0.01319
 82.0	 83.0	0.18063	0.02289
 83.0	 84.0	0.12896	0.02041
 84.0	 85.0	0.14669	0.02186
 85.0	 86.0	0.16969	0.03110
 86.0	 87.0	0.10470	0.02057
 87.0	 88.0	0.12232	0.03019
 88.0	 89.0	0.17487	0.10162
 89.0	 90.0	0.04882	0.07249
 90.0	 91.0	0.08909	0.03131
 91.0	 92.0	0.02925	0.07488
 92.0	 93.0	0.12069	0.14305
 93.0	 94.0	0.06755	0.08138
 94.0	 95.0	0.11851	0.10968
 95.0	 96.0	0.07371	0.09878
 96.0	 97.0	0.10085	0.11979
 97.0	 98.0	0.01914	0.05577
 98.0	 99.0	0.05905	0.18993
 99.0	100.0	0.21614	0.49167
