  0.0	  5.0	0.50615	0.00116
  5.0	 10.0	0.67943	0.00076
 10.0	 15.0	0.76044	0.00060
 15.0	 20.0	0.79614	0.00053
 20.0	 25.0	0.80823	0.00052
 25.0	 30.0	0.80671	0.00053
 30.0	 35.0	0.79234	0.00057
 35.0	 40.0	0.76568	0.00063
 40.0	 45.0	0.72789	0.00072
 45.0	 50.0	0.67612	0.00083
 50.0	 55.0	0.61174	0.00098
 55.0	 60.0	0.53429	0.00118
 60.0	 65.0	0.45125	0.00146
 65.0	 70.0	0.36058	0.00190
 70.0	 75.0	0.28210	0.00268
 75.0	 80.0	0.20642	0.00415
 80.0	 85.0	0.15793	0.00827
 85.0	 90.0	0.13554	0.01873
 90.0	 95.0	0.07375	0.03347
 95.0	100.0	0.06921	0.18701
