qn quantile-edge systematic: relative uncertainty report
(up variation = +unc%, down variation = -unc%, symmetric by construction)

-- Fine 1%-wide centrality bins --
cent_low  cent_high  q2_unc[%]  q3_unc[%]
       0          1      1.596      2.637
       1          2      1.954      2.598
       2          3      1.158      1.905
       3          4      0.648      1.960
       4          5      1.379      3.246
       5          6      0.698      2.071
       6          7      1.326      2.582
       7          8      0.652      1.100
       8          9      0.255      1.176
       9         10      0.424      1.875
      10         11      0.791      2.640
      11         12      0.440      1.867
      12         13      0.361      1.900
      13         14      0.227      1.042
      14         15      0.400      2.939
      15         16      0.466      2.378
      16         17      0.617      1.587
      17         18      0.227      1.971
      18         19      0.466      2.202
      19         20      0.324      2.225
      20         21      0.247      3.464
      21         22      0.266      3.308
      22         23      0.176      1.668
      23         24      0.414      3.086
      24         25      0.457      2.246
      25         26      0.285      2.617
      26         27      0.128      1.173
      27         28      0.259      2.784
      28         29      0.630      1.604
      29         30      0.427      1.043
      30         31      0.567      1.448
      31         32      0.403      0.861
      32         33      0.275      1.984
      33         34      0.179      1.650
      34         35      0.425      2.591
      35         36      0.531      2.293
      36         37      0.294      1.941
      37         38      0.580      2.753
      38         39      0.718      2.246
      39         40      0.912      2.901
      40         41      0.327      3.717
      41         42      0.568      4.078
      42         43      1.007      6.260
      43         44      0.565      5.036
      44         45      0.519      4.299
      45         46      0.504      5.568
      46         47      0.485      2.022
      47         48      0.370      4.923
      48         49      1.256      3.934
      49         50      1.237      3.723

-- Envelope over physics centrality bins (worst-case 1%-subbin) --
cent_low  cent_high  q2_unc[%]  q3_unc[%]
       0         10      1.954      3.246
      10         20      0.791      2.939
      20         30      0.630      3.464
      30         40      0.912      2.901
      40         50      1.256      6.260
